2.930249440180665488e+01,2.783864821752416674e+01,2.845255460585184437e+01,2.758960903137818832e+01,2.919953674775547370e+01,2.883635596881458696e+01,2.898180369288468228e+01,2.717909390743295717e+01,2.984616121401876399e+01,2.881796778457635355e+01,2.880659104867487486e+01,2.754379837641909035e+01,2.904481295257681950e+01,2.695316404012356770e+01,2.934291337943278677e+01,2.849640683819512788e+01,2.902259488866241099e+01,2.887277315781352627e+01,2.767122596392516698e+01,2.906757566038993446e+01,2.882263129084924458e+01,2.891973974641291534e+01,2.935637844191188606e+01,3.020321118553943052e+01
2.933782110504068896e+01,2.828249949353403281e+01,2.797256692310531889e+01,2.892161692086932590e+01,2.799501380504631243e+01,2.912644067723942953e+01,2.878603525802378726e+01,2.873527755590293964e+01,2.845598092759587416e+01,2.754484522424849047e+01,2.759825619906655447e+01,2.844716823424590757e+01,2.778793333055386938e+01,2.765182306845679250e+01,2.812566272580272653e+01,2.893110495412486216e+01,2.845508941140570869e+01,2.773372602507231477e+01,2.906938772756257094e+01,2.964560557890683867e+01,2.861738920698576294e+01,2.952954076128639826e+01,2.888339606291583550e+01,2.849155938391140808e+01
2.788611016830600420e+01,2.870154994173810792e+01,2.871816339082766945e+01,2.828429970475224309e+01,2.907303844974143203e+01,2.867241346971860594e+01,2.801515745980208294e+01,2.812941480236020197e+01,2.859488208435550405e+01,2.824170080690510076e+01,2.799006192618372779e+01,2.802555864913415462e+01,2.846045111089063084e+01,2.808635067855249190e+01,2.791407383828305910e+01,2.813698706776892777e+01,2.710879479743550746e+01,2.711206507941352584e+01,2.958046002650331729e+01,2.852901548560140554e+01,2.981763696246360951e+01,2.877607008151483114e+01,2.961401375066128594e+01,2.883338032849638921e+01
2.919829885995090990e+01,2.945837430547697977e+01,2.858382528221892471e+01,2.909655291401912791e+01,2.816422719529600727e+01,2.925127878514234681e+01,2.864231306856589754e+01,3.013561298976492253e+01,2.764148834269172994e+01,2.867378614962234451e+01,2.763852410477358035e+01,2.819010613683866495e+01,2.837636626212650981e+01,2.834937676395520612e+01,2.789786364989674894e+01,2.923469687948949058e+01,2.785780671430580924e+01,2.846683260725831133e+01,2.831691308760792936e+01,2.995365909065037613e+01,2.857355357197991452e+01,2.940804042653303441e+01,2.941633037388174898e+01,2.971936765560349158e+01
2.889521564958414501e+01,2.811699806338299368e+01,2.947245831739962796e+01,2.916760735104230662e+01,2.966984896297094565e+01,2.874785815436581515e+01,3.000970771126924319e+01,2.834919348223405677e+01,2.706130651855227143e+01,2.775327511780795930e+01,2.973499341373309335e+01,2.888726212512847269e+01,2.962381772959332693e+01,2.860718178545397450e+01,2.947078094919476143e+01,2.923395174556429765e+01,2.827495486482223441e+01,2.722593495480958836e+01,2.893939726610926755e+01,2.940070955066630631e+01,2.995768320621380099e+01,2.864705940575373688e+01,2.959769636532325876e+01,2.935255919294883142e+01
2.801144443521729954e+01,2.866201820713871484e+01,2.905810475013618088e+01,2.965361209634033912e+01,2.815692958813184532e+01,2.770544680666984050e+01,2.887067584158609179e+01,2.888464609403735039e+01,2.946242183898448275e+01,2.830485026818945471e+01,2.781015165518033427e+01,2.846706218247732068e+01,2.871907641102069420e+01,2.886948700022594494e+01,2.930688939717146013e+01,2.903953718677945517e+01,2.776511673915462097e+01,2.772159119624706136e+01,2.802747357650252980e+01,2.914129668300233789e+01,2.927545419626676448e+01,3.032772054839074372e+01,2.975165988492267388e+01,2.854956121587815687e+01
2.819753258732163204e+01,2.935872499859368645e+01,2.921336376017632119e+01,2.886338504374998593e+01,2.884554997611093086e+01,2.871072531250496240e+01,2.950218350973830184e+01,2.828211841872013110e+01,2.856412262216480258e+01,2.768571942931282592e+01,2.886513453492182180e+01,2.852739846124939049e+01,2.853278455054993401e+01,2.857810609918749378e+01,2.914064489878524000e+01,2.824632831358889007e+01,2.811867572521447300e+01,2.776730316153970080e+01,2.880631600433616768e+01,2.767135739284947249e+01,2.924895112329579661e+01,2.950150486130485206e+01,2.957168328370448762e+01,2.949066286956968952e+01
2.743935232903453425e+01,2.855659397798973487e+01,2.899457968841619504e+01,3.019895733647433644e+01,2.929789409408965639e+01,2.880163333927043823e+01,2.818325383159111652e+01,2.857201056320690213e+01,2.838171213023116479e+01,2.727787663045160116e+01,2.873069866374913772e+01,2.902240730044110251e+01,2.904621668784699295e+01,2.919335487351082747e+01,2.891905272273828587e+01,2.904588434832527355e+01,2.888347440528639254e+01,2.772887209666026820e+01,2.861187629047037717e+01,2.967013542982988383e+01,2.885187981183281636e+01,2.940775370275491696e+01,2.936561171653204383e+01,3.020111642218444103e+01
2.923781889657584543e+01,2.996617671196725041e+01,2.975441619422764461e+01,2.859106703277933548e+01,2.922719921687246369e+01,2.840205592312082672e+01,2.954031667595046429e+01,2.819182159463008475e+01,2.844775638541756280e+01,2.836906403106223706e+01,2.773584159713834651e+01,2.783212102273313349e+01,2.970085567108719715e+01,2.859484929542793452e+01,2.948056166346611917e+01,2.887443979321756160e+01,2.813555506838241627e+01,2.752685369111486580e+01,2.876234290481772859e+01,2.868249940029375011e+01,3.001933217669761689e+01,2.903320789172448713e+01,2.903749197923275460e+01,2.917660413509747741e+01
2.881585301322638770e+01,2.961875784524238497e+01,2.892856663069267142e+01,2.893035554967866574e+01,2.818473173103052432e+01,2.903481473544997016e+01,2.926578709749776408e+01,2.832166426534206494e+01,2.864624686157850419e+01,2.896584228447284204e+01,2.873187218450874525e+01,2.932705081539444336e+01,2.754455938300327489e+01,2.896759767398259555e+01,2.919948712784685085e+01,2.931982826476917126e+01,2.799017430220169445e+01,2.845941788728111987e+01,2.874389163438581818e+01,3.004093341480398749e+01,2.913849144850399853e+01,2.921648200214946201e+01,2.892940232310888860e+01,2.886900428700181465e+01
2.795974104535270044e+01,2.803272967185637299e+01,2.961914070472869298e+01,2.952733788929975844e+01,2.873872503701261394e+01,2.928908493625823439e+01,2.889428907990463813e+01,2.795309814025858941e+01,2.925849044927804243e+01,2.862781052380444180e+01,2.919990743978240744e+01,2.752747422708159775e+01,2.907195557074771841e+01,2.842189576079545077e+01,2.878226810034345817e+01,2.996918050152987689e+01,2.766741702116763690e+01,2.801079794549150392e+01,2.815450032679524384e+01,2.919148821158466944e+01,2.989075528864901798e+01,2.955470023932866752e+01,2.939254018840790650e+01,2.857399085695982421e+01
2.817349206383562432e+01,3.054673280392796642e+01,2.863356143613475524e+01,2.964851759874750314e+01,2.892161225499916100e+01,2.963781292016648194e+01,2.926631399818040791e+01,2.854767757570311915e+01,2.890998832294394560e+01,2.855690973612655625e+01,2.851265536753504648e+01,2.816386646011790162e+01,2.776258699880690983e+01,2.824795544062800445e+01,2.892398449889367384e+01,2.852773005954185237e+01,2.740434031518299207e+01,2.833676347321500089e+01,2.842841836531380295e+01,3.011188768860864684e+01,2.823747947028311955e+01,2.942915443946418463e+01,2.940462482410691791e+01,2.909553881061196989e+01
3.038957017758764323e+01,2.841952521247884533e+01,2.926787976327329943e+01,2.882305559936469308e+01,2.942465048027906960e+01,2.851444634835610259e+01,2.896881234640619596e+01,2.842522171379556539e+01,2.938346513720227904e+01,2.930640817392162489e+01,2.859845695076876382e+01,2.935496974826469341e+01,2.865148459460948516e+01,2.806120784804448931e+01,2.876529158602926373e+01,2.835378560240530987e+01,2.756407837374359815e+01,2.813047942489333764e+01,2.860031010942003604e+01,2.969169975386364513e+01,2.896251799515238190e+01,2.954596439140652819e+01,2.867940303868925866e+01,2.900554447642656442e+01
2.879095306505791996e+01,2.932011786629993821e+01,2.896469273578520642e+01,2.978683710690637554e+01,2.876234500857975718e+01,2.885587992725845652e+01,2.958030415498546972e+01,2.836312243671864053e+01,2.908884296243888912e+01,2.868447372500946813e+01,2.941564053059943262e+01,2.936001198615554131e+01,2.813781719588280339e+01,2.874681355552360174e+01,2.822993673544692683e+01,2.836377121659558043e+01,2.851352455119877050e+01,2.757946611759547295e+01,2.800086103389583059e+01,2.940765989826223858e+01,2.864502237670973273e+01,2.906023196945943710e+01,2.885085058114100320e+01,2.914797309836893646e+01
2.819121004867821512e+01,2.864556829187819176e+01,2.849282579185785380e+01,2.839135287624941384e+01,2.985076976189549214e+01,2.902080352139205388e+01,2.856395226509033591e+01,2.812857246509594233e+01,2.890510014308813425e+01,2.930197455591962807e+01,2.951745129163282400e+01,2.887821843821404855e+01,2.853455534655938663e+01,2.757803756409049356e+01,2.806088596233252019e+01,2.889533085524436729e+01,2.763711571538919998e+01,2.737033990687933738e+01,2.788217460414057314e+01,2.823261932546512298e+01,2.932778658907517411e+01,2.866793002605004403e+01,2.898898493935024590e+01,2.855358993776292209e+01
2.835372436426126797e+01,2.930482266684725801e+01,2.814965926310816258e+01,2.920466785905557572e+01,2.807454603691184047e+01,3.011062813911109970e+01,2.928657696603903560e+01,2.977644256817904989e+01,2.828409986509058172e+01,2.971115779243297084e+01,2.867746961033589059e+01,2.979217427751478908e+01,2.925502592670369495e+01,2.852418108446278211e+01,2.911763544581577889e+01,2.909076517413626561e+01,2.699690866757862295e+01,2.814413361055107998e+01,2.796977318554348813e+01,2.905223113998863482e+01,2.933010366829836357e+01,2.931074817519385078e+01,3.018801675339676649e+01,2.898100446457596036e+01
2.969503211141915244e+01,2.887243251972188318e+01,2.967728958649365723e+01,2.904520094072972825e+01,2.978459902780576840e+01,2.880294373185739687e+01,2.905811677643532676e+01,2.926476210994496796e+01,3.011881216375269332e+01,2.954506072082000401e+01,2.965801104588382486e+01,2.893254144384241044e+01,2.975286989147576833e+01,2.826132034405839022e+01,2.881835735544302679e+01,2.824936986428929231e+01,2.801071475461799309e+01,2.708600025079402940e+01,2.882331148181674507e+01,2.890759801103763493e+01,2.992719664540192070e+01,2.877883109944838225e+01,2.978806405441326888e+01,2.836955240114542676e+01
2.949981676942809372e+01,2.944608212853228224e+01,2.961985730973702857e+01,3.025423867530003008e+01,2.936324920944645100e+01,2.961740122457933921e+01,2.905054989393033793e+01,2.872421614005679658e+01,2.904572464159866740e+01,2.799686514840624341e+01,2.903555857840609633e+01,2.962249314654349064e+01,2.847699531449205779e+01,2.858649823547847291e+01,2.899542113027291634e+01,2.841252926602999196e+01,2.792170948793278740e+01,2.780149163209625840e+01,2.846746112616034452e+01,2.907683189608843577e+01,2.972269692509422612e+01,2.995206290814246586e+01,2.849954687435251799e+01,2.971495887183590412e+01
2.918403373968055803e+01,2.884968733065750257e+01,3.014600758932760982e+01,2.961722953427357652e+01,2.999721751488078780e+01,2.902080352139205388e+01,3.015084126794312169e+01,2.900401481840475526e+01,2.954619251479482500e+01,2.958140510442962068e+01,2.872690706848584341e+01,2.943845102150788762e+01,2.827182077490112988e+01,2.796197256626942362e+01,2.906058609249072333e+01,2.745652033234489409e+01,2.759793693326514585e+01,2.793345204109220958e+01,2.864240797641406289e+01,2.894391185227732421e+01,2.963812289382258314e+01,2.778659675155478226e+01,2.991254028145806387e+01,2.910960595601011391e+01
2.928979921163619338e+01,2.951430066516337547e+01,2.947767513608988565e+01,2.996876125676720903e+01,2.920469061866685934e+01,3.059788689067784162e+01,2.927453226479377690e+01,2.925406186623257554e+01,2.858239651735493680e+01,2.934549708752160768e+01,2.947550430776095709e+01,3.011493224823402670e+01,2.829354363343509249e+01,2.771168464139981324e+01,2.886749011995902947e+01,2.899686467123183320e+01,2.656125176399621068e+01,2.838496565443728059e+01,2.801302982042147960e+01,2.917466664436852852e+01,2.931963898556324466e+01,2.980132559139110526e+01,2.925014392261806506e+01,3.036756067534855674e+01
3.054538512360642244e+01,2.930618860033411011e+01,3.040103448896280725e+01,3.047181029801197383e+01,2.999878936427353437e+01,2.955835695177040634e+01,2.974870190483932220e+01,2.982117574475074662e+01,3.009276604515065401e+01,2.836280935080799281e+01,2.962174701066976468e+01,2.851747770610774069e+01,2.837441510965862790e+01,2.813805063748702651e+01,2.888251659522575210e+01,2.780226468214300439e+01,2.764807745250226390e+01,2.808011114867946389e+01,2.829832023869664681e+01,2.904823175279653924e+01,3.000403033785335083e+01,2.885047211307744419e+01,3.006113128635178100e+01,2.889561797292651590e+01
2.913040298768515868e+01,2.889194927174105487e+01,2.999772853124193261e+01,2.865368651045940851e+01,3.016262722305077659e+01,3.063369006235393499e+01,2.981408571058511825e+01,2.954922675216857897e+01,3.002799279735774007e+01,2.959078551451312933e+01,2.894150907983527077e+01,2.938250762809775551e+01,2.777637431734791562e+01,2.919740135161265471e+01,2.849014698938560741e+01,2.754888154608971718e+01,2.735421400300225514e+01,2.759279255097692385e+01,2.804854650294549856e+01,3.014057901174783183e+01,2.895725182859592906e+01,3.006833057395118658e+01,2.963198446439020017e+01,3.018306758758876640e+01
2.915119795722210938e+01,2.947346188766539399e+01,2.888531185936005841e+01,2.915106693168860374e+01,2.915045391316954237e+01,2.936003249559558981e+01,2.943063828121819370e+01,2.928064736948738300e+01,2.989122709740911432e+01,2.921459347474643664e+01,2.927569531688095594e+01,2.930562436785112368e+01,2.868606942687341643e+01,2.837467872539303926e+01,2.919389850922817686e+01,2.772948707610197516e+01,2.806555544867438812e+01,2.707762941058837214e+01,2.799041804104030007e+01,2.786890294362831355e+01,2.915362820733361104e+01,2.887115578985390130e+01,2.883670650591096773e+01,2.876686935969945580e+01
2.906839439616840082e+01,2.947573118424901395e+01,2.917881941150415059e+01,3.032855943785597219e+01,2.922462961479590149e+01,2.976064312857761252e+01,2.979342941912892684e+01,2.936479493810111308e+01,2.926469757051813758e+01,2.918763831550813848e+01,2.928034652192695830e+01,3.040158797429921833e+01,2.765163658112550138e+01,2.872149606988273263e+01,2.918528528330989502e+01,2.944902357158281347e+01,2.715095167324494696e+01,2.829837648404037509e+01,2.815863325993854005e+01,2.919929852737078591e+01,2.836872039183123206e+01,3.031821126290509483e+01,2.837494795681749338e+01,2.969907000566803390e+01
3.033058771053032387e+01,2.900661614237725416e+01,2.959038690144689099e+01,2.964332768519000183e+01,2.948996756142628328e+01,2.884324396741271812e+01,3.048152969650072919e+01,2.871494077098481057e+01,2.950664759110748037e+01,2.900770313939494827e+01,2.922685678730613290e+01,2.873683047792997058e+01,2.864081943851272172e+01,2.716882677253289557e+01,2.916768347044444454e+01,2.748295306842555874e+01,2.900171590756860951e+01,2.823593115991553759e+01,2.904303153868465870e+01,2.763373008120953500e+01,2.968033287035922285e+01,2.921756014022156478e+01,2.860226558232841398e+01,2.909699904466106091e+01
2.850936578222444950e+01,2.806788079525568946e+01,2.971975333033407196e+01,2.947032787639352591e+01,2.883597452405490458e+01,2.936389028353181629e+01,2.870467421721991741e+01,2.931766901045921259e+01,2.851839119931179312e+01,2.954600628124273953e+01,2.905449354489445568e+01,2.964579169502025024e+01,2.774485880977744046e+01,2.821028871322261011e+01,2.718024968571455702e+01,2.794838412552610407e+01,2.770153593126491387e+01,2.881760735450876609e+01,2.861981954217890234e+01,2.868585408435745876e+01,2.885121352130488503e+01,2.927430756975763870e+01,2.824110392021367488e+01,2.823297933221857647e+01
2.983472119405666945e+01,2.922469309089922263e+01,2.845129451684664446e+01,2.932709936182908450e+01,2.837769232756818383e+01,2.842284793946748778e+01,2.817311404330774849e+01,2.840455521135334038e+01,2.921989751608236929e+01,2.792496877735652561e+01,2.883931701663664171e+01,2.756447859000536482e+01,2.797902209159263975e+01,2.688633497212049406e+01,2.947829447917212065e+01,2.732467786568679458e+01,2.738340392012798929e+01,2.791375411248378668e+01,2.921710999806941800e+01,2.774268818500604539e+01,2.936393475402087461e+01,2.876689817499749324e+01,3.038380241973391094e+01,2.875843891643916095e+01
2.846013252167097107e+01,2.944788411611767742e+01,2.850479149965985926e+01,2.978006753365360737e+01,2.870794027349501221e+01,2.927423865764160382e+01,2.871366237931556498e+01,2.904930616223407469e+01,2.849932921351813775e+01,2.954279566173647709e+01,2.913549803829016582e+01,2.932049057961177141e+01,2.732232964827858268e+01,2.805185194821928008e+01,2.695450955617570798e+01,2.877247761313640240e+01,2.859668355602281054e+01,2.856262721767643598e+01,2.800384684947653113e+01,2.932139873872478120e+01,2.823462528444969166e+01,3.074704762895254362e+01,2.958974450217090180e+01,3.003257630561438418e+01
2.860940607289995796e+01,2.804655278973285704e+01,2.925134248642279999e+01,2.760834066886371829e+01,2.917110489342189794e+01,2.842056707906721158e+01,2.910530782360069679e+01,2.776214592937861880e+01,2.970430328503027795e+01,2.743364434785337380e+01,2.939051095669566394e+01,2.853083045308903820e+01,2.818418980950832520e+01,2.727483940782616401e+01,2.951070551126588271e+01,2.880339804620422228e+01,2.797052634744073885e+01,2.741713886417164758e+01,2.895955669670274801e+01,2.836478115126169541e+01,2.996626999751566700e+01,2.814949560527225003e+01,3.120633340814924850e+01,2.988885630381531655e+01
2.909361079837947273e+01,2.786603238187097986e+01,2.823521342730396100e+01,2.979376346427960698e+01,2.936977886120268977e+01,2.978048406277093818e+01,2.906638603721580694e+01,2.864990258186765004e+01,2.770260250980635419e+01,2.788145211138839841e+01,2.973957331173539842e+01,2.943227797835294268e+01,2.694709457570178301e+01,3.007547943107067567e+01,2.766140644975394025e+01,2.850585186419897354e+01,2.798156534977124466e+01,2.785450501488350028e+01,2.803851766043004545e+01,2.890096196327840516e+01,2.987233775106545863e+01,3.074587985080557928e+01,2.948513897290962404e+01,3.068472364261907614e+01
2.906505114908861742e+01,2.910801030406423706e+01,2.849973241222528486e+01,2.830614732551350698e+01,2.836503063324926188e+01,2.892955815000971143e+01,2.713242461365240388e+01,2.724050577546620389e+01,2.948406323014120289e+01,2.867277139086837678e+01,2.817710276065645303e+01,2.780970868639582250e+01,2.867567416449969642e+01,2.808826450551930520e+01,2.817965531395952894e+01,2.649658882348887801e+01,2.873415896320022966e+01,2.854233465111360601e+01,2.823830947809489089e+01,2.843730481555513734e+01,2.800833192365854529e+01,2.862630638399826921e+01,2.952007062344029009e+01,2.888269456411057945e+01
2.873824598963221888e+01,3.004253173990855430e+01,2.789012875287539828e+01,2.777176388354502024e+01,2.810039228631410424e+01,2.878473476792089514e+01,2.861510027467926420e+01,2.923706063379887610e+01,2.731270983030032085e+01,2.902839721163684317e+01,2.826611974990618137e+01,2.861002545971132349e+01,2.696877164362291524e+01,2.941272882422464363e+01,2.725258542133951778e+01,2.934903241396972362e+01,2.723478988959482194e+01,2.871293964772735308e+01,2.878267776535665234e+01,2.956114681567498792e+01,2.806520828913841115e+01,3.029952549127250450e+01,2.925210185954915687e+01,2.972121653697030297e+01
