2.838892019323247951e+01,2.946013615802536378e+01,2.880582090927464378e+01,3.025856659422368011e+01,2.866117840837819131e+01,2.788025232191432679e+01,2.926689199343616110e+01,2.887694388799536682e+01,2.953418761448051555e+01,2.964774653801754312e+01,2.851118775934691030e+01,3.080068953205875459e+01,2.964633367641215500e+01,2.978604314149623633e+01,2.996052364160095749e+01,2.890549549554191344e+01,3.028179984046914797e+01,3.059276329399563110e+01,2.916191800032373749e+01,2.966078603995674712e+01,2.793052395366561313e+01,3.016588583572598736e+01,2.882911839603815451e+01,3.092487585307077325e+01
2.959318194555169157e+01,2.857743560880834366e+01,2.886599896519862796e+01,2.909424128188476288e+01,2.941841314837404298e+01,2.747221681733890364e+01,2.956551970524554918e+01,2.795480912831794740e+01,3.015440671134746253e+01,2.991541338671032690e+01,2.845133711225395245e+01,2.974422992358569218e+01,2.972773833784407316e+01,2.958018561710917993e+01,2.963658062069316657e+01,2.896923496431918466e+01,2.952361930852276828e+01,2.858929383211437880e+01,2.925790449621314337e+01,2.896176970937329997e+01,3.008601523453683058e+01,2.918942603660258328e+01,2.890771204285920248e+01,2.973170502520753189e+01
2.822731412651944538e+01,2.907958478980839345e+01,2.940371059497681472e+01,2.922673101521883154e+01,2.711787157636780421e+01,2.924468855094448827e+01,2.992933860335102736e+01,2.856617243341395351e+01,2.862026931690814990e+01,2.933617222773500544e+01,2.931470306064585429e+01,2.853976806232952868e+01,2.979124144547705555e+01,2.881593782476448951e+01,2.804206263306190294e+01,2.947695132388889760e+01,2.905436509897685937e+01,2.843244972890687450e+01,2.881739265200820910e+01,2.921008580072759742e+01,2.958140023351768377e+01,3.028104408283479643e+01,3.017048763938538514e+01,3.031923035259023891e+01
2.908419840473112572e+01,2.892758969942360636e+01,3.000984548659613438e+01,2.918361376426076959e+01,3.051046712169869579e+01,2.786385807702072270e+01,2.927209763920916430e+01,2.976200367767853550e+01,2.977035448663644956e+01,2.939435147742005938e+01,2.857180856497899413e+01,2.913720523703085519e+01,2.894016023525057335e+01,2.893481692581588050e+01,2.884036293652974337e+01,2.900133973717356639e+01,2.959701811252995185e+01,2.962713220091234234e+01,2.963335481995437704e+01,2.944442609286465995e+01,2.944305091513717798e+01,2.944554406034666272e+01,2.978337413341472484e+01,2.990015529419599716e+01
2.774198296911362149e+01,2.958031877208162541e+01,2.986415038301379354e+01,2.961079201689364027e+01,2.951467438595693693e+01,2.945756395251663662e+01,2.864205899810264100e+01,2.953116887667948731e+01,2.881835830191567993e+01,2.952375083259408939e+01,2.884258744393889629e+01,2.953350078932317047e+01,2.989129343425076968e+01,2.945893729299405095e+01,2.845470255480842070e+01,2.880812158738700646e+01,2.871010680745297350e+01,2.939429413061867535e+01,2.972879780280464956e+01,3.020734550052458189e+01,2.910305732449222660e+01,3.001139184665612447e+01,3.008224724505197401e+01,3.152172192056093536e+01
2.876922122643867397e+01,2.921350177187400732e+01,3.011630922969862922e+01,2.883189668437734099e+01,2.948171999578363511e+01,2.963758153482939406e+01,2.941723113385830857e+01,2.868086340100677489e+01,2.930913947411676190e+01,2.949966355361181058e+01,3.012588782268056775e+01,2.931724829834666934e+01,2.956181316401722370e+01,2.954407303811365182e+01,2.942146914455975093e+01,2.897220926812002517e+01,2.953787132445796715e+01,2.969497199882664518e+01,2.922214521659134334e+01,2.977795151175229194e+01,3.006447859089655594e+01,2.935793953722696870e+01,3.086075079097105345e+01,2.842577788712787878e+01
3.054695699919858498e+01,2.972484585282211356e+01,2.839752293742344591e+01,2.995642569471209526e+01,2.957115547277635415e+01,2.846944027178665237e+01,2.916317848376610300e+01,2.910250284715056068e+01,2.940434691423547520e+01,2.963813838525214805e+01,2.991264955417159399e+01,2.812881300580028210e+01,2.904463065418360657e+01,3.052701439546564188e+01,2.985073705761743668e+01,3.019994513587766960e+01,2.952727139163357606e+01,2.899329345004957759e+01,2.947050612326842156e+01,3.018291541194656702e+01,2.950011136813969870e+01,2.956584786674363841e+01,2.891404145664193948e+01,2.964299345322501722e+01
2.891691797915927964e+01,2.919734330867220251e+01,2.945334065457035422e+01,2.927921197371085782e+01,2.868602381292868131e+01,2.902846150898625410e+01,2.936488480557432013e+01,2.922072103697973944e+01,2.959251925923700810e+01,3.014462604792993261e+01,2.925550657260430398e+01,2.902970579247039495e+01,2.884587168482283914e+01,2.884089048616800710e+01,2.908744154419588313e+01,2.869906464250493627e+01,2.939730199834667701e+01,2.987338789346756585e+01,2.909776183430449237e+01,2.814380633679922994e+01,3.004830890654801578e+01,2.931140874993894840e+01,3.051396529053909035e+01,2.960628561401955494e+01
2.801411235072225736e+01,2.904781607214891892e+01,2.895327586956631194e+01,2.901955942316988057e+01,2.949222533811769154e+01,2.925633088186856412e+01,2.985485311298214128e+01,2.961795266603843402e+01,2.916489817364890769e+01,2.946376805266987731e+01,2.935373503805533346e+01,2.929640397306366140e+01,2.962848907762020190e+01,2.972547920777003583e+01,2.938027860683507697e+01,2.947922422092136685e+01,2.975611150254360382e+01,2.951316713824388671e+01,2.863231003465284630e+01,2.979488083081565719e+01,2.874380122901391132e+01,2.920684004798050637e+01,2.965961951039355426e+01,2.982243061834054743e+01
2.970039092334508268e+01,2.890270922210936533e+01,3.007516095956765412e+01,2.914226802736902755e+01,2.939877319871357031e+01,2.898518612190537169e+01,2.997424165060419909e+01,2.974486657269108036e+01,2.884964709100711389e+01,2.919412051301247857e+01,2.982646766334971744e+01,2.922669116160125213e+01,3.001342238109907612e+01,2.942457889418250261e+01,2.964419100084353431e+01,2.859579486180592767e+01,2.910425533396454512e+01,2.839338691063352371e+01,2.949255694451898080e+01,2.888200069951255955e+01,2.949449363707219618e+01,2.902745339989297690e+01,3.032776767682594254e+01,2.895906700956601298e+01
2.947957904821043940e+01,2.875804776857074785e+01,2.904908956119322738e+01,2.976809404086941413e+01,2.920779349424623206e+01,2.940294627148335849e+01,2.824641707210332697e+01,2.922904365079710942e+01,2.862689631782649258e+01,2.887015502339420436e+01,2.929708966630965961e+01,2.983139150762804093e+01,2.935287741999803757e+01,3.087996895965943622e+01,2.957687573715259077e+01,2.859822904017966039e+01,2.878197268116952046e+01,2.912081863126371672e+01,2.960609451140538795e+01,3.012228813772622971e+01,3.025623508942402395e+01,2.937961763001743520e+01,2.914086665312601099e+01,2.943687824831420130e+01
2.909017574364406755e+01,2.895910653585502814e+01,2.883402882321507832e+01,2.954312854718250492e+01,2.921639050337921617e+01,2.979297260192146268e+01,2.855278161394517156e+01,2.928056914650039744e+01,3.000103619415938283e+01,3.001102156627860040e+01,2.945624998866929900e+01,2.963246526240840240e+01,2.922342848663373616e+01,2.972497378787619482e+01,2.836836549485695969e+01,2.916483592557085558e+01,2.987998569095128687e+01,2.930145435397423626e+01,2.987162639064882796e+01,2.915983027686354490e+01,2.898298568035818334e+01,2.915195303877948163e+01,3.008578447817376400e+01,2.998964905912657741e+01
2.925243335397715327e+01,2.942437010805991804e+01,2.899560269034316207e+01,2.877731192212127098e+01,2.941172219253905951e+01,3.012982962765528328e+01,2.938887853374683345e+01,2.989455972846462828e+01,2.966081370458647370e+01,2.961190485807139794e+01,2.888953396458623502e+01,3.000864381786016111e+01,2.916961966142906704e+01,2.955773131309774726e+01,2.959497642608027945e+01,2.985114210863298467e+01,3.020290037609908040e+01,2.978751954823195547e+01,2.922060026480568240e+01,3.049978558372896487e+01,2.901847983642090867e+01,2.961380193969273478e+01,2.957795776807301991e+01,2.992972568468144345e+01
3.014324657194396195e+01,2.876679215225362896e+01,3.000156140291221618e+01,2.885543222054866419e+01,3.000653263137786553e+01,2.957909299421930882e+01,2.998519571868041567e+01,2.964530713134638518e+01,2.955218264875446721e+01,2.899259891135989164e+01,2.971352373666144331e+01,2.933958454679060424e+01,2.978392262683644276e+01,2.960061500618110131e+01,3.035691152994962749e+01,2.952845773700323662e+01,2.998946574475638727e+01,2.988887421299426705e+01,2.947835604137191012e+01,2.872186789840941401e+01,2.992578837213636689e+01,2.947792734869301512e+01,3.028522754236013270e+01,3.040902756238278926e+01
2.953596643033688451e+01,2.865058945732357643e+01,2.931734533352181415e+01,2.905301497893270835e+01,2.986384834491110496e+01,2.975069302829609796e+01,2.896436912092883631e+01,2.940478663439819229e+01,2.935803158679567559e+01,2.894082125148321438e+01,2.951468193610691060e+01,2.953067750431620198e+01,2.885512399359123492e+01,2.971229899194656809e+01,2.953796522832220717e+01,3.020349457302711471e+01,2.927488811285252268e+01,2.968828130865557569e+01,2.968108093382664947e+01,3.002686214400665676e+01,2.990959424243243348e+01,2.924765678266078339e+01,2.915871685229728882e+01,2.909119751953363675e+01
2.930396213141574435e+01,2.913064715833223772e+01,2.990538698873206158e+01,2.933395533151207246e+01,2.896555184062538046e+01,2.876680566546895079e+01,2.867662390443581444e+01,2.871020195911535211e+01,2.908226237542459103e+01,2.904453427055324255e+01,2.932520741396200492e+01,2.965874204700770633e+01,2.976326035021605776e+01,2.952703105579621479e+01,3.027692958215601493e+01,2.865650909414154057e+01,2.929646346694596559e+01,2.995560822476608109e+01,2.960576064043266342e+01,2.969158918638430578e+01,2.957586728163755652e+01,3.009247864542828665e+01,2.982128361151694662e+01,2.917284043467856236e+01
2.935020614923053017e+01,2.970755165371235762e+01,2.942667350392673598e+01,3.028183059677076017e+01,2.881504492529302297e+01,2.888624687074616304e+01,2.950574321595468064e+01,2.889349898007168349e+01,3.010231668758711976e+01,3.020895673284246641e+01,2.866409370163552239e+01,2.976920240535906714e+01,2.914090749825533067e+01,2.880328949023174800e+01,2.933949518248232380e+01,2.943173518816496426e+01,2.898796942135084009e+01,3.024778113519408862e+01,2.946044860649612929e+01,3.055600135890836100e+01,2.969150323157737148e+01,3.024854462461399862e+01,3.018157547688258546e+01,2.966050624591696305e+01
3.011145708818429512e+01,2.858364018595091238e+01,2.990391875780738928e+01,2.909430273082415397e+01,2.974759932807569385e+01,2.932353078848973382e+01,2.916786711514322405e+01,2.937168698970589276e+01,2.970542056200861225e+01,2.915695229675873179e+01,2.969448952233375394e+01,2.915695229675873179e+01,3.060127526170816736e+01,3.008026842769459108e+01,2.919945154642732632e+01,2.958467924890368295e+01,3.038926025242500373e+01,2.977943400400641849e+01,2.976778196240906027e+01,2.938995230728824026e+01,3.033032323446036571e+01,2.918560701813294145e+01,3.028070666750897999e+01,3.010738160460937252e+01
2.994566288982764490e+01,2.886110134910660463e+01,2.893112236090212264e+01,2.972025817502725431e+01,2.947823759288854717e+01,2.975069302829609796e+01,2.954490795464278108e+01,2.994220590244930236e+01,2.829423833573196134e+01,3.053561854854160629e+01,3.001470924521152028e+01,2.973292757134527164e+01,2.975255060844978061e+01,3.009203306972432301e+01,2.873461290922483613e+01,2.943036330016786906e+01,2.990343570082450242e+01,2.939555613125577338e+01,2.994501057578935388e+01,3.023257396121209695e+01,2.969435771691905757e+01,3.011324995633401613e+01,3.009740902392849193e+01,2.965498080870202102e+01
2.904404486192760260e+01,2.972151381544028936e+01,2.957999231339215385e+01,3.029141762629978984e+01,2.935272145559946466e+01,2.902443956021079430e+01,3.002715908779185838e+01,3.003346752005865028e+01,2.937134451689462367e+01,3.047962486536835058e+01,2.990024967470577621e+01,3.023133391032285999e+01,2.959339751735871005e+01,2.985193141980181508e+01,3.050234264067597678e+01,2.933895583928551787e+01,2.972279948642017189e+01,3.019889266505623482e+01,2.929847907303718557e+01,3.013698576261697326e+01,3.059009965544186116e+01,2.954262284610950928e+01,2.921141144377111232e+01,3.037146288636114377e+01
2.994767886094734877e+01,3.029911289250162554e+01,3.033262291997561988e+01,3.098444559041689672e+01,3.053296080048659178e+01,3.047185193763999678e+01,3.014453719207892846e+01,3.092715287952222525e+01,2.972338548981576878e+01,3.050239836377699021e+01,3.025548987088245667e+01,3.032627420135497687e+01,2.968401385315866037e+01,3.028232983219368180e+01,2.970188670361210370e+01,3.011415281989218329e+01,2.962587151101530480e+01,3.040368080803659723e+01,2.976454216195298841e+01,3.002951732977322763e+01,3.041085465200717408e+01,3.030821537474287197e+01,2.915856397259580035e+01,2.889486471679430224e+01
3.086429269688301247e+01,2.985887907318158341e+01,2.935633906304241236e+01,2.986854194271620599e+01,3.069578540765252228e+01,3.118996478099774095e+01,2.988770395185281359e+01,2.929065094409622816e+01,3.080186691275463318e+01,3.070573441164196993e+01,3.122615837473364309e+01,3.035883592187343538e+01,3.041968931865176273e+01,3.033384891397435013e+01,2.929777534520451354e+01,2.969304678819582932e+01,2.950384802249482163e+01,2.874172714577275656e+01,3.036057055366757140e+01,2.956894862473620833e+01,3.023100398819002521e+01,2.926275939212109733e+01,3.068878561311294106e+01,2.981548674569637569e+01
2.861955865774700669e+01,3.001163709743070740e+01,2.812444152612772541e+01,2.995683806117938275e+01,2.926546270859728338e+01,3.039873275952288623e+01,3.083904179676017066e+01,3.104508153489058486e+01,2.922039564258750488e+01,3.012207415549198686e+01,2.968158170421367004e+01,3.125201554584180030e+01,2.928833701883843332e+01,2.999653949922367246e+01,2.979554158639075467e+01,2.919607587812879501e+01,2.950791723356053353e+01,3.027216053089529169e+01,2.960128391064080233e+01,3.019399823357406376e+01,2.986199348352073457e+01,2.976801472060145670e+01,2.987280846143386270e+01,2.963341404075714536e+01
2.932609008256343941e+01,2.876506056873381567e+01,2.935677384659595646e+01,3.094114443027206107e+01,2.949125492556345307e+01,2.970203604867623426e+01,2.959414989836363929e+01,2.990110526249446821e+01,3.104352129017564721e+01,3.011871805575367489e+01,3.037485744204087723e+01,3.065959036291189932e+01,3.031295902308124823e+01,3.035115192013677188e+01,3.080176833351868027e+01,2.989172981683663011e+01,3.034158394193769936e+01,2.922148813589950578e+01,3.081919603549300746e+01,2.995236248853569805e+01,3.032473510863661659e+01,2.941200128014207849e+01,2.995608645545212312e+01,3.000286542597137895e+01
2.830733849099675581e+01,3.013642113892069574e+01,2.976577949186821570e+01,2.947049744023189533e+01,2.941365230702024292e+01,2.953026835494358693e+01,2.972530512175273998e+01,2.923528783024511313e+01,2.898050794381043715e+01,2.956191915241402057e+01,2.961236447027943086e+01,2.983422358503509031e+01,2.991893639257006043e+01,2.985058872335196156e+01,2.958722904431368761e+01,3.049196241615157987e+01,2.993683487907844665e+01,2.988244531317536712e+01,3.012391522563439139e+01,2.925913633604289998e+01,3.020512404462073164e+01,3.011824803612819323e+01,2.920929743810535228e+01,3.030124430317050610e+01
3.000734537711537087e+01,2.831520966542836959e+01,3.026850790649638157e+01,2.886616238397459711e+01,2.965588975433183805e+01,2.909422378566495127e+01,3.012222589711262799e+01,2.965542085240406323e+01,2.957188338148216644e+01,2.936824707835518211e+01,3.118702258355477852e+01,3.090624715123448141e+01,3.093367246798766246e+01,2.999849784398077190e+01,2.985840744037096783e+01,2.922148813589950578e+01,2.915139801163184075e+01,3.026012152948879930e+01,2.951228171497569974e+01,3.046915748793333023e+01,3.044579389683195814e+01,3.031412803996386174e+01,2.943120876368720928e+01,2.924832309885505310e+01
2.996398986040605905e+01,2.872966641490813799e+01,2.870320947126288047e+01,2.857718741815233443e+01,2.893213901470039673e+01,2.919012404760388790e+01,2.896809050108282690e+01,2.996752827520373330e+01,3.022571786594920695e+01,2.968518668881438316e+01,3.024325795526584670e+01,3.024396860293416012e+01,3.101061058642261514e+01,3.082960303038345273e+01,3.071728980931203523e+01,3.019865584636841049e+01,2.952944478490309166e+01,2.986759174966226738e+01,3.002948380504420811e+01,3.008666670879159710e+01,2.938613304837747364e+01,3.052746752290880750e+01,2.994477633662177141e+01,3.053538631864114450e+01
2.920176584265681186e+01,2.798154018614576444e+01,2.999445851482346370e+01,2.920924897433110345e+01,2.944611817314932978e+01,2.866222686513174267e+01,2.950106321862523373e+01,2.985847215442493052e+01,2.988697844587619556e+01,2.927030367321259519e+01,2.979350812685305527e+01,2.909647411974822262e+01,2.983641429037197668e+01,2.947827205505586790e+01,3.020840407986713672e+01,3.055818919880607609e+01,3.036339943772907191e+01,2.979748507261956547e+01,2.995461618789306613e+01,2.995154988510284966e+01,3.115599488809294826e+01,3.055294137993973891e+01,2.945973198179126484e+01,2.951420337005856709e+01
2.979978721051628554e+01,2.927684640427338536e+01,2.852045223696444509e+01,2.976982621641400328e+01,2.945913881904340315e+01,3.075876072206887102e+01,2.943722467906223983e+01,3.011568622380343641e+01,3.068867939009959400e+01,3.054733103799105720e+01,2.963686686301548434e+01,2.974317280746464576e+01,2.995716260322234348e+01,3.055026763301032133e+01,2.953681556945610964e+01,2.999764844805372377e+01,2.898968916950212815e+01,3.033589739649795547e+01,2.916829503769184839e+01,2.935443484579315054e+01,2.950081004289654629e+01,3.112029707151634739e+01,2.894456494751921127e+01,2.996074340146276427e+01
3.077119343027339937e+01,2.765891226542544246e+01,3.126710674161233783e+01,2.775135146216177873e+01,2.980051733933919422e+01,2.940973535026114405e+01,2.979694208909131703e+01,2.980304841493114054e+01,3.003847529221764034e+01,2.906939786600867137e+01,3.016314351487409340e+01,2.928356997352557300e+01,2.967966225333685770e+01,2.921539910351907565e+01,2.981686447698422171e+01,2.969842897342198285e+01,2.916746861504537947e+01,3.000579620254097790e+01,3.156296225200719618e+01,2.846674222045083980e+01,2.998258823915716675e+01,2.899117319230276735e+01,2.929406622495218926e+01,2.986376438598273353e+01
2.936681715123364711e+01,2.867068056731039860e+01,2.869840155404443749e+01,2.829485294652209859e+01,2.982028976114480656e+01,3.017926536673684268e+01,2.906518597288624051e+01,3.046855075396132406e+01,2.866644763268334373e+01,3.039866387081184484e+01,2.990759540303633912e+01,2.852710917617991981e+01,2.940233847279120027e+01,3.023751624572571473e+01,2.991917582880682858e+01,2.970418638628393637e+01,3.004875546121138541e+01,3.048357879678883364e+01,2.997009278963957968e+01,2.995391500753356695e+01,2.972926119170585935e+01,3.078194641710047108e+01,2.981037731406752300e+01,3.011403220283011706e+01
2.819997208934421451e+01,2.959844294564931033e+01,2.953757989235811010e+01,2.945548186557510917e+01,2.978954930643033094e+01,2.889336193952169651e+01,2.899287475305374073e+01,3.030272885239264724e+01,2.925565905375799503e+01,2.929495007232321768e+01,2.936257576105788303e+01,3.075635268217024532e+01,2.933435798799308714e+01,3.136487150433583793e+01,2.920057846392961665e+01,2.881845843981096777e+01,3.023045235161265509e+01,3.025771218366975290e+01,2.985791185998414221e+01,3.086117576653555261e+01,3.044295733038791241e+01,3.089950710750724738e+01,3.094429704351597366e+01,3.001850638762618928e+01
