2.949029222942749584e+01,2.847381800734575563e+01,2.894477220608655443e+01,2.947763732212581544e+01,2.912951345811961801e+01,2.888364429752601836e+01,2.863140615195243299e+01,2.850803887267051095e+01,2.899705320613810500e+01,2.778371982151287511e+01,2.956455317171719344e+01,2.855549776777434090e+01,2.847915585922623904e+01,2.953629954693320769e+01,2.903682816845343950e+01,2.930728202495771484e+01,2.954133929146360060e+01,3.009655344491119422e+01,2.975852888877057012e+01,2.934783420660477304e+01,3.012238229970222392e+01,2.907982676954094359e+01,3.005918015749500682e+01,3.021231437400973618e+01
2.858225783919340302e+01,2.812201526614757086e+01,2.881248501758204839e+01,2.855293069671051853e+01,2.944199004830437616e+01,2.917128720000204112e+01,2.807375225365319693e+01,2.785005603423041975e+01,2.849878787440474071e+01,3.008742466315516140e+01,2.755441236087835932e+01,2.869690463739203778e+01,2.869871611513610787e+01,2.877575983521842318e+01,2.878654902125015269e+01,2.814262084037363820e+01,2.862708330658801970e+01,3.053204021559889725e+01,2.877556776900860314e+01,2.870776024055038533e+01,2.974598810521735004e+01,2.908414140117969282e+01,2.895723790637470074e+01,2.908380226213489550e+01
2.835432594487764391e+01,2.850938800698963860e+01,2.817245095289587198e+01,2.781493112013555447e+01,2.836990991197592393e+01,2.780278689644745782e+01,2.882517437764676060e+01,2.877246378054127263e+01,2.842670768764810418e+01,2.851804271632619248e+01,2.940391499089002991e+01,2.881436613479229436e+01,2.826710928613084661e+01,2.869567999036439687e+01,2.856390832703999649e+01,2.896799270870269538e+01,2.807482035867570858e+01,2.889137996100964756e+01,2.929480351465599597e+01,2.839022421992035561e+01,2.934208427053874857e+01,2.847433823528353969e+01,2.821052816063229329e+01,2.905128127244290681e+01
2.927648424513779446e+01,2.865800469943451390e+01,2.817658516133036528e+01,2.905100278023189730e+01,2.907318667695875547e+01,2.846386726321384231e+01,2.967801148659367527e+01,2.873379275465532601e+01,2.878489440038339353e+01,2.887853806214576480e+01,2.946786952592304942e+01,2.825986308172048211e+01,2.846320315943393098e+01,2.871507043875044474e+01,2.994269622579912493e+01,2.874310384106354377e+01,2.847268362861922242e+01,2.896489166431678086e+01,2.822538810177559299e+01,3.015832511540384075e+01,2.858678597295141799e+01,2.947704359107751770e+01,2.880690534714199202e+01,2.828154213867276212e+01
2.944129823995751849e+01,2.876679443428639615e+01,2.916838780483794835e+01,2.875121571398960896e+01,2.976730400503629426e+01,2.890092163112228718e+01,2.920090398836782697e+01,2.814019675402158782e+01,2.921722181333819890e+01,2.801773685190960350e+01,2.905555813488615513e+01,2.859552898259391895e+01,2.918989607524054009e+01,2.949323171841194835e+01,2.851436057351082809e+01,2.866732536550165378e+01,2.854732575413049744e+01,2.940618468446922407e+01,2.933732034328221516e+01,2.979354402495317800e+01,2.922942980225798237e+01,2.951885792258656238e+01,2.846415611211784835e+01,2.886884487694197787e+01
2.885162419757295993e+01,2.886861983864980630e+01,3.009278989288014827e+01,2.905724496125867518e+01,2.853072527722065388e+01,2.955623739376449066e+01,2.932321956100611260e+01,3.022090747397663790e+01,2.870349580757323338e+01,2.934381729277447448e+01,2.793898030617953054e+01,2.866696676731254456e+01,2.922553170400692579e+01,2.926820692312116989e+01,2.796236834818620309e+01,2.998223252293246333e+01,2.880595022609139733e+01,2.901448220326250294e+01,2.863106030302253657e+01,2.981821370272604099e+01,2.865370138824641799e+01,2.834095529503326816e+01,2.882605443028631953e+01,2.934794401025419575e+01
2.909926978038754442e+01,2.920849168993674994e+01,2.990043686819774393e+01,2.833864048762512766e+01,2.847050852733605097e+01,2.857431497795852238e+01,2.917506783606575027e+01,2.910503083612013597e+01,2.947604335370010631e+01,2.894171506320310527e+01,2.929864630536741288e+01,2.818961313973625238e+01,2.879629466246063885e+01,2.808729212895104865e+01,2.981421260717314681e+01,2.830730458136662264e+01,2.870518874627839523e+01,2.885790325700929770e+01,2.899381785782691168e+01,2.815022171320646294e+01,2.877072523083643318e+01,2.898498079948637951e+01,2.904058456950309619e+01,2.934261030043188612e+01
2.907542538266744714e+01,2.833439365812012056e+01,2.905110722693359548e+01,2.790687382925273141e+01,2.919536111198965500e+01,2.864984814342290065e+01,2.858809062299229709e+01,2.890440652346666184e+01,2.926774999923230780e+01,2.806832172713058071e+01,2.843372129052312403e+01,2.989017183322158644e+01,2.909920611172367444e+01,2.952066447156931872e+01,2.917023384259107388e+01,2.884484778457976972e+01,2.855788871203975532e+01,2.928216222505824362e+01,2.914037934378598038e+01,2.916968427262492014e+01,2.910867705309266285e+01,2.975164527656801283e+01,2.884110824572445608e+01,2.917779414910796731e+01
2.888779319487019848e+01,2.931436971941315051e+01,2.870908779279079681e+01,2.938704918791904674e+01,2.916465145521061686e+01,2.798562726480861329e+01,2.977231915972600973e+01,2.915554040560181193e+01,2.949197183397222943e+01,2.870321562507479030e+01,2.902853776132485564e+01,2.876708381610001197e+01,2.830102416603739357e+01,2.887861284165501274e+01,2.957962267816424173e+01,2.824860334718044896e+01,2.962061890688164567e+01,2.881349036856374823e+01,2.898697205218718409e+01,2.924010652709915803e+01,2.941170509394385135e+01,2.929333844485728378e+01,2.988005129564936624e+01,2.847740331430958349e+01
2.867551367673996765e+01,2.980424293793731749e+01,2.783517564622633245e+01,2.874951462761072207e+01,2.850679258058994492e+01,2.908154622996596572e+01,2.917232428251753618e+01,2.901719805108706396e+01,2.860628244390750297e+01,2.867742734617542055e+01,2.892388915820288275e+01,2.925115940785434532e+01,2.867639712497577875e+01,2.848541928129992584e+01,2.845366697540009682e+01,2.900329857144453172e+01,2.857878654285428865e+01,2.879266014166705645e+01,2.874466266025257255e+01,2.906575510757346592e+01,2.886227253425010986e+01,2.970357524932217075e+01,2.866213428073734804e+01,2.920941053501928764e+01
2.895274629077073314e+01,2.762465401302671353e+01,2.941957657721377473e+01,2.783596379417753042e+01,2.946323895643018886e+01,2.758644667400324124e+01,2.929811516618087808e+01,2.833804837142275801e+01,2.898657080568398214e+01,2.814316509781031073e+01,2.848782167876146332e+01,2.829469841141428788e+01,2.924837616719912603e+01,2.887618220599836150e+01,2.881123308847168119e+01,2.861271797099914238e+01,2.865117456916533456e+01,2.823639472653741223e+01,2.895212176303681417e+01,2.818668885791981893e+01,2.915787878328472971e+01,2.893137332272289086e+01,2.978279782115544094e+01,2.948151889961525285e+01
2.916217639495937419e+01,2.910300543889599112e+01,2.917216663859574055e+01,2.864586677335478271e+01,2.962214998168957436e+01,2.954871853501367696e+01,2.935398077497518443e+01,2.909344846880782143e+01,2.893213232947704228e+01,2.903736048656651292e+01,2.894563269604805100e+01,2.921220732287719102e+01,2.907676852585439065e+01,2.833029438724275906e+01,2.854549892447954562e+01,2.925202392531031137e+01,2.904871943893908792e+01,2.920824864727421755e+01,2.896859833438134046e+01,2.919118389448124162e+01,2.858237153152265364e+01,2.917585143279245585e+01,2.904354356050799879e+01,2.939027820271229530e+01
2.962488248651908407e+01,2.807766796348465732e+01,2.887289066111554803e+01,2.901642541916442042e+01,2.899942147622124367e+01,2.954932089614658253e+01,2.873492461997682312e+01,2.854898619387967074e+01,2.921291918915517272e+01,2.862521890838416994e+01,2.879497649660322622e+01,2.938952210991027414e+01,2.914872486199175228e+01,2.867714613589203054e+01,2.988724495345417154e+01,2.845425816467144386e+01,2.882244917247044214e+01,2.835423552493472243e+01,2.877815195282363447e+01,2.900983093963009196e+01,2.955677339960845984e+01,2.887590256022292579e+01,2.973226618564211776e+01,2.915827556531695564e+01
2.969424900299310366e+01,2.895400185253299696e+01,2.821032502927522501e+01,2.932704110049337487e+01,2.939471038930986424e+01,2.903161659160303998e+01,2.837844789987394734e+01,2.934508845408743127e+01,2.923876038820310441e+01,2.908480064338687043e+01,2.923319103520168483e+01,2.926546949090987937e+01,2.855882500287617631e+01,2.959829290572321270e+01,2.844696097888822806e+01,2.917678171485795247e+01,2.903201674581771385e+01,2.915930889501038337e+01,2.934563611518962034e+01,2.931913484234911493e+01,2.955835620246165263e+01,2.898326659409093509e+01,2.932730307337698150e+01,2.914608140990770835e+01
2.909958380160753677e+01,2.918101414555053452e+01,2.918953190940294462e+01,2.872364980952187352e+01,2.930120844878342723e+01,2.827501882458813043e+01,2.827740326767411716e+01,2.834744895377070861e+01,2.858456727552101029e+01,2.845973523585763587e+01,2.812391673927174907e+01,2.841636456336186711e+01,2.862616130372009593e+01,2.943587810927414239e+01,2.865643931880549644e+01,2.910240132770587707e+01,2.936012613299322993e+01,2.955634283115227845e+01,2.974153034777930316e+01,2.951548086047898778e+01,2.957966472422873494e+01,2.814271306655444960e+01,2.838388159856310722e+01,2.808342767644091964e+01
2.843025390380029194e+01,2.931577631792123384e+01,2.993406540185253562e+01,2.942891031841077165e+01,2.816878107938640596e+01,2.963837549715259456e+01,2.812533859623050603e+01,2.876931666037586410e+01,2.859681231463741824e+01,2.864417047406357142e+01,2.870682287606945238e+01,2.880879118123158378e+01,2.917651572347443789e+01,2.885032090047849351e+01,2.888850007396911224e+01,2.929970620698634320e+01,2.866490448074057440e+01,2.958407705139495647e+01,2.963040854606799712e+01,2.927825125229617242e+01,2.902904207577529405e+01,2.893190604714732217e+01,2.917907327347944602e+01,2.914504515744556556e+01
2.897205540789013867e+01,2.897011957739925947e+01,2.987726996211188180e+01,2.963392226284901199e+01,2.900379807154405398e+01,2.903947769557726133e+01,2.871945946742033584e+01,2.891165097132341089e+01,2.852710666149698682e+01,2.827697422208427724e+01,2.826279886768571714e+01,2.835375524955640003e+01,2.895078970096460580e+01,2.824876805601519436e+01,2.850742729096907624e+01,3.017296315471929802e+01,2.925049015876527392e+01,2.879928508973682710e+01,2.938345773877313150e+01,2.859779969170847380e+01,2.940343448530268233e+01,2.973954147634816536e+01,2.948479412849741266e+01,2.945378584132890865e+01
2.874829062695681614e+01,2.937926462250976556e+01,2.937263409331501407e+01,2.991073727870946186e+01,2.898458249300335865e+01,2.967819761871612627e+01,2.867053457742645151e+01,2.930606085684183881e+01,2.842928203011052801e+01,2.944917292131293607e+01,2.826163345281037209e+01,2.879041665937887728e+01,2.841876260824909650e+01,2.911273318475929273e+01,2.830054015567554870e+01,2.876230671618134238e+01,2.846783154369518343e+01,2.906927047572713718e+01,2.828288310494093594e+01,2.915107328794647401e+01,2.842936289545713180e+01,2.957128935866063557e+01,2.933626303077517150e+01,2.940012498655170248e+01
2.971636075063139515e+01,2.842464761994938272e+01,2.916679492911760008e+01,2.826334804832873715e+01,2.926562221923779816e+01,2.791792744827699835e+01,2.870511853676350711e+01,2.873284078781153994e+01,2.902967309150545816e+01,2.869902377291657558e+01,2.923669019937756275e+01,2.907983986796079989e+01,2.955402896782192101e+01,2.818956886054326105e+01,2.901305431365381082e+01,2.882939603719086108e+01,2.930741572676737405e+01,2.889669626581616058e+01,2.849726412085800575e+01,2.871445719691882914e+01,2.847682047072515843e+01,2.937605986323455909e+01,2.898191263868920942e+01,2.884968872887753832e+01
2.814243511502968431e+01,2.814207005337112832e+01,2.923512113723796801e+01,2.837930283573217594e+01,2.832640233924519180e+01,2.970596040802229254e+01,2.896504576055457392e+01,2.906698305357940626e+01,2.870255699311536546e+01,2.770947512290473469e+01,2.902981921921957564e+01,2.945068059707347174e+01,2.894617811454077128e+01,2.877773609829108636e+01,2.873107466773842589e+01,2.879869590387426115e+01,2.905996472245698214e+01,2.910874684725172301e+01,2.842408055878462392e+01,2.900613804608883584e+01,2.970076267908638101e+01,2.958097192460195402e+01,2.908884553793984651e+01,2.924304571099310124e+01
2.911740048243854062e+01,2.931106960982458531e+01,2.967445103721081523e+01,2.941876345440391560e+01,2.960987434269742380e+01,2.829630544058915120e+01,2.892744431868607080e+01,2.935905128029861544e+01,2.996975286286567552e+01,2.838196478247652976e+01,2.933464745174967447e+01,2.937238737528184629e+01,2.863190049705707452e+01,2.920561734629353623e+01,2.948661745737535966e+01,2.902968803084917226e+01,2.954774845032443409e+01,2.894744433311342391e+01,2.951116209249789790e+01,2.837764280154925700e+01,2.990589972863836010e+01,2.888019550623249643e+01,2.929187018481127325e+01,2.898560085799971375e+01
2.900346414215448476e+01,2.925496507381234323e+01,2.843776786507100951e+01,2.867190681594865964e+01,2.791511611198069431e+01,2.816902229130460000e+01,2.933939904050544101e+01,2.915273456335478386e+01,2.838864479186486278e+01,2.940334690308361587e+01,2.858560815726872306e+01,2.862813415237621939e+01,2.909990210897905172e+01,2.925751629561864320e+01,2.780356922208915194e+01,2.911814805358744707e+01,2.853511686642320910e+01,2.884019494712572396e+01,2.882694739860932032e+01,3.013766570223845065e+01,2.949738168404223870e+01,2.874726531859255374e+01,2.930969933900706792e+01,2.940223921599266532e+01
2.827362965535456851e+01,2.930807713329903663e+01,2.908282287514833797e+01,2.783596379417753042e+01,2.804313790158465736e+01,2.863042083364166501e+01,2.880394472054149446e+01,2.863623111193624027e+01,2.902671188907589794e+01,2.812842284122791625e+01,2.935211769273877280e+01,2.865237573718394515e+01,2.933550450216296213e+01,2.845758042845864111e+01,2.967267363573830607e+01,2.884975715167189492e+01,2.881923310459268350e+01,2.937328203296385709e+01,2.923425827482446948e+01,2.889564032987840392e+01,2.964185262161868195e+01,2.932206781003861806e+01,3.051556404396342259e+01,2.949907319032985242e+01
2.955984828710154488e+01,2.967718707902736242e+01,2.869494506171412240e+01,2.962158990934989333e+01,2.856171997509233051e+01,2.942196665115056931e+01,2.875894679115884855e+01,2.896809116951027363e+01,2.838800546304901218e+01,2.858400729229180115e+01,2.947458221779055521e+01,2.949790846985200687e+01,2.938493688555854533e+01,2.917602347526946005e+01,2.942437624084521985e+01,2.892136176213659837e+01,2.871414658385361918e+01,2.852412848843823667e+01,2.916914867137211331e+01,2.943478299543005505e+01,2.912754357835001429e+01,2.954528808530665174e+01,3.035188028466188825e+01,3.102471615622437184e+01
2.855957896179592126e+01,2.773841688006189088e+01,2.952554820405896407e+01,2.884215408020037330e+01,2.799147895512817286e+01,2.903905820748246924e+01,2.928294059116223025e+01,2.821239034208321073e+01,2.785754075436341282e+01,2.824140485051322003e+01,2.907457859861330007e+01,2.908857023812049647e+01,2.925716038388094375e+01,2.932832649384783963e+01,2.857239805918419506e+01,2.875789504021628318e+01,2.979614242608869290e+01,2.953378594111012490e+01,2.831497511644960241e+01,2.900738183381395174e+01,3.051788376859769869e+01,3.021141373417970044e+01,3.075803010508207080e+01,2.951938019993298212e+01
2.891689738697294842e+01,2.898187259134465421e+01,2.835247578163830440e+01,3.040686247324686065e+01,2.908979858771164118e+01,2.878609454969006265e+01,2.872942839156854689e+01,2.868361452414927726e+01,2.928174868607828785e+01,2.824015157156378564e+01,2.884588998027606976e+01,2.968739993653480269e+01,2.837978181274451117e+01,2.998835275140612566e+01,2.946589997470357503e+01,2.958183970461249146e+01,2.874705114282460272e+01,2.939265993823937606e+01,2.960273057732331381e+01,2.935441918099382974e+01,2.939449689172784019e+01,3.003704914096260836e+01,2.883981936176678573e+01,3.005176941253267842e+01
2.942587511604426709e+01,2.955084004457262381e+01,2.852591479594883594e+01,2.840750062971625312e+01,3.006946840301691282e+01,2.971383585567969021e+01,2.877694885703641603e+01,2.745952184034223365e+01,2.951620413888082339e+01,2.894176276792103408e+01,2.924673224311106878e+01,2.921023796465152600e+01,2.822268409430120073e+01,2.873026480187076004e+01,2.885054979132672770e+01,2.882790738998295410e+01,2.944336119756508197e+01,2.936239696403407606e+01,2.910738113295070661e+01,2.912885003713250853e+01,2.938454698848903490e+01,2.950633149477027928e+01,2.968191382033433001e+01,2.884092456763096379e+01
2.880077024523956197e+01,2.787242128489413062e+01,2.869261155154032394e+01,2.840405163459860205e+01,2.873034766228124681e+01,2.941333064569369071e+01,2.828425609226576398e+01,2.911473570822170132e+01,2.837960917773966685e+01,2.877115881715570822e+01,2.945296085423660770e+01,2.920203242755565043e+01,2.782777647942344856e+01,2.959028268349567270e+01,2.877139718530878554e+01,2.938212630485605814e+01,2.890993225260882582e+01,2.914619225730984908e+01,2.896227829760061923e+01,2.921050077514399845e+01,2.911743309995716800e+01,2.993596112902446293e+01,2.929483101093069308e+01,2.939436202806047049e+01
2.813093429670595924e+01,2.793927927812438838e+01,2.912579029429281263e+01,2.776649029618744180e+01,2.911687645524551726e+01,3.003906893810585643e+01,2.914608968534417954e+01,2.883090142500452657e+01,2.835218210166925701e+01,2.821187313072869074e+01,2.813314755401717093e+01,2.900107198637232386e+01,2.945608752596893964e+01,2.871208674404533667e+01,2.915009077402646653e+01,2.862709567454101034e+01,2.884290289189289069e+01,2.883300555299609869e+01,2.876567039592583797e+01,2.851682670244866813e+01,2.901021178261231626e+01,2.918742299818956099e+01,2.918936210633091832e+01,2.957698167384916133e+01
2.838633053892243652e+01,2.866498275114759053e+01,2.892768641813989916e+01,2.814019153445252641e+01,2.935721005891895174e+01,2.816816012553414339e+01,2.927711261058101400e+01,2.753073299603158830e+01,2.743105727095985458e+01,2.849365171604785019e+01,2.956369465866652035e+01,2.871686506247164061e+01,2.929641865908865839e+01,2.983003127631809548e+01,2.844717041489195708e+01,2.895110778608443525e+01,2.932494358795366907e+01,2.961858163706591540e+01,2.892532678754861308e+01,2.759720903955360427e+01,2.943583080007300623e+01,2.927722730604750723e+01,2.951003160555262639e+01,2.748780787063839171e+01
2.838411900655086129e+01,2.855803097757643627e+01,2.892680588405733033e+01,2.807248069559221904e+01,2.829628682613451929e+01,2.804250942960646853e+01,2.747980390351358437e+01,2.807811058625520673e+01,2.825655978570750904e+01,2.895243354383683254e+01,2.916833653388891889e+01,2.775678067581100095e+01,2.930240542518259872e+01,2.931234101355295252e+01,2.958341787816112856e+01,2.892345995799962566e+01,2.904748322116347481e+01,2.990124496178196978e+01,3.106371494851123316e+01,2.909936202354776924e+01,3.012763504498025213e+01,2.982184757458293234e+01,2.965307049355016034e+01,2.972249245175680699e+01
2.911131841528674613e+01,2.998033185622665542e+01,2.800748741969965749e+01,2.948362626711855228e+01,2.870053972824564426e+01,2.785591428228741506e+01,2.802156429870530019e+01,2.831481627400461321e+01,2.838274479178352294e+01,2.891529769910874847e+01,2.895675270583996053e+01,2.998889843058390170e+01,2.960147626087365325e+01,2.964709078270334430e+01,2.880416148461199555e+01,2.910875833827083170e+01,2.878073095426219652e+01,2.886146945615951154e+01,3.005153736758722971e+01,2.977306494842832763e+01,2.829502533845197831e+01,3.083653564939271519e+01,2.934353884640171373e+01,3.033751904221259110e+01
