2.814114051946899053e+01,2.983898164444121903e+01,2.975424991905435945e+01,3.098886971271770108e+01,2.741576393034580406e+01,2.985746050879430413e+01,2.864407887287160293e+01,3.013714150284903326e+01,2.967830402916973753e+01,2.914898630104039512e+01,2.934269547768485609e+01,2.989719193028651034e+01,2.914983909721985356e+01,2.932543740624458906e+01,2.925739292839682548e+01,2.953799526866305314e+01,2.976825903602343715e+01,3.010517050332623512e+01,2.861708827458943460e+01,3.049375406554912615e+01,2.942566439431152503e+01,3.003347902637386824e+01,3.007572006344730653e+01,2.972180201725183224e+01
2.968392848466578471e+01,2.869866457017110406e+01,3.082687709173615076e+01,2.807961038893557770e+01,2.969271505978190362e+01,2.847132017412997129e+01,3.036896382935412930e+01,2.853756892121970168e+01,2.873665056870976287e+01,2.986566290981079419e+01,2.756620158955763600e+01,2.911823797760246180e+01,2.934548339620403112e+01,2.812768864747221187e+01,3.029225853821372993e+01,3.047411677934394447e+01,2.994501097592927863e+01,2.922457229684454205e+01,3.032292670635166587e+01,2.870243068460473523e+01,2.975568952086126728e+01,2.838783340167083225e+01,3.133923993135937280e+01,2.980910163251655831e+01
2.890913928890307716e+01,2.952797878749652227e+01,2.868582750624716482e+01,3.021504151614533384e+01,2.929247924680817050e+01,2.983309266757686373e+01,2.969262322930489972e+01,3.006487067379566724e+01,2.948248234115402511e+01,3.000077396075698744e+01,2.856405912757560372e+01,2.964188926208851171e+01,2.947873634687073263e+01,2.931553057932501360e+01,2.915511901876573120e+01,3.058530641195341104e+01,2.952637823113059312e+01,2.890041597236034931e+01,2.970034802503022320e+01,2.924595900335765464e+01,2.845562608113328906e+01,2.981463458003486267e+01,2.914303019329781819e+01,2.952254045103842373e+01
3.003853055341988920e+01,2.892688869226464021e+01,2.913567052474962793e+01,2.905998460776748971e+01,3.020619042006603649e+01,2.957425770452846336e+01,2.947313954954756809e+01,2.936407511523259473e+01,2.982948061240830384e+01,2.947784632974850183e+01,2.988176144419725233e+01,3.084659912363946432e+01,2.946807899499555106e+01,2.947697017079275383e+01,3.055050472801252681e+01,2.952253169528324861e+01,2.868726597962631786e+01,3.015105601728748752e+01,3.093009522007696432e+01,3.014008030363009993e+01,3.030653662552629157e+01,2.967961774011541820e+01,2.993890162061268256e+01,2.895466041176450744e+01
2.874751826746108918e+01,3.015560231517548573e+01,2.916845660691058129e+01,3.026086740477057901e+01,2.891972288968855764e+01,2.953120492143557385e+01,2.739091832607346078e+01,2.951308298809857433e+01,2.899860136463456683e+01,3.048675211438404631e+01,2.845265198632080228e+01,2.974700120678568283e+01,2.915976198068307212e+01,3.062235499839749764e+01,2.867015188547304660e+01,2.960987621788234492e+01,2.890178438538936234e+01,2.979646682921395495e+01,2.950556601229135367e+01,2.999765658309212313e+01,2.839548311569649286e+01,2.952769548408787159e+01,2.950483772442817099e+01,2.972213298890994793e+01
2.955871286064842707e+01,2.910420230059042979e+01,3.010306289309437489e+01,2.840844793876203767e+01,2.874769856850582528e+01,2.852910925619704585e+01,2.812824462581596663e+01,2.842672679477163911e+01,2.967793050196610238e+01,2.969519115451430480e+01,2.925647269607918588e+01,2.900246347267858482e+01,2.942262608060360662e+01,2.941766295104690698e+01,2.947113585197928387e+01,2.902003438759624032e+01,2.975828308473046491e+01,2.916899276365319338e+01,2.998582499965488068e+01,2.978594117921358020e+01,2.984057624907330819e+01,2.989820966922559364e+01,3.009350800173501739e+01,2.848164665819467700e+01
2.978451816864759394e+01,2.966118942856007834e+01,2.925928530550015694e+01,2.959652724926712608e+01,2.906362972738128292e+01,2.977525118608645016e+01,2.934086879858836028e+01,2.987016087595259251e+01,2.944430725504867041e+01,2.950735938157060900e+01,2.962783921806476428e+01,2.947830373647610713e+01,3.021160530368234731e+01,2.954935193411267846e+01,2.941650492922690319e+01,2.940360354656411346e+01,2.940801883098185954e+01,2.978805785300102116e+01,2.951809903236738819e+01,2.985050083070933624e+01,3.083243978833155552e+01,2.937896752844312687e+01,3.022971327905275984e+01,2.995938221619775277e+01
2.974510131852269978e+01,3.004757508413058531e+01,2.906169335170420709e+01,3.016333705983737445e+01,2.881245817262873743e+01,2.862338249784158961e+01,2.955250941781520169e+01,3.055624560825236813e+01,2.964648041152344149e+01,2.895158786417971442e+01,3.006808147098649897e+01,2.984996775444307104e+01,2.983019729661259589e+01,2.930137921420157454e+01,2.990067820265562659e+01,2.934219473397808997e+01,2.948023527962726575e+01,2.978567866792792529e+01,2.915117665668077507e+01,3.024232366788237414e+01,2.911914778644961643e+01,3.009483183007637308e+01,3.004959518663849849e+01,2.954976613336106084e+01
2.824353693831085366e+01,3.055559471875045574e+01,2.849011644482686734e+01,2.959052951104746398e+01,2.856806050882465797e+01,2.949415045504355248e+01,2.863538879352228150e+01,2.898488137667504816e+01,2.855910671990449146e+01,2.942391288232914803e+01,2.881122558365558461e+01,2.947028832336923188e+01,3.014399715703564198e+01,2.957525920193114644e+01,2.883996723017958175e+01,2.982356560147565006e+01,2.836111762500269151e+01,2.951717278093650521e+01,2.929511251099916080e+01,2.872149317975231497e+01,2.973519409035407080e+01,3.075373394686505435e+01,2.850477762026133632e+01,2.926084337540657998e+01
3.036570228128897497e+01,2.999390852936005558e+01,2.923413902636866624e+01,2.833541115961122614e+01,2.944773231457259044e+01,2.886316979675547145e+01,2.990018370261634573e+01,2.915444559039866590e+01,2.879576177154416428e+01,2.916093647204411354e+01,2.980515947723961290e+01,2.833752067206978609e+01,2.936683446720957136e+01,2.961845731077607979e+01,2.965967244127529057e+01,2.929361666410665066e+01,2.944888770364667607e+01,2.908600694731308067e+01,2.963600496998071776e+01,2.989754456459684206e+01,2.977634161136359126e+01,2.966173474543057864e+01,2.942900344009154878e+01,2.860185290523918411e+01
2.852784180927210400e+01,3.005709034836326055e+01,2.842039092948294865e+01,2.938549624759019707e+01,2.849673275239535997e+01,2.889920094551229113e+01,2.908148599522064615e+01,3.058975481283215458e+01,3.032879189112378526e+01,2.954391837036672541e+01,2.930130150020056590e+01,2.967417701205994263e+01,2.970987416078975230e+01,2.973460349051060803e+01,2.910117424278359977e+01,2.896211599917137391e+01,2.997992270760522615e+01,2.928570245262835670e+01,3.011427716014060252e+01,2.959137131823382560e+01,3.001210153913768863e+01,2.983936795615795745e+01,2.993161177508795845e+01,2.948954408145675643e+01
2.998393984952451774e+01,2.868471037985329986e+01,2.995225387626425118e+01,2.956268492694636052e+01,2.981672594695174894e+01,2.914791781826716033e+01,2.936506030110325582e+01,2.993484000343539719e+01,2.998180109033233975e+01,2.899066755215534386e+01,2.895709592938914057e+01,3.000268889203726985e+01,2.925588182718513508e+01,2.994640139390111244e+01,2.957442050855888738e+01,2.903247890670820652e+01,2.973739850487538661e+01,3.000277021263212873e+01,2.985051302314775512e+01,3.036140478023804690e+01,2.999682851939957118e+01,3.087437518673266368e+01,3.033792080487495468e+01,2.971376847196324889e+01
2.901768461233348262e+01,2.981081908834897831e+01,2.884216259458997911e+01,3.012502409896336530e+01,2.932344029087931858e+01,2.920650833151427150e+01,2.920803343227311188e+01,2.907377946435349259e+01,2.967661411183740938e+01,2.931458831147614319e+01,2.840795721666785312e+01,2.956797831786315101e+01,3.006838085055096599e+01,2.998312971475468203e+01,2.999738235537444098e+01,3.043141772671913259e+01,3.010153249951434873e+01,3.051995901355667229e+01,3.008671616062252951e+01,3.071054579566606435e+01,3.003465913897201744e+01,2.976684644737025565e+01,2.986840870421110594e+01,2.952630999389151611e+01
2.950871903081400660e+01,2.912222927314871868e+01,2.877851677725942636e+01,2.856133716065954786e+01,2.976259424520605990e+01,2.863582410689440394e+01,2.961438509418746889e+01,2.912658526360149835e+01,2.992149465356914106e+01,3.003131209367001020e+01,2.974863816068523192e+01,2.921460979179056494e+01,2.971188867042752690e+01,2.954116282204853405e+01,3.026907770621579630e+01,3.091008229784370087e+01,3.070711217184128827e+01,3.076888763318328301e+01,3.052522321380820358e+01,3.076678387597746678e+01,3.112055073725326793e+01,3.118639761948878686e+01,3.040705010755436888e+01,3.106014935485370643e+01
2.907919076747015197e+01,2.977158848333692731e+01,2.859919637405397452e+01,2.947081492570623595e+01,3.032999974824986111e+01,2.970257280946958645e+01,2.962914387157729834e+01,2.922421280804695698e+01,3.055487562018117842e+01,2.964651733448329196e+01,2.874216111143323360e+01,3.024867329233791224e+01,2.973813573695338164e+01,3.189513435153787668e+01,3.381246741752835305e+01,3.350358294094905887e+01,3.262353277094922532e+01,3.106645806049959901e+01,3.071045920669888574e+01,3.037640670983597602e+01,3.023388519234146088e+01,3.131114997055766480e+01,3.158123161598979323e+01,3.045596212568534611e+01
3.041579025851683582e+01,3.025492316895162048e+01,2.938796379873690512e+01,2.975993128993366099e+01,2.889582923426746675e+01,2.994550770943197904e+01,2.952110532888747230e+01,3.008165436849265006e+01,2.978696311949255460e+01,2.909444943365662084e+01,2.987537581958247301e+01,2.957534616595995658e+01,3.114057521413906215e+01,3.361236728190181111e+01,3.402671960221550762e+01,3.479967277437691564e+01,3.342135201970700109e+01,3.294630215904260240e+01,3.097697276698056612e+01,3.172672873210291300e+01,3.110902910762240481e+01,3.146617429361947416e+01,3.152471640680340670e+01,3.072248302356467775e+01
2.952559395135710929e+01,2.992524162702864032e+01,2.891960793749848335e+01,3.037082690781602423e+01,2.878667275837398165e+01,2.956805414366164086e+01,2.850200258614739823e+01,2.858479486397726532e+01,2.965130675979474972e+01,2.995120719822557476e+01,2.921391248114446171e+01,2.952230667660757035e+01,3.148540212354453161e+01,3.320374841601562821e+01,3.403902662902697784e+01,3.444414595646821908e+01,3.282914864080538564e+01,3.130671081668486977e+01,2.916514121718262231e+01,2.995216814021966911e+01,3.021278880360398489e+01,2.992144500851543398e+01,3.014395774696959052e+01,2.946323188112666003e+01
2.991325841414840170e+01,2.972512344459704536e+01,3.031366177819705854e+01,2.969311195304169360e+01,3.022821507364687932e+01,2.928623051730937732e+01,2.868232415136867530e+01,2.858457938580926339e+01,2.927432300061514070e+01,2.972278518077592935e+01,3.041741196519535606e+01,2.873627496003706483e+01,3.149893788623171531e+01,3.335031061463570268e+01,3.407226971432345408e+01,3.396790249876318057e+01,3.241289664496719070e+01,3.131958685803687104e+01,3.080693795127535850e+01,2.926588509592374976e+01,3.084968130251053253e+01,3.003964301240489476e+01,3.128276612133561230e+01,3.059091204088559834e+01
3.028164431855299199e+01,2.882443752784394064e+01,2.932531831228345709e+01,2.994518395164175217e+01,2.940582368467357810e+01,2.935026315388273588e+01,2.918324194801471094e+01,3.011502751490030505e+01,2.983528197553556538e+01,3.006280163598569288e+01,2.969871768641013432e+01,2.942805952694766347e+01,3.096739991061741648e+01,3.353668193033036005e+01,3.508760410394773999e+01,3.448069075739880418e+01,3.292052530065132032e+01,3.093022624917591656e+01,3.081815077750354703e+01,3.126177470554046067e+01,3.259639906275162957e+01,3.268031758441827606e+01,3.303982617351044837e+01,3.190524298023109395e+01
2.835485593360101575e+01,2.910079720970526296e+01,2.961911095677197636e+01,2.945020416253703388e+01,2.961116892418834823e+01,3.002243122086002813e+01,2.949537857403373664e+01,2.987445060459708657e+01,2.888429973270501705e+01,2.935332033014429953e+01,2.904112482995361688e+01,2.991225419965155652e+01,3.013228619874166725e+01,3.220734145344817989e+01,3.491631255739963535e+01,3.553472370356757892e+01,3.307478311514955749e+01,3.174217727502798425e+01,3.083469648068768265e+01,3.168055545718635813e+01,3.245600461307367368e+01,3.347061339176627826e+01,3.359751470529477047e+01,3.403470398411246833e+01
2.869917211387536327e+01,2.893341824489607461e+01,2.908459343703799505e+01,2.850881918545348981e+01,2.921372256781893384e+01,2.990648324487966647e+01,2.853361875846547946e+01,3.058122041093884036e+01,2.840003277723144492e+01,2.990109324111250544e+01,2.945500953697467139e+01,3.038384966729842063e+01,3.154644045089798965e+01,3.358690899564419396e+01,3.444661317177832416e+01,3.485011419671053545e+01,3.313819416886917679e+01,3.162582842255250171e+01,3.294633632468384121e+01,3.370729026533956585e+01,3.415798157310058514e+01,3.490031206324124469e+01,3.474971444837922263e+01,3.469089364618270110e+01
2.901420388557841079e+01,2.864253928928019377e+01,2.844913281844691255e+01,2.845205380129067407e+01,2.901429070772832119e+01,2.830755830129766082e+01,2.865137470628468463e+01,2.893327910379815648e+01,2.961198779002859283e+01,2.969812449577779034e+01,3.209615591206772933e+01,3.156508177281324379e+01,3.195566945327368558e+01,3.414431168713412035e+01,3.362704436362758997e+01,3.319344855728701305e+01,3.236007553662875580e+01,3.160621641686208250e+01,3.339479272875752258e+01,3.378032331663609966e+01,3.498524023521468962e+01,3.421597256381119223e+01,3.486103073221067916e+01,3.455847539799430024e+01
2.950375564624539493e+01,2.972029286062200981e+01,2.886434220498091463e+01,2.900297187915396080e+01,2.912983941268629451e+01,2.974248221837530082e+01,2.967535433397796396e+01,3.026370794284122212e+01,3.109896882871794332e+01,3.129851296837011887e+01,3.291082907424618043e+01,3.243314573829104575e+01,3.200100300237829742e+01,3.269130458185463795e+01,3.415988155826750017e+01,3.358127530819518825e+01,3.257922037447934827e+01,3.197686668431634871e+01,3.286393874568148021e+01,3.447894690550373298e+01,3.539141899989488138e+01,3.514708692697331571e+01,3.463501284391344370e+01,3.477853218206848851e+01
2.935845888154170780e+01,2.966122009712415775e+01,3.066641100535650821e+01,2.862641893248337510e+01,2.894991386575622982e+01,2.957233183653301012e+01,3.040147650641802102e+01,3.054052333948840214e+01,3.170966844844951993e+01,3.300230558518325097e+01,3.241142182113048875e+01,3.369532621546903783e+01,3.286788062379270059e+01,3.188828925485620402e+01,3.333059927469417971e+01,3.326192259002209539e+01,3.238238286480213901e+01,3.264931879311069451e+01,3.371784188714019592e+01,3.457778638325936527e+01,3.501173462990669805e+01,3.432609250862094541e+01,3.421512952580212641e+01,3.554271807820146023e+01
2.960399254316814677e+01,3.022643760081723485e+01,2.930617156696706616e+01,2.904978869209105596e+01,2.739359849087202292e+01,2.941896138171154007e+01,2.979827139962850424e+01,3.058999189832110233e+01,3.210081786781444180e+01,3.352734467848404165e+01,3.355901236150191380e+01,3.325637754199044593e+01,3.179429101701924765e+01,3.241473675279803501e+01,3.146679552738089569e+01,3.169068342614474432e+01,3.181488427858243995e+01,3.295673361444499960e+01,3.339540546892419570e+01,3.446007225118205497e+01,3.455607629859866847e+01,3.484966596500521518e+01,3.467292522878432237e+01,3.427877553525240728e+01
2.914362116814857018e+01,2.960381012745875751e+01,2.856730269665945343e+01,2.860281217830566902e+01,2.929049383709525500e+01,2.950302554843761982e+01,3.020478857871120226e+01,3.118104575970966152e+01,3.304546203578541963e+01,3.300870768590368698e+01,3.357013996201544614e+01,3.173924749731367001e+01,3.245176593254399222e+01,3.222187960452390598e+01,3.156722209517073452e+01,3.110375148291046798e+01,3.051793462088755859e+01,3.178975452784800382e+01,3.316507653693935254e+01,3.443967637246038294e+01,3.377011281348012517e+01,3.471548094498524506e+01,3.521615591986892468e+01,3.469364183566142401e+01
2.965610402860642125e+01,3.000071821102460490e+01,2.936520784096308034e+01,2.946019233537498394e+01,2.945284655821581055e+01,2.873929336022723646e+01,3.143709891594971850e+01,3.166435308504844670e+01,3.412565128252754221e+01,3.412578643930368116e+01,3.337002460517163627e+01,3.318453712762561736e+01,3.252515608101219868e+01,3.304942330632513858e+01,3.259706376584131249e+01,3.119079423845323618e+01,3.195805764150298955e+01,3.210953056300132857e+01,3.358981512104821832e+01,3.328833861969849295e+01,3.452059834542751560e+01,3.414167210106876382e+01,3.477113319991468643e+01,3.383856416723915572e+01
2.904458253605145046e+01,3.038415272005761381e+01,2.891838944257057165e+01,3.029431293493496469e+01,2.853688670604555000e+01,3.096589110443335358e+01,3.273059454708635485e+01,3.398636711898603835e+01,3.415723822085413985e+01,3.317582030560629391e+01,3.240962472019265306e+01,3.334157448054452288e+01,3.262614206243466697e+01,3.209909224420857754e+01,3.209013142278337227e+01,3.172570037756713646e+01,3.242744546410239082e+01,3.297183760614660741e+01,3.279058925015726800e+01,3.223780162168458219e+01,3.304449118826806853e+01,3.400842982149396221e+01,3.441598861631450745e+01,3.530595042132216577e+01
2.839280315372798214e+01,2.960374120239617923e+01,2.912673164723219088e+01,2.932056250610651205e+01,3.013984519502378134e+01,3.126001827235705832e+01,3.313756923701544110e+01,3.530816310514398992e+01,3.201110657795913994e+01,3.187801360730259148e+01,3.356899587025844767e+01,3.256992586500189191e+01,3.277060627720140928e+01,3.244236034402217683e+01,3.313317052580958944e+01,3.227930219030906756e+01,3.313016510114698576e+01,3.279234281545404883e+01,3.185193573451863358e+01,3.242987961062772229e+01,3.182154708596146975e+01,3.163526979955344132e+01,3.275148105306408297e+01,3.252613332852052963e+01
3.058007326353617827e+01,2.938900325600212682e+01,2.984455929915708339e+01,2.903341867387189268e+01,3.044176924091476621e+01,3.049285201029613290e+01,3.347707271354227032e+01,3.422752370861883264e+01,3.269422792757353591e+01,3.154369458957006600e+01,3.338026510224165122e+01,3.269413297285956332e+01,3.195569902356453440e+01,3.167457723240755740e+01,3.171942961826385954e+01,3.291009629580264573e+01,3.222747733598845343e+01,3.304350375244882798e+01,3.287756630097419475e+01,3.196391317148669486e+01,3.088475321315547717e+01,3.153248573565520019e+01,3.228843672816697108e+01,3.158242213310114721e+01
3.029148356709833934e+01,3.038484049764650763e+01,3.041533917608416004e+01,3.072425168241528581e+01,3.084419506410506528e+01,3.299210925400944916e+01,3.585539163762672388e+01,3.467995806826172611e+01,3.454714962152075941e+01,3.354176770837995036e+01,3.301934611114830886e+01,3.207441937974846269e+01,3.192287457326978029e+01,3.114509840587305689e+01,3.285217070432156561e+01,3.223471836816133873e+01,3.279385509034568713e+01,3.260268414974706275e+01,3.356459853450883202e+01,3.355318251858329859e+01,3.405707654884059821e+01,3.423587812197843050e+01,3.403805542464812106e+01,3.276539087035280318e+01
2.993169293795369867e+01,3.001356674483861298e+01,3.001125187784407444e+01,3.069691684250977914e+01,3.150236891396025385e+01,3.374378743300565020e+01,3.503833742476621183e+01,3.496874595930029272e+01,3.472873803477835963e+01,3.351651276555594450e+01,3.294122786547336545e+01,3.307274371369010169e+01,3.286860351216961362e+01,3.287604966868434531e+01,3.277469796191786600e+01,3.219902960701148231e+01,3.235030204811971544e+01,3.259873904234876818e+01,3.372282265820712155e+01,3.428229658464221075e+01,3.391657884045605442e+01,3.460412972083150862e+01,3.497322733301155040e+01,3.385559351017803920e+01
