2.674812534386052221e+01,2.851865471695879251e+01,2.822216631649541796e+01,2.852673838083654800e+01,2.779733957594879712e+01,2.856295081417101756e+01,2.767930265124977041e+01,2.924263738146379410e+01,2.795866361493841623e+01,2.861222038220176955e+01,2.669566212606298450e+01,2.867105709417842263e+01,2.673378949536697746e+01,2.896075581445069247e+01,2.636952725558819566e+01,2.851935369062783820e+01,2.780351622429498093e+01,2.799307686930882255e+01,2.733443844438005499e+01,2.861742896406065029e+01,2.798074730421683398e+01,3.006923113972129613e+01,2.918066195029797427e+01,3.039623131791842070e+01
2.866551739617102612e+01,2.881106421319435640e+01,2.915011397081349287e+01,2.724727234849473234e+01,2.867322881576154714e+01,2.826655057824387995e+01,2.833014039953258134e+01,2.750667640794245017e+01,2.824130747427869892e+01,2.745351172753487390e+01,2.870726300562472488e+01,2.688983818679565729e+01,2.762521246302111422e+01,2.760189518263501895e+01,2.880752416249640646e+01,2.760870336786717871e+01,2.870399700726403580e+01,2.766208726187340972e+01,2.866029556853516169e+01,2.737456538967546749e+01,2.952528383196931827e+01,2.919169095104456346e+01,2.885372243103103074e+01,2.762262441353209397e+01
2.687158070346828254e+01,2.912026482098804081e+01,2.806025117402737123e+01,2.728609484022115339e+01,2.782911926446161033e+01,2.889883337790996620e+01,2.750641450083116979e+01,2.944024428940969074e+01,2.833467369998260210e+01,2.807875000910559038e+01,2.734738797277674394e+01,2.829391618116630980e+01,2.763170517332247300e+01,2.835744954581826960e+01,2.770169006762802155e+01,2.861076228982688008e+01,2.707260285817443446e+01,2.799718491210978755e+01,2.809047345485925007e+01,2.857384235086016133e+01,2.800697405112600791e+01,2.989022639106923407e+01,2.812682880559640353e+01,3.042396385109492485e+01
2.887351701250327096e+01,2.708504766362790406e+01,2.972142711883594757e+01,2.874981036025832282e+01,2.861406428277564373e+01,2.806698500300416299e+01,2.888813876721786755e+01,2.756411239279805159e+01,2.872883625311584410e+01,2.763383924827587634e+01,2.851955584408239019e+01,2.798571326834900219e+01,2.806781672606643951e+01,2.816907648015387622e+01,2.917478958616476348e+01,2.884278851275638544e+01,2.873771822246328611e+01,2.846653077720219471e+01,2.981507157024981325e+01,2.972985766386187834e+01,2.903811143966134978e+01,2.893221943340279267e+01,2.942679541458943504e+01,2.807140942900798564e+01
2.781164544533180560e+01,2.856805005775521522e+01,2.742861207934981849e+01,2.921011454263441465e+01,2.796655703361193446e+01,2.901829757306995816e+01,2.689311819211383181e+01,2.825817740153729574e+01,2.650985208693089135e+01,2.843420166101145696e+01,2.787859823174136409e+01,2.956903055650309398e+01,2.779506425232835909e+01,2.891786478431509977e+01,2.804352924638936884e+01,2.844151014977882141e+01,2.754967682902480419e+01,2.791208254464396532e+01,2.857570614837806033e+01,2.872735474678893297e+01,2.815222791502804967e+01,2.852331673350221308e+01,2.810294865044733115e+01,2.961849020269806942e+01
2.937933266852473935e+01,2.832255686415311402e+01,2.951997435223643151e+01,2.705545087830375905e+01,2.842888391114138358e+01,2.769341567196829601e+01,2.915226168119744443e+01,2.772210841844645302e+01,2.861752160296992997e+01,2.738768292778490832e+01,2.885818031874202916e+01,2.705080947786052548e+01,2.829028398466402905e+01,2.838041422875363651e+01,2.943599446703308331e+01,2.799053903866786186e+01,2.750653567952463163e+01,2.701257408114963710e+01,2.965938868301043385e+01,2.764762626390114519e+01,2.937546551158214925e+01,2.740350544881050610e+01,2.793792351101967597e+01,2.809704103651557716e+01
2.854032207125771947e+01,2.827054278686813404e+01,2.853584518397514103e+01,2.850613600471234577e+01,2.863636437649279287e+01,2.780408325794752500e+01,2.858838845044374466e+01,2.820559857674044224e+01,2.768754828524231471e+01,2.873093354675188493e+01,2.766207527865969951e+01,2.811802195868733634e+01,2.824425412641602406e+01,2.871565577303090322e+01,2.851000689659349518e+01,2.802398517947108303e+01,2.688772653680933900e+01,2.770706188862357067e+01,2.849445307064235067e+01,2.853375670648284768e+01,2.815006529643034128e+01,2.903946697320861858e+01,2.755551628967572242e+01,2.855493173410178542e+01
2.964333714090452077e+01,2.828179499551049503e+01,2.883465188153559211e+01,2.834802372145986737e+01,2.860739655886368382e+01,2.806394366742227930e+01,2.866906078736741392e+01,2.824777602503161233e+01,2.814036840421670149e+01,2.716054350792461491e+01,2.815463403569953016e+01,2.893043396661516908e+01,2.900691009058249392e+01,2.820809509252495673e+01,2.977320710727468622e+01,2.859860437790825927e+01,2.811636119474121642e+01,2.816495402595518271e+01,2.855521081071606204e+01,2.807945855678104863e+01,3.064605393441837577e+01,2.794486283115270453e+01,2.984362497990019847e+01,2.903001303835696945e+01
2.772534958655899118e+01,2.942644300626687937e+01,2.800620548744529970e+01,2.870000448756076139e+01,2.796296268163177956e+01,2.890029938009519128e+01,2.815071746906147609e+01,2.869456128828915098e+01,2.746393151392686605e+01,2.852485386772076481e+01,2.818645112484682613e+01,2.937228663591309896e+01,2.794536662918886805e+01,2.876812448152190882e+01,2.838398700762661520e+01,2.887031519639458566e+01,2.667851503866586427e+01,2.838455737106011156e+01,2.798523155637570881e+01,2.849307336427739301e+01,2.775488301972336558e+01,2.989469247696661114e+01,2.888354873462759542e+01,2.985846473972094373e+01
2.907657904055906783e+01,2.796777754206254940e+01,2.843150058298772365e+01,2.721713483680554191e+01,2.867923821016387365e+01,2.764221673275972080e+01,2.852149607520107111e+01,2.787712180075163815e+01,2.914931725976606458e+01,2.714256952463955486e+01,2.906508206310468267e+01,2.857644095167523801e+01,2.923380376118683444e+01,2.808459896302997549e+01,2.869776050213749841e+01,2.826273503492365080e+01,2.798610070766693525e+01,2.634338243854750772e+01,2.855279759804022888e+01,2.892942670850374043e+01,2.946189094254327756e+01,2.748709262875621562e+01,3.016560785517532395e+01,2.797230326188025629e+01
2.834539666448210937e+01,2.850496727809593267e+01,2.867955348887733180e+01,2.869093005356336334e+01,2.842295753096061617e+01,2.923306104713969944e+01,2.760343716823717841e+01,2.863003203482361414e+01,2.815537317309298260e+01,2.827237604499765666e+01,2.692179393053140757e+01,2.871504857393426846e+01,2.801115010155331220e+01,2.876114640567425340e+01,2.806699593652615476e+01,2.931610665700327445e+01,2.777812795651783517e+01,2.799962420702843247e+01,2.757003091516156701e+01,2.866197274810775752e+01,2.820085203226886961e+01,2.916301588531968036e+01,2.871591179376503078e+01,2.962181225903879067e+01
2.864555133714100066e+01,2.820947570315360053e+01,2.968393585227136100e+01,2.857441733450514221e+01,2.959477979822770521e+01,2.826854806271018106e+01,2.941059513669767966e+01,2.846432648859973824e+01,2.906959559401309434e+01,2.798635835309369213e+01,2.800407911964481400e+01,2.862458978912457042e+01,2.843892114116823677e+01,2.804856157211293066e+01,2.859516092097823048e+01,2.764711335216685484e+01,2.842298279266049121e+01,2.744090833917147165e+01,2.771572796994104237e+01,2.849698504055828607e+01,2.874109833914184264e+01,2.936161313077735713e+01,2.953583327631747579e+01,2.989646332850833232e+01
2.830118313015333342e+01,2.928768786229670695e+01,2.858502671978322951e+01,2.877566345591077379e+01,2.771604251368586347e+01,2.972183079125608174e+01,2.753603407584625984e+01,2.910789112724825145e+01,2.764179345870815041e+01,2.915424256537369274e+01,2.822074391673487526e+01,2.871369462594725519e+01,2.782657042792209268e+01,2.858069712618976155e+01,2.792614357045431461e+01,2.854802721985220160e+01,2.719645831543675740e+01,2.848401272222332636e+01,2.753375876171048731e+01,2.852681527953870955e+01,2.889114873918703097e+01,2.935953407888990796e+01,2.840883110954018775e+01,2.772526765137661187e+01
2.927333528749892366e+01,2.819488913198284763e+01,2.964132610151983727e+01,2.842054167482541516e+01,2.961594496578436519e+01,2.841802305191600908e+01,2.974188435740819614e+01,2.795781784143940740e+01,2.876744909964503449e+01,2.765078380274854908e+01,2.976089613535299350e+01,2.832846905887993216e+01,2.930058083074254682e+01,2.857834882696664636e+01,2.858141254488492677e+01,2.719702964195113282e+01,2.786257220213394703e+01,2.770871564099473972e+01,2.784534093439083335e+01,2.787087176269369593e+01,2.863549454973480124e+01,2.812530037926234172e+01,2.935411710865594159e+01,2.870063007773160280e+01
2.839544742529920995e+01,2.912504412164929590e+01,2.779883049010203422e+01,2.796596992970933115e+01,2.852587041826325276e+01,2.952130093195626159e+01,2.832055152276473109e+01,2.863405119281014777e+01,2.902881531471717835e+01,2.881738894841021192e+01,2.850573166572638684e+01,2.889768806695155945e+01,2.834040263014821903e+01,2.891376202687905561e+01,2.852761979096743516e+01,2.742581438951862083e+01,2.725541555767404134e+01,2.720783901452466580e+01,2.833897212080131567e+01,2.856759264887739391e+01,2.838556268822833317e+01,2.794458527409256021e+01,2.852928630830700740e+01,2.851006114044565720e+01
2.883125130191581320e+01,2.875373028360155558e+01,2.919320323317623433e+01,2.872477751389874356e+01,2.927792536364671605e+01,2.882496161505292775e+01,2.842489086981782975e+01,2.855198083418019905e+01,2.929548550770329030e+01,2.935509240508406492e+01,2.967779793022020840e+01,2.847871960859225737e+01,2.879656201697520146e+01,2.769159368517932762e+01,2.833693803488455387e+01,2.876134966876981025e+01,2.883622531769646002e+01,2.761838560730075187e+01,2.831269205133042988e+01,2.800659696960656220e+01,2.880470161679841112e+01,2.873659139257949846e+01,2.943746819787605773e+01,2.924504008034915614e+01
2.800668497812068836e+01,2.955406886738717276e+01,2.937465435503742128e+01,2.918569021683714482e+01,2.816771317398149677e+01,2.862833546543623697e+01,2.782681071382324944e+01,2.944437676237060941e+01,2.826934601326337315e+01,2.940858577220126335e+01,2.831721020438055803e+01,2.814325166064793393e+01,2.812530316337932845e+01,2.894438508379545283e+01,2.767280419148187320e+01,2.796314075679521238e+01,2.763898178555274399e+01,2.811075626809929418e+01,2.794967521795422272e+01,2.859166429201644632e+01,2.868512363456903813e+01,2.980132544366261982e+01,2.813743997634804828e+01,2.922786074109359333e+01
2.922736612266589873e+01,2.799269322441341501e+01,2.937541031662169644e+01,2.867452466679327472e+01,2.986553628877646815e+01,2.815826592941505169e+01,2.889106114738638098e+01,2.902266903953903920e+01,2.906980200653481461e+01,2.731428764110944485e+01,2.856901481662350761e+01,2.780938981107237851e+01,2.786084302266237955e+01,2.760783163938168627e+01,2.887039654253152321e+01,2.758825126069729095e+01,2.711108773292176011e+01,2.609437698215157297e+01,2.797564248851648472e+01,2.787087176269369593e+01,2.938233600265596124e+01,2.852224283115862136e+01,2.970298658345825515e+01,2.875310918161261498e+01
3.093552708911880700e+01,3.197158692234313548e+01,3.093159650695218943e+01,3.119074841959854894e+01,3.043478750879165773e+01,3.004257135896619957e+01,2.923846324464182089e+01,2.984756202714476103e+01,2.933011170715690241e+01,2.925516553833421085e+01,2.867917337113266285e+01,2.911512132038717482e+01,2.808590214980449673e+01,2.782014324636645597e+01,2.771922743705511039e+01,2.879046221924642168e+01,2.686750493387239658e+01,2.673869822123003814e+01,2.826021991577960080e+01,2.843671597506346416e+01,2.869944038012016563e+01,3.038054616510601136e+01,2.820630421932565923e+01,2.835189315808526089e+01
3.286412221251941901e+01,3.144837750989779579e+01,3.304829708236775332e+01,3.271217438203035499e+01,3.234654708967048009e+01,3.155863125789272772e+01,3.129852628982149554e+01,3.054896497595183291e+01,3.009500924232065699e+01,2.914233693139993875e+01,2.947230346562923842e+01,2.956644511021448807e+01,2.779789712458665463e+01,2.800733630737909152e+01,2.970808391752399302e+01,2.781706083075238212e+01,2.876977596935120118e+01,2.698188199683238508e+01,2.852046900839337695e+01,2.792651416849361112e+01,2.930745479428395583e+01,2.974062339107194930e+01,2.865645939591934166e+01,2.955166405145683939e+01
3.114072711419197503e+01,3.262524503799295417e+01,3.155012593907184737e+01,3.344756938823320525e+01,3.217931785249072618e+01,3.230386238206403959e+01,3.105172981845817048e+01,3.202149301332173081e+01,2.905643714188988724e+01,2.904560553214622587e+01,2.824545144972597654e+01,2.969616740393291821e+01,2.718074984525009086e+01,2.783421739220739255e+01,2.885682910382831778e+01,2.815679913321054073e+01,2.726713085119661173e+01,2.859991148294454888e+01,2.757841416188330186e+01,2.939659193033247675e+01,2.836620060044742786e+01,2.883662187589709447e+01,2.888912912233388397e+01,2.975739908781281429e+01
3.097812476114495439e+01,2.948828493072744550e+01,3.140088385606486554e+01,3.070846517627768435e+01,3.223038436885076408e+01,3.090190842192225773e+01,3.167924822006784780e+01,3.084694093473757448e+01,3.002930956020895792e+01,2.834754422481063330e+01,2.978401696867734927e+01,2.868797511092071773e+01,2.879570832669065794e+01,2.714413686425172045e+01,2.983509044960743495e+01,2.817947031564114013e+01,2.770234098064139516e+01,2.671149202635433539e+01,2.957982723844264683e+01,2.907277263885856655e+01,2.894183362542281657e+01,2.825814642668927945e+01,2.995047792549189580e+01,2.863006183216651834e+01
3.034509546549162451e+01,2.975016973121904584e+01,2.929307858824523692e+01,2.963667698806870021e+01,2.939517652307733897e+01,2.967290996781781587e+01,2.914987335933801660e+01,3.013100379956313191e+01,2.858470043860262422e+01,2.884420275159806124e+01,2.938057009558110622e+01,2.997926444703716697e+01,2.794536662918886805e+01,2.837092272169695661e+01,2.811257406736808662e+01,2.720678256174551279e+01,2.657956191420532832e+01,2.687880091430537277e+01,2.790187258311522100e+01,2.854920343436492658e+01,2.833777779632345073e+01,2.990533182440668725e+01,2.852561769585548745e+01,2.907547397547409673e+01
2.911751565964385691e+01,2.802705367197552278e+01,2.985009100875640797e+01,2.941298210238880984e+01,2.971152450214111695e+01,2.945898605256928704e+01,2.921593450669877257e+01,2.927083337492200599e+01,2.924830843382005696e+01,2.912178285092858232e+01,3.029880836466998062e+01,2.915009237001856945e+01,2.885798007143597488e+01,2.778616549566794447e+01,2.900877134654598422e+01,2.768895977362774374e+01,2.835966001503771849e+01,2.751608415461345203e+01,2.812733256780671809e+01,2.877172604813205226e+01,2.958720368358802943e+01,2.950052481677784044e+01,2.961089174618155084e+01,2.919691317762368499e+01
2.842854819662949240e+01,2.846498459167293049e+01,2.841885494070646700e+01,2.878088169563511656e+01,2.788485882021137741e+01,2.952496491772848231e+01,2.929245260463699196e+01,2.921686109320177138e+01,2.941786063394454231e+01,3.143224224324529814e+01,2.897246541314973456e+01,2.959260193855448051e+01,2.805502425241189712e+01,2.803144367585684904e+01,2.789226337207770712e+01,2.764750187471963727e+01,2.631204461859806543e+01,2.823161009506418395e+01,2.859976779883749032e+01,2.867618342049900093e+01,2.794756518838312331e+01,2.990296891556965875e+01,2.843738883222965796e+01,2.862381132446842003e+01
2.897183044711499633e+01,2.865042049302837768e+01,2.860040370463565296e+01,2.830319261991826352e+01,3.025907081627303796e+01,2.904797644160561276e+01,2.992708754860535691e+01,2.794377088074446647e+01,2.865490491825829622e+01,2.980647931935516226e+01,3.164157535817389544e+01,2.851656580778211492e+01,2.877909450560287041e+01,2.758590700980238353e+01,2.891805282050239612e+01,2.698493163267005457e+01,2.714560086318130061e+01,2.768114226832028635e+01,2.840212826505722887e+01,2.912308076052227079e+01,2.971436959743084572e+01,2.784852553828346799e+01,2.929866690624368175e+01,2.710829985466494918e+01
2.929117691939660517e+01,3.054774165591601331e+01,2.903781476852503829e+01,2.959080872644938154e+01,2.877770775125935643e+01,3.141252504825217784e+01,2.954252332855463692e+01,3.039707148055782682e+01,2.907616626607352828e+01,2.897604634431792192e+01,3.125409445666343800e+01,3.113139071678574510e+01,2.749934137278501112e+01,2.829456215803838859e+01,2.682197407630820862e+01,2.800639685829264636e+01,2.762873672320762353e+01,2.748002348723474597e+01,2.849518558273763347e+01,2.880501679846719298e+01,2.861356737070377676e+01,2.846654812517346045e+01,2.959327248360273188e+01,2.944170227420778474e+01
2.936241177763366750e+01,2.866785534353368803e+01,3.170176267397766878e+01,2.827573445169917932e+01,3.037912593023770569e+01,2.889092225367983247e+01,3.015780333925300738e+01,3.040889717341326559e+01,2.917626477597070789e+01,2.922569134071449071e+01,3.181594523005412611e+01,3.155967531992070008e+01,2.762992988072977596e+01,2.793417118763136386e+01,2.893224085788671118e+01,2.772950174316127914e+01,2.834510675702262006e+01,2.768893608951498209e+01,2.887402370280182140e+01,2.839647805251934187e+01,2.930592677833345761e+01,2.839763106336539522e+01,2.881793737671353028e+01,2.876263786863773930e+01
2.748424083776376392e+01,2.966147217945677994e+01,2.761071984173969440e+01,2.807481123117929656e+01,2.996432437471304411e+01,3.130351407154375920e+01,2.929963737040770866e+01,3.043086560249054173e+01,2.992426120540517331e+01,3.022773696077109662e+01,3.074330602128162582e+01,3.126035071942033028e+01,2.804362132470515689e+01,2.964235725301210778e+01,2.741274589660184802e+01,2.755709190729209013e+01,2.666921277685895575e+01,2.791208254464396532e+01,2.780841021862983098e+01,2.846028688528690509e+01,2.854799427557924218e+01,2.862965585430976034e+01,2.886150554860358852e+01,2.888751270020856055e+01
2.905266744612242746e+01,2.676301675210800113e+01,2.913705012071915235e+01,2.861304967506094954e+01,2.983181414556895561e+01,2.952939841516001707e+01,3.073836814431297171e+01,2.904862238314308343e+01,2.974005013684910637e+01,2.944674998113902120e+01,2.984614056771874857e+01,2.927352085682844063e+01,2.820704569440090381e+01,2.804912521036152384e+01,2.795827283093041160e+01,2.660057653486387608e+01,2.807916593346226364e+01,2.649416549479627747e+01,2.872056918425607819e+01,2.790451333149161428e+01,2.871133500947968287e+01,2.845906950292970805e+01,2.973881016843620273e+01,2.892599503272742822e+01
2.639778092510744045e+01,2.849169369172432198e+01,2.684488856709839411e+01,2.921833652665367254e+01,2.847261625274410335e+01,2.893359868911784361e+01,2.946011886409240788e+01,2.878663226032051625e+01,2.794955610936034418e+01,2.893152198370273709e+01,2.979083492934626065e+01,2.951250200066039042e+01,2.804730163953860256e+01,2.795305508658060489e+01,2.773203585992746412e+01,2.822720901642139779e+01,2.721066639905029660e+01,2.711466356740646688e+01,2.796980457171866874e+01,2.911571885911865820e+01,2.881241043024942883e+01,2.885658476506046100e+01,2.938701919615004954e+01,2.932444689668380988e+01
2.887403715550505012e+01,2.796588203493882929e+01,2.954647106879212970e+01,2.857186703202216904e+01,2.993520074833884337e+01,3.003241418654420158e+01,3.038973588550015847e+01,2.873050183285334924e+01,2.927805382944916346e+01,2.749472238467234320e+01,3.019935678191757233e+01,2.919790717268722346e+01,2.785617030889198986e+01,2.816639148839578866e+01,2.856420382368264654e+01,2.744072518172481523e+01,2.896913026428075000e+01,2.762327110770098670e+01,2.902646760982605656e+01,2.883957144527920491e+01,2.919408626437240173e+01,2.816655062533158116e+01,2.993117813283384976e+01,3.052520599484444119e+01
