2.425896691674705608e+01,2.365103899722492997e+01,2.382276686675317023e+01,2.451071752126415504e+01,2.445145103921333885e+01,2.408610113792252605e+01,2.409164777293148063e+01,2.390162521268979390e+01,2.461699285540646542e+01,2.489136780017122419e+01,2.400603825953538717e+01,2.450473720263585165e+01,2.405446049644598361e+01,2.502285536467439897e+01,2.592503906894529564e+01,2.365359208750641073e+01,2.581282561845870305e+01,2.538696420991391278e+01,2.511380746124467578e+01,2.509469673174231730e+01,2.510598690326571614e+01,2.536974005880966843e+01,2.631788966732102608e+01,2.587042304141374416e+01
2.492742048174102365e+01,2.442204254878407710e+01,2.339231083515687715e+01,2.516955544886292273e+01,2.399157673825163783e+01,2.566958744254975500e+01,2.276421746375393695e+01,2.463375774280166297e+01,2.430655091154119418e+01,2.522976109183468907e+01,2.327578757392080888e+01,2.440088524643897472e+01,2.348723558077278994e+01,2.534255362043171544e+01,2.337660168595067489e+01,2.468652963296136704e+01,2.367998962326242918e+01,2.385812953381588386e+01,2.361395144030370830e+01,2.490824924957399844e+01,2.513324172794881406e+01,2.582408645058251295e+01,2.439979424463399482e+01,2.639891530726004021e+01
2.405580834226117304e+01,2.390587476807928624e+01,2.449144879944077502e+01,2.480617291454012729e+01,2.427229610191665188e+01,2.547655357188727976e+01,2.373136885189848044e+01,2.339068072370145046e+01,2.372189003643023852e+01,2.440389403177823624e+01,2.357563970253528396e+01,2.379300617891385627e+01,2.324067977315445432e+01,2.427969276427342038e+01,2.373520904242928964e+01,2.329695772149693767e+01,2.392849431833809604e+01,2.388832491894021359e+01,2.302608095512653108e+01,2.207291897277849557e+01,2.376123371547595298e+01,2.462140503554462612e+01,2.454198808190403724e+01,2.482853664023531337e+01
2.492797739497541443e+01,2.548823789101930970e+01,2.391345076423726823e+01,2.495159377623582486e+01,2.333679195027235664e+01,2.497113770153646328e+01,2.392326737736414088e+01,2.507958545092748182e+01,2.466959140145223728e+01,2.428560203080274960e+01,2.486199254459410213e+01,2.361473532507727668e+01,2.318388189219166406e+01,2.382548719437414775e+01,2.430568738941843776e+01,2.470193597898560256e+01,2.384271951919248522e+01,2.366191768903689763e+01,2.449056776379688927e+01,2.449036944107456293e+01,2.362335168448436207e+01,2.381046616590850817e+01,2.438230437769260561e+01,2.536079320406145143e+01
2.400354109689010329e+01,2.510023503910974796e+01,2.565999368063302200e+01,2.467325238586221303e+01,2.655467454643053316e+01,2.452140904000640376e+01,2.454553149833554926e+01,2.320382556118204320e+01,2.453632779657732499e+01,2.400702108222913012e+01,2.336870651994979653e+01,2.515451331066037710e+01,2.445684566955452510e+01,2.410601200945001210e+01,2.338711534322783336e+01,2.381292852451309727e+01,2.420531495539279376e+01,2.283980890785414886e+01,2.425390545269817721e+01,2.423407988693679727e+01,2.419162025372969538e+01,2.376650089811454336e+01,2.454360871318704085e+01,2.482452169461311087e+01
2.453082969691695325e+01,2.523649151695053661e+01,2.499033254419964578e+01,2.545289012502081505e+01,2.539343451983540945e+01,2.579805742617588749e+01,2.429727024019274495e+01,2.477910122746857269e+01,2.478421199238067629e+01,2.597368444915485952e+01,2.429046403289055434e+01,2.465496897249533959e+01,2.427405518969209197e+01,2.579565375794260262e+01,2.353017952631478238e+01,2.521506129617296210e+01,2.383095688843587823e+01,2.478627561044891081e+01,2.407375583880008207e+01,2.485955924985125876e+01,2.312332630027219693e+01,2.464621963627394052e+01,2.466310588504717316e+01,2.470680943933399476e+01
2.476967360340165669e+01,2.438562159842359733e+01,2.479599063361433764e+01,2.507974320338121288e+01,2.471484974290808623e+01,2.517210815074594166e+01,2.469799180793779669e+01,2.533082302085995252e+01,2.529841245820870199e+01,2.529039059392692934e+01,2.525321162911245665e+01,2.448031775006916178e+01,2.473193503732687759e+01,2.416972210387376663e+01,2.482077142532409653e+01,2.438234906144117531e+01,2.541078249140559819e+01,2.423946064393499000e+01,2.402767369743583004e+01,2.545840302047770365e+01,2.403138873195831593e+01,2.497706232903345835e+01,2.420192476666250059e+01,2.525664511653087629e+01
2.331672025292124317e+01,2.496525538064162220e+01,2.519340060374759105e+01,2.586653626900533709e+01,2.499626527976278112e+01,2.609260895806625058e+01,2.485470307999844408e+01,2.567577456023815330e+01,2.526420544059669737e+01,2.621799734529037096e+01,2.506787422523086661e+01,2.542928935304570359e+01,2.485570390628527093e+01,2.578282096720414529e+01,2.452630424501182915e+01,2.545097811588055947e+01,2.447338416748573309e+01,2.482629094633136901e+01,2.510450227542378343e+01,2.452580412704588753e+01,2.551822937824255177e+01,2.437692875226235856e+01,2.479214797533614956e+01,2.525736567271792410e+01
2.589815501056170888e+01,2.409969447457871183e+01,2.588694188254936535e+01,2.444500464854559141e+01,2.596932081063425812e+01,2.449462259639085460e+01,2.630880138235761478e+01,2.596395114322501740e+01,2.557571243527348770e+01,2.612809842205984978e+01,2.626500020742190600e+01,2.504775202104298160e+01,2.531098251334151428e+01,2.495192675347794875e+01,2.646087824014625767e+01,2.592640449815843340e+01,2.613955002573862885e+01,2.525397919750923847e+01,2.607284055531670219e+01,2.500399311422586379e+01,2.588700250112628964e+01,2.495103160717621904e+01,2.536479706661896216e+01,2.520455655817244178e+01
2.563702974445078553e+01,2.506329009731229007e+01,2.379390205992388019e+01,2.526204459691189186e+01,2.523805877665017761e+01,2.598634572361527262e+01,2.634644937348537042e+01,2.545607595603479467e+01,2.464610152444458890e+01,2.539648665828650564e+01,2.492892343478899875e+01,2.631451969280641379e+01,2.529350669715796585e+01,2.629976000826587779e+01,2.525912705777506062e+01,2.595960664120264028e+01,2.574776577059515148e+01,2.559210682693151284e+01,2.509090585322098832e+01,2.506893756298819653e+01,2.546722461468129950e+01,2.578891097825624001e+01,2.539724630390088578e+01,2.576772968083622573e+01
2.544821006420431786e+01,2.507937135173477827e+01,2.497962956423486958e+01,2.583019848540510566e+01,2.509988618312343078e+01,2.582357821892009042e+01,2.499057440753148285e+01,2.571494427492933710e+01,2.554630158472389212e+01,2.570273842365622841e+01,2.549296024628011992e+01,2.527710960715069177e+01,2.571491251320799165e+01,2.532314708507800560e+01,2.490870221172019683e+01,2.469153776876248685e+01,2.444095346057849838e+01,2.541743880020368351e+01,2.563409304239451103e+01,2.574045102570613608e+01,2.486729538231486458e+01,2.572059602466941897e+01,2.538763255866183499e+01,2.539267219670637132e+01
2.500741005500742631e+01,2.509417722559408048e+01,2.512484267356455803e+01,2.486432154322545784e+01,2.487941143726561677e+01,2.493724808539218429e+01,2.653645643816054189e+01,2.567472417723405442e+01,2.530053963636646586e+01,2.465078040725097708e+01,2.491152768869937972e+01,2.512960851809566520e+01,2.466792586835668999e+01,2.589370867863328840e+01,2.549309705566099638e+01,2.566983028814445333e+01,2.514540625467935797e+01,2.615398391352198360e+01,2.584332643132387375e+01,2.620189231981851208e+01,2.511424658884385508e+01,2.566479223988017111e+01,2.554118857236056783e+01,2.562425289561599584e+01
2.538286253189340869e+01,2.449321615643884797e+01,2.565520791747576368e+01,2.495597383455987028e+01,2.585474123471436769e+01,2.520676500057516023e+01,2.543568764354432687e+01,2.530878294638455372e+01,2.551804913971153610e+01,2.450124472629232741e+01,2.506802923435566299e+01,2.457234422127913831e+01,2.499080402139844637e+01,2.545667680937026489e+01,2.559494342638060971e+01,2.474351204500703716e+01,2.570216628866671726e+01,2.517704245506536154e+01,2.557324675242938383e+01,2.538922372990435861e+01,2.645228957841720785e+01,2.535245606907164984e+01,2.525916512172966577e+01,2.475160119249090940e+01
2.363502048719215054e+01,2.566115129302420428e+01,2.435223434893822514e+01,2.473934144739894236e+01,2.492936575077703765e+01,2.492743099863906764e+01,2.455986465366765970e+01,2.567008370010864837e+01,2.430455423239322954e+01,2.584748528966758840e+01,2.464386338011331645e+01,2.533892129961930095e+01,2.472056927391588488e+01,2.590640820293594970e+01,2.514120851883444629e+01,2.551200461318433099e+01,2.541123545800570582e+01,2.538402930286821402e+01,2.556534792061819417e+01,2.622550267263318347e+01,2.517278667357788891e+01,2.601794864952574926e+01,2.517625904838047290e+01,2.536029814643922009e+01
2.488429742307891956e+01,2.413734014878934886e+01,2.411183897208724147e+01,2.471944759085829446e+01,2.502401335146356587e+01,2.431088858631824223e+01,2.412518292457076541e+01,2.449567644071288441e+01,2.522050499732426943e+01,2.572200372099064225e+01,2.568951438850342583e+01,2.496085980557097628e+01,2.484884571124939612e+01,2.514558063933867516e+01,2.453347726813308327e+01,2.480739301679386699e+01,2.562199560492143746e+01,2.526119693200172378e+01,2.483820336133533146e+01,2.494605569081682006e+01,2.414403772816325500e+01,2.535180110125361352e+01,2.464667801759975418e+01,2.427849655087305791e+01
2.480101160966398766e+01,2.525118449899269990e+01,2.483127099041695374e+01,2.467428916854311183e+01,2.405734129829664880e+01,2.463093306146407713e+01,2.551736420134596983e+01,2.557174706018145116e+01,2.535556344049518884e+01,2.570966618423278760e+01,2.459919772251060976e+01,2.498531066866274841e+01,2.452296767620100582e+01,2.484938537039619177e+01,2.388588628406472480e+01,2.525523101383106450e+01,2.490629285328969900e+01,2.595197665936149178e+01,2.502948756509118766e+01,2.500766272681403279e+01,2.465195476261618523e+01,2.591015169072886692e+01,2.508198347363747871e+01,2.533964342076473031e+01
2.487112552636074270e+01,2.457469044395912761e+01,2.456906068252925479e+01,2.499562683268067076e+01,2.501933839003328330e+01,2.430574886205113216e+01,2.518655670065089680e+01,2.533329481900909741e+01,2.613023147327550078e+01,2.444948541053992130e+01,2.482784858148295370e+01,2.433786652319957966e+01,2.513084230279088160e+01,2.400628453537729001e+01,2.565781319788470682e+01,2.563586615340818753e+01,2.565196582333823017e+01,2.512610430037204878e+01,2.461646856614578383e+01,2.579339120895042470e+01,2.552160422379915872e+01,2.599380458160601393e+01,2.587583406101623495e+01,2.448740603453398990e+01
2.383348900108859425e+01,2.467183394503314275e+01,2.500049088564975364e+01,2.574096359981820115e+01,2.448310773513054528e+01,2.501979959712770096e+01,2.392587685330238401e+01,2.536833829739276780e+01,2.461336409111152079e+01,2.446991749655933290e+01,2.462522755463646718e+01,2.530545253987617116e+01,2.440644527914616901e+01,2.541617270119661498e+01,2.375979775473871314e+01,2.539965268087257755e+01,2.464075342702557236e+01,2.527013361276578962e+01,2.469028854827610076e+01,2.588774436436551696e+01,2.506005847116659879e+01,2.536182270970903119e+01,2.537896229683974525e+01,2.613228078615497907e+01
2.410142448277491667e+01,2.415473109480200264e+01,2.445706076198649725e+01,2.389684553728432093e+01,2.373448576149593237e+01,2.520938736208637465e+01,2.399476242087172295e+01,2.469988385097491346e+01,2.516425080730510899e+01,2.531689282665627161e+01,2.415234497843010786e+01,2.483269153447344024e+01,2.475748345163719932e+01,2.436523017469789920e+01,2.488864486288179023e+01,2.417930271525847274e+01,2.472713563705804063e+01,2.447661049935067012e+01,2.508850119405155965e+01,2.429294894920701608e+01,2.573114673021086674e+01,2.481091363056151522e+01,2.522118591347248184e+01,2.504332297837243004e+01
2.371938410521852347e+01,2.444372130510413399e+01,2.446551902288911151e+01,2.432469976375529086e+01,2.445350182588640564e+01,2.469760518047036157e+01,2.479769311198094783e+01,2.502190018684211736e+01,2.445122811023639997e+01,2.582733621650106670e+01,2.484648221599809403e+01,2.522634722835823595e+01,2.485156758099668650e+01,2.449952312047713576e+01,2.392158265364196268e+01,2.529988133619139035e+01,2.515354065333076505e+01,2.481736503545562300e+01,2.489436316205706134e+01,2.526082766519880352e+01,2.516317905987926906e+01,2.481725188368523050e+01,2.575716547526519662e+01,2.527900921477788643e+01
2.508452930510333090e+01,2.477973156979311398e+01,2.455122816605279468e+01,2.365327244981614285e+01,2.480369919754855346e+01,2.411807697636186276e+01,2.531908227873077522e+01,2.426379257784941501e+01,2.506319237247436149e+01,2.423075346849265088e+01,2.542298412590440648e+01,2.455825424619666819e+01,2.502169402694119071e+01,2.519154143481654273e+01,2.554247382628648211e+01,2.535113557790361938e+01,2.528400184090651237e+01,2.459745270122226657e+01,2.561025110722698628e+01,2.490813218964763109e+01,2.732260738109067688e+01,2.624179647651737923e+01,2.536683698045368374e+01,2.480642091311005970e+01
2.435806000788028314e+01,2.500924792219956316e+01,2.404813931212765965e+01,2.559290526865800075e+01,2.435366107490773402e+01,2.529771018114320213e+01,2.425245462648734929e+01,2.460480443294414954e+01,2.450494801176881765e+01,2.519072131963878292e+01,2.500635876284695769e+01,2.603886055476647243e+01,2.361401178203203699e+01,2.499252383891160889e+01,2.504202899812088390e+01,2.415832117914573018e+01,2.388031327096922496e+01,2.505715849708701626e+01,2.474688992913718266e+01,2.557533144539905834e+01,2.565793691747416005e+01,2.651266317225912417e+01,2.539806856195042428e+01,2.692360865285593263e+01
2.436228375552059333e+01,2.346029819012727557e+01,2.442754121672169276e+01,2.369045756468324271e+01,2.363896181980413758e+01,2.345670623064609117e+01,2.436787629757964169e+01,2.417335022461679728e+01,2.544444019778222810e+01,2.433438419026401789e+01,2.430784326917699900e+01,2.481629094091198340e+01,2.478836457293630247e+01,2.405300541823447702e+01,2.390426592260888583e+01,2.459467819115189968e+01,2.465647718301181612e+01,2.463506747688825271e+01,2.510692220472731151e+01,2.561825474052108120e+01,2.754513514167842914e+01,2.949454312221462260e+01,2.926896025453720540e+01,3.002529589326809401e+01
2.437974626399017097e+01,2.426402486156058558e+01,2.404586498520581017e+01,2.453251839750248564e+01,2.420746118469770636e+01,2.407843959569873959e+01,2.467189133432600556e+01,2.504648839298693019e+01,2.527950180689293802e+01,2.439130393391650387e+01,2.459147076246381403e+01,2.424872621041379261e+01,2.505615818793933158e+01,2.513337383409066206e+01,2.521720921046915009e+01,2.451770635246259644e+01,2.472453734028039207e+01,2.470284186418683703e+01,2.502611232336005287e+01,2.595689011426696879e+01,3.046667140554825437e+01,3.136307016676005333e+01,3.007815385368508032e+01,3.068011563033354605e+01
2.531366308310248314e+01,2.372608462356595282e+01,2.385934489117261137e+01,2.472076001604597195e+01,2.378919371999739951e+01,2.495850554722267134e+01,2.541581489269407257e+01,2.409685131369548117e+01,2.555885399314644246e+01,2.370886606893418502e+01,2.474825672494523587e+01,2.436085183807693966e+01,2.506536881797796923e+01,2.471051030190710662e+01,2.542794093840609548e+01,2.362325676517104966e+01,2.489902633802063292e+01,2.472922007228470420e+01,2.544143905487732127e+01,2.700074508139687168e+01,3.109477492057430936e+01,3.144659444972978690e+01,3.232970226278956716e+01,3.200243236972636396e+01
2.375714950529874159e+01,2.576427322684577348e+01,2.388733806726077091e+01,2.516635116067340050e+01,2.415282875046545996e+01,2.534685361127634451e+01,2.444653000030371004e+01,2.497269811492503777e+01,2.502416974371396918e+01,2.559286368257215827e+01,2.431237018153302643e+01,2.554309679299660729e+01,2.497353520567293117e+01,2.423656463282691220e+01,2.510104647478920015e+01,2.577197693962358471e+01,2.383063960420975036e+01,2.504944121324871276e+01,2.566129880275951791e+01,2.974052924684423260e+01,3.082636231408730509e+01,3.256488122482431891e+01,3.095638932089207174e+01,3.246732696997844414e+01
2.320344481424461947e+01,2.400601677169430559e+01,2.443215169038001022e+01,2.447938206092783275e+01,2.464614499001459080e+01,2.486541037221456918e+01,2.526239435605253902e+01,2.409133601877954334e+01,2.576281526627838048e+01,2.477500292630401191e+01,2.484107847686146897e+01,2.366630942755949718e+01,2.527161896937303709e+01,2.465882425753744656e+01,2.419833023200942534e+01,2.471272254905653654e+01,2.409578207058819999e+01,2.457615948387478966e+01,2.613283381215904910e+01,2.952707862982879305e+01,3.218721500574764605e+01,3.140057000442055823e+01,3.238634729003484836e+01,3.190469603711670743e+01
2.427215518556550933e+01,2.393746350671415257e+01,2.443788383178463164e+01,2.471932442597989166e+01,2.470961337049948270e+01,2.353651480832206744e+01,2.436613445983618931e+01,2.498068901869982028e+01,2.380432863382031883e+01,2.457386829286019747e+01,2.353005030371963358e+01,2.474108664999130269e+01,2.415595415574495064e+01,2.456832933655618945e+01,2.435037993267940237e+01,2.473582327473604892e+01,2.450161387379665712e+01,2.526364937835052160e+01,2.774610263144558076e+01,3.133517885035371364e+01,3.095187663629064900e+01,3.342922019814506029e+01,3.233062775037950587e+01,3.199121630214301604e+01
2.560141026366926553e+01,2.500279715724434482e+01,2.517039644516643193e+01,2.435544981986794255e+01,2.540855048598632493e+01,2.398511809829687991e+01,2.494004428087134784e+01,2.516943262912354840e+01,2.542813326261506290e+01,2.443399486933077469e+01,2.612164141039903598e+01,2.688962946207271898e+01,2.660083650937468747e+01,2.580464268147443363e+01,2.662053162042542453e+01,2.582603623983141006e+01,2.581515861708021475e+01,2.576350747385356499e+01,2.915324425394379659e+01,2.851262400047937717e+01,2.946043197653875723e+01,2.961516008685634915e+01,2.892768649769192280e+01,2.793132387728604726e+01
2.382841266457808160e+01,2.387149229665538996e+01,2.429809521422583884e+01,2.482141470863632549e+01,2.442661942356443205e+01,2.599491402416020946e+01,2.445399611576732468e+01,2.470467797638622187e+01,2.492166794578730560e+01,2.554164341710213648e+01,2.600488203569057077e+01,2.672604483915762330e+01,2.569550793485848317e+01,2.738237151994553642e+01,2.642395945534195789e+01,2.597755705570705231e+01,2.439096920943927671e+01,2.708210118124696919e+01,2.685112791333750693e+01,2.797123744196244388e+01,2.812875602510547424e+01,2.762336379596598590e+01,2.756226814816329806e+01,2.752883357040366263e+01
2.411683677108266011e+01,2.476448258960272142e+01,2.473533485234219143e+01,2.455621875628122552e+01,2.372297945538332442e+01,2.500436755928251387e+01,2.414427131446927888e+01,2.509747962249105058e+01,2.610973078401895009e+01,2.546549782936079964e+01,2.439386916944971517e+01,2.584999313422167688e+01,2.448353492934865017e+01,2.550394422286797180e+01,2.543014082013729649e+01,2.600999535774803917e+01,2.620168071965537138e+01,2.596457614981704864e+01,2.612935174343527933e+01,2.629001427730577234e+01,2.658536200779440151e+01,2.605057882431088956e+01,2.747285792038752561e+01,2.630265323481040696e+01
2.316509853178627054e+01,2.378902327625002044e+01,2.485391250317519507e+01,2.349266552137157760e+01,2.434777576080159633e+01,2.509456215497408493e+01,2.582964098722004564e+01,2.561110169288252791e+01,2.538415220734606237e+01,2.583972290617339240e+01,2.633455245173200865e+01,2.671269895100937219e+01,2.563495953852105913e+01,2.645942081110479194e+01,2.763555993531241484e+01,2.617605686279483734e+01,2.550423000425053033e+01,2.615740913888254227e+01,2.663980100542016771e+01,2.745435236220475872e+01,2.595594763394393567e+01,2.707807875468370185e+01,2.644081820875538824e+01,2.691889044549634491e+01
