2.943462177258601287e+01,2.869234242798864898e+01,2.918611940194176668e+01,2.897186324907073640e+01,2.849340652319756373e+01,2.876733091928537078e+01,2.859831052563231424e+01,2.922482053917696021e+01,2.952975449686778120e+01,2.816317741636061101e+01,2.827594957229968031e+01,2.778700186844992004e+01,2.785798609944635018e+01,3.049014146903988376e+01,2.883437488350853073e+01,2.918500496394642596e+01,2.870709866753020378e+01,2.955569433529126400e+01,2.847571400355286642e+01,2.906531520121285439e+01,2.796159302366623933e+01,3.004969475564695358e+01,2.889704720661120518e+01,2.862991747898973927e+01
2.774565015062285056e+01,2.873161305593396264e+01,2.808663431709442193e+01,2.844037816636159732e+01,2.935097635032002472e+01,2.847698701409314026e+01,2.831436826964136344e+01,2.772986369829857267e+01,2.845842569023807300e+01,2.901462546130630926e+01,2.785515243360612203e+01,2.841647693967109944e+01,2.849076383142528357e+01,2.805101635111049063e+01,2.924757765503835572e+01,2.933286269774617949e+01,2.784123154136057110e+01,2.854978576084772612e+01,2.910168384259122831e+01,2.804989025148256587e+01,2.951150895607901248e+01,2.895896212360594291e+01,2.882180725938013666e+01,2.975594615920886099e+01
2.835682175558940799e+01,2.704042947056393587e+01,2.850741423586521250e+01,2.867927308219702809e+01,2.895691471990329546e+01,2.866847962491175394e+01,2.882198673308118941e+01,2.966588390928274066e+01,2.899116570890265621e+01,2.956239759831248648e+01,2.800436448823370483e+01,2.873347735705385730e+01,2.909705729153108678e+01,2.919989654545969415e+01,2.815181144140103697e+01,2.884961914150261464e+01,2.980581024223556597e+01,2.864613212710423795e+01,2.999481272273681043e+01,2.901443471003148034e+01,2.867674711511250507e+01,2.879908855757281572e+01,2.903728097495974225e+01,2.926677206779834250e+01
2.755193583508457777e+01,2.728924047810056663e+01,2.828675612281909935e+01,2.942661917267588478e+01,2.882696729133994040e+01,2.851421274508567194e+01,2.781960741229289624e+01,3.012233062833945496e+01,2.834179409267522942e+01,2.869787274150434087e+01,2.895830606572468469e+01,2.863598600701334362e+01,2.890219636189004859e+01,2.861884161853248543e+01,2.921457905495549312e+01,2.829651824829124962e+01,2.897550964896709047e+01,2.811399073485409872e+01,2.984275318004188193e+01,2.894609026430123322e+01,2.989914256037332052e+01,2.917230349961488400e+01,2.942193973663137285e+01,2.920165046080916227e+01
2.966429169100763374e+01,2.878019165835462445e+01,2.765666450541084487e+01,2.858469206994561773e+01,2.841313878957220140e+01,2.863789202893440233e+01,2.852816462585968793e+01,2.773031967749170690e+01,2.715333082396563213e+01,2.830933803300308682e+01,2.775284066697003027e+01,2.812473568959126169e+01,2.899706152289360261e+01,2.898712355165514509e+01,2.811741451088295207e+01,2.814238470769242895e+01,2.857113796586503440e+01,2.892702303717646828e+01,2.863603067473138708e+01,2.917168242851164450e+01,2.920536136337932476e+01,2.836213985550426742e+01,2.897207546746886919e+01,2.860054604694704494e+01
2.912839450217563808e+01,2.831554832605388583e+01,2.974207466730939586e+01,2.835903148159337661e+01,2.825638398569282117e+01,2.854357288749378085e+01,2.899437101752488388e+01,2.876113181395123775e+01,2.943610168765064827e+01,2.860112918719090658e+01,2.966124579590251642e+01,2.805462663574087401e+01,2.928152606462566609e+01,2.882903838028875043e+01,2.950617573276542771e+01,2.844043684620851309e+01,2.907482705184196448e+01,2.860126614154449953e+01,2.952947543197416280e+01,2.829484347101782760e+01,2.923370874071127901e+01,2.884406096692970323e+01,2.963105552673687271e+01,2.918315000093878098e+01
2.853534799513573716e+01,2.892765847740793106e+01,2.813641094890095928e+01,2.914753672605729662e+01,2.888060565281597292e+01,2.883404709121413134e+01,2.865229815130419411e+01,2.883230743822184650e+01,2.813642279746983377e+01,2.787772491755902138e+01,2.682467013932040345e+01,2.909912994424644239e+01,2.814748581882992085e+01,2.843467305056236683e+01,2.806031155133263155e+01,2.828364955664562785e+01,2.826312913084404954e+01,2.888237925686507879e+01,2.894226372116202128e+01,2.934454818099970907e+01,2.878965064155238451e+01,2.910069342247891200e+01,2.861374148722177324e+01,3.000791940074969943e+01
2.899048078607802381e+01,2.830059399240235507e+01,2.843414149039722361e+01,2.920267688742984546e+01,2.806257180609833313e+01,2.851302733422573965e+01,2.910481106926624761e+01,2.925539241275174618e+01,2.857728786386837783e+01,2.888878417270302634e+01,2.859350230890458988e+01,2.902214268321176860e+01,2.854691461874324432e+01,2.847786592389189764e+01,2.878318895774395969e+01,2.904663665583569809e+01,2.837448461270975031e+01,2.879495948203947364e+01,2.862602098503032266e+01,2.908643261237062916e+01,2.883817394392997357e+01,2.915628855820290255e+01,3.047640058509114169e+01,2.968203629720244408e+01
2.880347326263972718e+01,2.801976516402544348e+01,2.962693817739784663e+01,2.894959074613740313e+01,2.878643582894517294e+01,2.897086515786219252e+01,2.896340022664293201e+01,2.895439088420744156e+01,2.826993931269515770e+01,2.931633648527224523e+01,2.846029277647301114e+01,2.861354359836292360e+01,2.873526810073059323e+01,2.954766323542457940e+01,2.900347063199069453e+01,2.862258450242075014e+01,2.903443921617156320e+01,2.899880909211663038e+01,2.790659543062099601e+01,2.841131343537182374e+01,2.928985707740747557e+01,2.871235911409848995e+01,2.875969221758725780e+01,2.820091790680345412e+01
2.909726128282846958e+01,2.882408150446150330e+01,2.808242753851357065e+01,2.824701266562408364e+01,2.948345533727319889e+01,2.900150787178557721e+01,2.895898061211590857e+01,2.850093855144336885e+01,2.870993819402013969e+01,2.899300995903035982e+01,2.898389141834229576e+01,2.781339105424154923e+01,2.815624394627951688e+01,2.886668030253969164e+01,2.828756253672338516e+01,2.803309752588080528e+01,2.893654370867955095e+01,2.868500178331123607e+01,2.968863815752001756e+01,2.937729929156171238e+01,2.954370518933347967e+01,2.812108419416472316e+01,2.911679985296967743e+01,2.861396465007703682e+01
2.919757250740241261e+01,2.913998070380006311e+01,2.912405440415619751e+01,2.912822792330240418e+01,2.886968567210948322e+01,2.930254139805521163e+01,2.891983296134321790e+01,2.803473174196960827e+01,2.946250594107033294e+01,2.888242202916512724e+01,2.959232515687710929e+01,2.965813721987296958e+01,2.896593622565688975e+01,2.886162193641052909e+01,2.918614705969781653e+01,2.958573257582975202e+01,2.891222717121553387e+01,2.895366550834495456e+01,2.871037168418615693e+01,2.910044028826564499e+01,2.918428414549299532e+01,2.906670318084144355e+01,2.879441069503593553e+01,2.950955863450906236e+01
2.806860878542789806e+01,2.865592893261134577e+01,2.742970241458397140e+01,2.845780414924615798e+01,2.838265593033599998e+01,2.979901469079874232e+01,2.824798483396341453e+01,2.926265825280364652e+01,2.864434848178484572e+01,2.945740363033627318e+01,2.827148829397572172e+01,2.890438955637449681e+01,2.920745162865887323e+01,2.981824859259870664e+01,2.869655327510469078e+01,2.843334552860267195e+01,2.886140137519436166e+01,2.873877480389285211e+01,2.971514247668051212e+01,2.946768622126393211e+01,2.935323451480115864e+01,2.876734176900117745e+01,2.979149507983208878e+01,2.925895274942172364e+01
2.874682325832696961e+01,2.840064804646669927e+01,2.828832656275551471e+01,2.848475795011898981e+01,2.780215712839191156e+01,2.893336710952792146e+01,2.832700480922318320e+01,2.887213739907883792e+01,2.809003898574701452e+01,2.909154973392702459e+01,2.866743225182852939e+01,2.815416914426657513e+01,2.940726274654963390e+01,2.917986366312663904e+01,2.919132416145600928e+01,2.898902448934990161e+01,2.881363839398284199e+01,2.842993323498137670e+01,2.899977225844401119e+01,2.863135871939897470e+01,2.916433805667139723e+01,2.822709517332390305e+01,2.778380821376799759e+01,2.906717084554867370e+01
2.990371343386959779e+01,2.940852840868882367e+01,2.825131519425673332e+01,2.814120184196411856e+01,2.934550213411927189e+01,2.868752810156649957e+01,2.966114666935391142e+01,2.909215439163313022e+01,2.887016243602982968e+01,2.876296778687071765e+01,2.886539173748184339e+01,2.894284142275887461e+01,2.844412744701315887e+01,2.918630468460344218e+01,2.934493484055229828e+01,2.911901282166189731e+01,2.913585046191104766e+01,2.849299497035684681e+01,2.878885944238305683e+01,2.965449441764440053e+01,2.855633643822216072e+01,2.874912921878831185e+01,2.872860868159716574e+01,2.879456982376945007e+01
2.805359801691446364e+01,2.879101452892638235e+01,2.880018557174452098e+01,2.858577840356946353e+01,2.861670446111571664e+01,2.960803186119170505e+01,2.824595851622677856e+01,2.855702217230839324e+01,2.880357600610767577e+01,2.875484455114883531e+01,2.829081450354510707e+01,2.917001414418103877e+01,2.911656884851350924e+01,2.967681668066029488e+01,2.962968912851363257e+01,2.869369373834706494e+01,2.938198215542752223e+01,2.966186513271338754e+01,2.963293887866217347e+01,3.018946899500775771e+01,2.953236342496700217e+01,2.838807204216868740e+01,2.915715783439185316e+01,2.895396200389558317e+01
2.946273345545705524e+01,2.900666777219811365e+01,2.907531795360239357e+01,2.935114292914187217e+01,2.865579703828251468e+01,2.822209196729625091e+01,2.851800568880906894e+01,2.916797572512933812e+01,2.973136793000838907e+01,2.947136811963207492e+01,2.880341200718169148e+01,2.908902797470346968e+01,2.939609663332964828e+01,2.895552751852324036e+01,2.877532851523363888e+01,2.953284313125567451e+01,2.960024441926702821e+01,2.873005421113185776e+01,2.891933006820369201e+01,2.946069247673301561e+01,2.941474408606711677e+01,2.935991219486214732e+01,2.879743103793600767e+01,3.005452909025405006e+01
2.845469025015131592e+01,2.811687440235044733e+01,2.853316783434712534e+01,2.944371020063806554e+01,2.878780327010440487e+01,2.872374019213100382e+01,2.928830923606193437e+01,2.887973218118793284e+01,2.904810420907938351e+01,2.902580298508422629e+01,2.876335955459404659e+01,2.923838141396504398e+01,2.889682121985589447e+01,2.922372305709853890e+01,2.844578356444856126e+01,2.953247209842209031e+01,2.875784486401011009e+01,2.922088660682783257e+01,2.856531777330263822e+01,2.886678257902275391e+01,2.896304442057777351e+01,2.921964229989885098e+01,2.911243394412474572e+01,2.897202722106459305e+01
2.947409209746848546e+01,2.843976821965293311e+01,2.870039810733135255e+01,2.838376696531275911e+01,2.767078840626578540e+01,2.877839387427030715e+01,2.882409706551032968e+01,2.897278356631807128e+01,2.917919144231080963e+01,2.875024303926102220e+01,2.900618874197692776e+01,2.891361821060280590e+01,2.926946910830457682e+01,2.838142479387647654e+01,2.850013796674085143e+01,2.917145271935248729e+01,2.871426814681308315e+01,2.904673648323955604e+01,2.858234917267117225e+01,2.898988324854821030e+01,2.999060851330978039e+01,2.862687203121890889e+01,3.031313465688180031e+01,2.902674052519301995e+01
2.964023952776096849e+01,2.822800749881901083e+01,2.897325903058725771e+01,2.870691021328036641e+01,2.911998389401105669e+01,2.908392222257594995e+01,2.934031820970773197e+01,2.875562973612409223e+01,2.960588441758761746e+01,2.918857644642952209e+01,2.979649831342106836e+01,2.988335138819559234e+01,2.869702132825091212e+01,2.907597047033698345e+01,2.866257238531119356e+01,2.906422626030479250e+01,2.934623485566669387e+01,3.005248832945801496e+01,2.921594763144491935e+01,2.988573498213446555e+01,2.914642341934558090e+01,2.890900495586782881e+01,2.955488306467702841e+01,2.951377770766259800e+01
2.921425836446724134e+01,2.959772442894382039e+01,2.911425092491640498e+01,2.939801297959598969e+01,2.923695349318956005e+01,2.848266297088480314e+01,2.952825132685296694e+01,2.981654637779729455e+01,2.986318225151399020e+01,2.841946692360761517e+01,2.973674951557495660e+01,3.001132282197937684e+01,2.840577006393425563e+01,2.962012328574155617e+01,2.915880376999382406e+01,2.958779329139167658e+01,2.903940189695254048e+01,2.879388058008083817e+01,2.844572558100122706e+01,2.923425585468748977e+01,2.957250463237716076e+01,2.967365155698792023e+01,2.982069125175758018e+01,2.964261852000566932e+01
3.042206282864805189e+01,2.927683562726826949e+01,2.944265958349456014e+01,3.068922089895892213e+01,2.982251191806233237e+01,2.945410400239137516e+01,2.960242597629337524e+01,3.042518370986545051e+01,2.966793516539422626e+01,3.047179396898616233e+01,3.036197531707352937e+01,3.095359192716654206e+01,2.961375580067004876e+01,2.877012301843495834e+01,2.913824526480624399e+01,2.843375356906500429e+01,2.939823505216668309e+01,2.937650342634788103e+01,2.987256037685040155e+01,3.016889280388301131e+01,2.864077234524398818e+01,2.875546639128418747e+01,2.897787404571283787e+01,2.948160380991146212e+01
3.063288456779446278e+01,2.935314556348663473e+01,2.889319688435307398e+01,2.897662262886308326e+01,3.039058021395084097e+01,3.030099476105209533e+01,3.041522567247750430e+01,3.027506710975779924e+01,3.029596445540096283e+01,3.048888091284885604e+01,3.021849121210175326e+01,2.946625195454259938e+01,3.106325290683838602e+01,3.026872750259445866e+01,2.944301714214265075e+01,2.912889012713719694e+01,2.931164798677474437e+01,2.883975642611795820e+01,2.934030033115550395e+01,2.985947009152266673e+01,2.955548573045450667e+01,2.940605583416856916e+01,2.821018442085647848e+01,3.017219298664707594e+01
2.936646268502539669e+01,2.939109698132790527e+01,2.935354399066386577e+01,2.950655667531390236e+01,3.020408033328237707e+01,3.028754601368200383e+01,3.066394256339845015e+01,3.003506063140326887e+01,3.025539005242160329e+01,2.980290067187974046e+01,3.050972093951139641e+01,3.092157652300750215e+01,2.975484967845727624e+01,2.965546979493080926e+01,2.958354127292710700e+01,3.020710117764639335e+01,2.861252070399763170e+01,2.959449393637225967e+01,2.940982421567997562e+01,2.863648957119283978e+01,2.950222097212287053e+01,2.963179027692314094e+01,3.044248500557307580e+01,2.951812444493310750e+01
2.829625106951260705e+01,2.909120719484462825e+01,2.911890778042823058e+01,2.890325390414983531e+01,2.940484805675350799e+01,2.990462203302450916e+01,3.054627915390631188e+01,2.918342957742731869e+01,2.985806505539454747e+01,3.042402638769470968e+01,3.021940795929600654e+01,3.044868271863117570e+01,2.947033536993330927e+01,2.979620268238573999e+01,2.876144184392376246e+01,2.950414085571821943e+01,2.914879232268788201e+01,2.936771210794410081e+01,2.980246783681445777e+01,2.939840273633944889e+01,2.930356087667331622e+01,2.977061307191456763e+01,2.893008254348870878e+01,2.908910936271570336e+01
2.845745634381734135e+01,2.951851278319696803e+01,2.906560971501471613e+01,2.941452695462578504e+01,2.833308781818772104e+01,2.850406129401073940e+01,2.991963822255058858e+01,2.893420054297638444e+01,2.950930550207368697e+01,2.889253835276247173e+01,2.941936139056798538e+01,2.898592369742135588e+01,2.885093063469480512e+01,2.950820172869185853e+01,2.834240509754926052e+01,2.929881960848291556e+01,2.955735388151680354e+01,2.850350582254844767e+01,2.904887995257763578e+01,2.929625458728071408e+01,2.876278134567149891e+01,2.816685628797841900e+01,2.888599996853349694e+01,3.041255816830789627e+01
2.855216618223931846e+01,2.783487493768291188e+01,2.762697859799283151e+01,2.875268322961096601e+01,2.901061449820855387e+01,2.893844454548809608e+01,2.982370724262210615e+01,2.839363986624124436e+01,2.981176180434471235e+01,3.007442156573597458e+01,2.964685869410669738e+01,2.949069547191464835e+01,2.974566614920814800e+01,3.015516672377458463e+01,2.987944596986829993e+01,2.831918658928310606e+01,3.004751635175426827e+01,2.953643883765136025e+01,2.938216016936235064e+01,2.903350475016623022e+01,2.886851960749532964e+01,2.959710173479197692e+01,2.897669036793547548e+01,2.891011740059900603e+01
2.929016117772425787e+01,2.924260473101429625e+01,2.864554521592623360e+01,2.858671326175488048e+01,2.942192328188360761e+01,2.953466199818871019e+01,2.845545416920975867e+01,2.970510272423621245e+01,2.895762796371514014e+01,2.903919106146548756e+01,2.916875730047723891e+01,2.886284596490770582e+01,2.885994670836277010e+01,2.963588150403256805e+01,2.982293896417326096e+01,2.989313334852118942e+01,3.045390937440680545e+01,3.012376968709401126e+01,2.951234108806818313e+01,2.924645013313488562e+01,3.118152867457939692e+01,3.007952071692284335e+01,2.924299919680970561e+01,2.968805620849298066e+01
2.770428506338953412e+01,2.889180217373689175e+01,2.768468084926502115e+01,2.788130196421633400e+01,2.841708874986147748e+01,2.795458066099536154e+01,2.944247223576365968e+01,2.953061020750777743e+01,2.961403804645237869e+01,2.985764854240147770e+01,3.006349173634731642e+01,2.947415788049539742e+01,2.899732145413594253e+01,2.930436713470385257e+01,2.900258213567406074e+01,2.965612169912657237e+01,2.915655906824559906e+01,2.907480780532387143e+01,2.950477457335495046e+01,2.904239308330608083e+01,2.836165087747480129e+01,2.944688377981435679e+01,2.946555511113990633e+01,2.901025171506177003e+01
2.889842525230864112e+01,2.917417852689698066e+01,2.828448773748840495e+01,2.851907911322820155e+01,2.897374008417108371e+01,3.014237250997075535e+01,2.954616040057618420e+01,2.908860041887464831e+01,3.017832773650496847e+01,3.009587929634608372e+01,2.930953131601665973e+01,2.946653321106140311e+01,2.887062777075146869e+01,2.840440162677424496e+01,2.960165875842045580e+01,2.954368555085494563e+01,2.827357654884536942e+01,2.949380826460640037e+01,2.845712206709930570e+01,2.910051400236545760e+01,2.879647601574686178e+01,2.948145942384303453e+01,2.824900173009319815e+01,2.954598630323545194e+01
2.949644713930030093e+01,2.817159840195370180e+01,2.957636480401600920e+01,2.928361870404404499e+01,2.963040553486655426e+01,2.955805221873481514e+01,2.917536499528358718e+01,2.890094018284190724e+01,2.921014769248415632e+01,2.855069484686475789e+01,2.932813129585491652e+01,2.953035712987605166e+01,2.864962124710632452e+01,2.981993024221270616e+01,2.859446538736114007e+01,2.917781951949609720e+01,2.852259388718863420e+01,2.832478022407678964e+01,2.955860875518277453e+01,2.955145797119644158e+01,2.915429726426765455e+01,2.870322698474490153e+01,2.868369035309706305e+01,2.916392165158862326e+01
2.792743408569447183e+01,2.867344334411745876e+01,2.803744391031460736e+01,2.894206096155846808e+01,2.937982544527886830e+01,2.801844311180383329e+01,2.903801606675369840e+01,2.944217076871422023e+01,2.925221604800537989e+01,2.979062075802335130e+01,2.859969572376724045e+01,2.995165708491174428e+01,2.972004887174904297e+01,2.900651104125000757e+01,2.901671352621178812e+01,2.867032784479118845e+01,2.893522494813117873e+01,2.986955843570262914e+01,3.012650768724591899e+01,3.019492354475846696e+01,2.992791311500167240e+01,3.019120979103888658e+01,3.006776340959333993e+01,3.047069409238065418e+01
2.850786036237610688e+01,2.762684332125229503e+01,2.750778266469586697e+01,2.926360551590101977e+01,2.828524515434344266e+01,2.820936853240340270e+01,2.950988132257560892e+01,2.983167435889680519e+01,2.864931443489547291e+01,2.986049226658099087e+01,2.917264327798727663e+01,2.818093250729924648e+01,2.871269330793410290e+01,2.903288866755389108e+01,2.963351996300440305e+01,2.956855508401793031e+01,2.898981506239817918e+01,2.955229423415107703e+01,2.990628045709905791e+01,3.016509195508808716e+01,3.008491341103041350e+01,3.065736364154651028e+01,2.942806435358886574e+01,2.980185180257609545e+01
