2.945215852758332176e+01,2.858327108648796866e+01,2.972855983493633403e+01,2.861383048759927306e+01,2.841954264482160397e+01,2.783714769820636548e+01,2.821310176050121754e+01,2.915997419495488430e+01,2.974815736879605765e+01,2.934420101956112603e+01,2.874527762459166524e+01,2.921066128908546489e+01,2.833433528459283934e+01,3.040770132469020837e+01,2.956503410298410017e+01,2.773062016525528861e+01,3.029227151727894807e+01,2.873030058497971595e+01,2.822541784777945395e+01,2.839920236617172122e+01,2.804605293908247177e+01,2.974158561005356205e+01,3.009182661897273192e+01,2.988378203185845905e+01
2.840963269275920311e+01,3.102605808301518664e+01,2.793897258326325073e+01,2.882964488893992439e+01,2.888082617719817335e+01,3.087509067362151427e+01,2.733542216706393901e+01,2.815016690983458147e+01,2.960097269619592453e+01,3.016991458306216600e+01,2.907559301663576434e+01,2.879528193916024748e+01,2.828516920689202152e+01,2.802561343217212197e+01,2.836005797698561537e+01,2.824287782129579227e+01,2.927790113354632240e+01,2.866593729954803393e+01,2.831990750686878755e+01,2.901466166387405110e+01,2.947728086311855122e+01,2.891995460091158066e+01,2.889102573171851418e+01,2.937555517122615356e+01
2.757479592934151924e+01,2.839440481473553746e+01,2.918682490096256288e+01,2.870312991307184802e+01,2.866585140928691544e+01,2.890074351740105385e+01,2.891292376863572144e+01,2.941967881484811187e+01,2.895183436756900619e+01,2.831900676316200816e+01,2.910519536973782806e+01,2.925690224167260567e+01,2.900023505924463052e+01,2.914035269877814471e+01,2.827540987346827706e+01,2.921125943893792964e+01,2.860349702015889761e+01,2.870357147490005900e+01,2.876810618684498877e+01,2.925345767981627887e+01,2.920786847012084309e+01,2.957681970279020334e+01,2.897030785027664024e+01,2.971155154980812085e+01
2.814999564927643405e+01,2.918306687938286359e+01,2.906094696074438843e+01,2.934730743292050192e+01,2.903948231763536114e+01,2.921196128102684497e+01,2.988910568202283002e+01,3.074219000844158245e+01,2.942837074450221735e+01,2.816940424765925854e+01,2.991026111756457340e+01,2.939480955424517106e+01,2.911127709514556727e+01,2.845322549875373852e+01,2.978585421872173811e+01,2.967142056921312587e+01,2.952682207791917790e+01,3.009972925375956265e+01,2.970865966638160671e+01,2.965010632262033141e+01,3.030405147054750614e+01,2.936081531188216331e+01,2.945687858366164846e+01,2.836174746187128903e+01
2.901924727465762999e+01,2.849165163939017020e+01,2.881096200009517361e+01,2.788626164185524203e+01,2.945169955524426086e+01,2.975448191040328538e+01,2.854118328525919424e+01,2.840056731094745146e+01,2.973994629431865633e+01,2.866938347965742651e+01,2.862230703699310652e+01,2.886605807730069273e+01,2.838665230033950593e+01,2.901636200700522750e+01,2.903934058034724330e+01,2.838448076593027736e+01,2.926584251173090934e+01,2.814334691224922835e+01,2.908145756848205110e+01,2.868241580588824036e+01,2.955192358163054678e+01,2.915808636636097617e+01,2.835544706178586694e+01,2.889490938624442151e+01
2.880039933837275612e+01,2.939320278942079767e+01,3.008730481374271903e+01,2.979393933431424557e+01,2.917772473989487025e+01,2.866712608327895850e+01,2.976689345344988169e+01,2.976672476945532253e+01,2.876938646573808001e+01,2.853154732380772884e+01,2.840047963606849635e+01,2.826554009667307810e+01,2.949776807299002712e+01,2.849598358444092128e+01,2.936199655366709749e+01,2.958215994885489408e+01,2.888796184391367206e+01,2.916716898569541172e+01,2.928081583052778569e+01,2.880797570216299164e+01,2.871388829147349497e+01,2.946543661246209922e+01,2.947724361725659037e+01,2.861036500862229559e+01
2.916866174988962257e+01,2.940656355148081502e+01,2.978854175697790652e+01,2.919107834706431959e+01,2.940083159847807792e+01,2.881920304469088023e+01,2.969820244005404675e+01,2.880211041487518742e+01,2.869280450679968908e+01,2.865872386894767487e+01,2.909306151849335720e+01,2.920290388449194552e+01,2.877530811152962542e+01,3.018199855397074316e+01,2.962094296892627199e+01,2.913668064292204463e+01,2.941636202924598820e+01,2.895089778942292469e+01,2.933324846832243793e+01,3.029916448760633330e+01,2.756026650055571281e+01,3.021307847865688245e+01,2.834541863595512723e+01,2.897832834617940989e+01
2.927826506407200213e+01,2.907655617222479805e+01,2.885050486313321016e+01,2.926312777899062212e+01,2.924466957019387792e+01,2.937154397613517176e+01,2.884972015437011805e+01,2.943201201253054933e+01,2.935665629616858041e+01,2.896628536663951081e+01,2.908074127379285301e+01,2.952263246752522718e+01,2.938021654534315985e+01,2.932941649694458874e+01,2.891194859193785760e+01,2.919318201337421215e+01,2.956913448645684639e+01,2.890030748763109614e+01,2.960089720410456948e+01,2.988476191542940796e+01,2.918501007428864114e+01,2.952157487718022821e+01,2.928926722274906069e+01,3.010813569293839009e+01
2.856416854386822024e+01,2.872039906806804765e+01,2.824043162453176592e+01,2.868320657792429529e+01,2.912385968387752655e+01,2.882570538021110451e+01,2.937987157081539635e+01,2.889302041589843384e+01,2.983862908487162713e+01,2.935302716404038392e+01,2.850797941448115580e+01,2.941651681444210453e+01,2.848354454912362144e+01,2.849640239780819684e+01,2.906230985716064197e+01,2.820229074877067887e+01,2.858574883614897999e+01,2.842155066380911421e+01,2.933680557469256200e+01,2.936460079094291586e+01,2.939140166856469705e+01,2.848169693583810158e+01,2.944647577381090287e+01,2.933049475982255672e+01
2.868844111089913440e+01,2.930231175206580474e+01,2.868039515880417412e+01,2.888693391557347923e+01,2.915309776887238513e+01,2.978856284007224531e+01,2.909713229946868296e+01,2.918688493173806364e+01,2.871936099164639700e+01,2.885412101823982312e+01,2.799107506950707602e+01,2.873485412375583792e+01,2.795674515249794467e+01,2.918094757028927688e+01,2.806969980758395877e+01,2.919036421011833227e+01,2.922469151727051440e+01,2.880589667829184464e+01,2.833203342864624119e+01,3.046767536874551752e+01,2.951110792484246304e+01,2.950530429525520049e+01,2.874483995699557681e+01,2.935731179774580824e+01
2.844731908239782570e+01,2.908184460619605716e+01,2.916390171809490539e+01,3.020791905002545263e+01,2.924227862076583051e+01,3.008047456343439308e+01,2.877286712062618790e+01,2.863724760043777451e+01,2.968412950757175395e+01,2.931181180826644095e+01,2.867100395827498005e+01,2.928409725602807612e+01,2.892292451460059510e+01,2.866993544901379209e+01,2.865918517257910025e+01,2.976475546412240192e+01,2.865968776439154908e+01,2.905797629875524990e+01,2.826030679833570503e+01,2.901087324752330687e+01,2.896387352764133993e+01,2.993757048263955767e+01,2.900459404638996830e+01,2.919846998626809409e+01
2.878552949367605152e+01,2.942903314048004404e+01,2.865061463306790301e+01,2.955282098654140555e+01,2.897100320822596586e+01,2.989277175358137129e+01,2.910073886834715040e+01,2.979697758821293974e+01,2.870443435499788620e+01,2.887642309218176706e+01,2.924726688783562167e+01,2.872499151221052216e+01,2.921502787331354511e+01,2.969446830746068144e+01,2.902221114098978205e+01,2.961052501720553209e+01,2.901427063385324345e+01,2.854408178378054117e+01,2.891501974060338398e+01,2.954628252776046793e+01,2.887789033559914742e+01,2.864779970515559171e+01,3.005746694583064027e+01,2.955270716688522725e+01
2.878385086900419765e+01,2.930260854917037250e+01,2.864940991467045706e+01,2.892724243872538636e+01,2.970317986376005592e+01,2.877632681813304316e+01,2.856844457688146122e+01,2.885696597596040647e+01,2.888569361941188163e+01,2.859561416572284998e+01,2.813357906573884293e+01,2.835842245397111583e+01,2.853060743785908926e+01,2.818336196994931697e+01,2.926328958438460859e+01,2.894088282878664131e+01,2.884948136282878295e+01,2.900667254198720002e+01,2.981411472530641049e+01,2.932109345544444068e+01,2.903057115246076592e+01,2.899940140936899979e+01,2.918279902806580139e+01,2.891501215411398107e+01
2.915809142563978185e+01,2.870271770371351749e+01,2.848708259254919994e+01,2.839133417171092333e+01,2.878466017194017468e+01,2.866864897758807729e+01,2.902473012456243850e+01,2.900933994333325927e+01,2.954540626571309758e+01,2.877405285712575278e+01,2.903396465653992209e+01,2.895306168000081470e+01,2.887720987161037556e+01,2.882835162481933367e+01,2.942301574262404529e+01,2.855355133172781734e+01,2.900851556517062591e+01,2.884809523613029114e+01,2.830674517657860179e+01,2.883654305526022199e+01,2.881161522513161799e+01,2.916132247723231785e+01,2.871910932442142439e+01,2.949351162578460617e+01
2.962286598993114239e+01,2.982136666194719510e+01,2.971062098561441189e+01,2.881224314520483176e+01,2.893145075625415075e+01,2.856617854862037120e+01,2.862904926916189652e+01,2.916675419929225654e+01,2.911005726993039389e+01,3.027672355215713651e+01,2.848557253881665474e+01,2.906258920338751750e+01,2.865292287058537113e+01,3.024226404237998622e+01,2.717213557808611313e+01,2.891674810382960459e+01,2.904344087908930305e+01,2.936326159939505942e+01,2.872667669444371086e+01,2.844303554486469920e+01,2.922809197689781513e+01,2.950413343328676774e+01,2.945609466956392453e+01,2.947074112178790983e+01
2.947183614576442778e+01,2.906409439354752067e+01,2.964690575319076515e+01,2.736580427262055082e+01,2.970446896312870422e+01,2.858003447143829590e+01,2.946235096934344710e+01,2.912671255423731509e+01,2.856629814133600576e+01,2.950631649257741174e+01,2.918389736657832145e+01,2.982845039176908131e+01,2.850375654622848742e+01,2.905044365473202106e+01,2.920631009647684095e+01,2.966618937946651613e+01,2.964085390419825217e+01,2.844987521662466179e+01,2.943308478286360241e+01,2.997255065444005595e+01,2.967494125796434901e+01,3.050011749984918197e+01,2.928116045749891327e+01,2.985659304250111745e+01
2.891803313483495685e+01,2.867053330065641603e+01,2.966261656937973612e+01,2.845069490901272502e+01,2.918133408996959588e+01,2.933941761621554178e+01,2.839177483703122107e+01,2.871114329407117793e+01,2.922260644766799942e+01,2.876033826402948534e+01,2.879144743143496044e+01,2.949884816415459454e+01,2.898653880895983548e+01,2.841147667048579706e+01,2.870830963825045501e+01,2.952677992234828253e+01,2.893870413953231946e+01,3.012062789366268589e+01,2.889983554574297386e+01,2.891292847610498029e+01,2.924159202238342914e+01,2.848805016466064899e+01,2.805868953648246134e+01,2.940204936001930491e+01
2.900893327509896835e+01,2.857928762428684877e+01,2.851682782876918054e+01,2.951164458990103867e+01,2.892118462487388797e+01,2.897845968333228939e+01,2.914413897791229147e+01,2.916465024884462309e+01,2.891132513256104630e+01,2.931840951254656602e+01,2.923967889948846732e+01,2.898867657275707188e+01,2.873807736111001532e+01,2.947785202847603614e+01,2.895003173933338303e+01,2.929039630037755160e+01,2.911701568736827994e+01,2.893112602585694049e+01,2.926753853435252495e+01,2.900531786961482794e+01,2.959877433602918018e+01,2.835910942327973316e+01,2.819735421473279757e+01,2.939280860426674735e+01
2.964944773320263494e+01,2.945557926734653620e+01,3.006426165186320532e+01,2.890717536719728287e+01,2.943229924203677683e+01,2.820945379169734224e+01,2.992494382911667117e+01,2.954918775634860140e+01,2.887157698360994118e+01,3.052389856482699315e+01,2.925230208455980119e+01,2.955479377800850216e+01,2.892773831773604343e+01,2.867175414892250274e+01,2.870965137626865271e+01,2.947446963482855153e+01,2.898550619288482721e+01,2.903218701180702510e+01,2.970742776003072549e+01,2.987136313730684378e+01,2.865126782825097962e+01,2.984945285179912844e+01,2.878380994819781336e+01,2.859464880936138798e+01
2.958977111826078499e+01,2.984761801682736859e+01,2.931976940346839910e+01,2.909326494849671008e+01,2.951697143458011396e+01,2.915801706578156427e+01,2.891362498511603008e+01,2.925130329924962780e+01,2.798167990702557972e+01,2.976202640984843129e+01,2.863844794575675223e+01,2.946576693426032989e+01,2.992684897913028408e+01,2.913778544786219982e+01,2.970958492290037611e+01,2.949547534556620576e+01,2.970499527228645320e+01,3.031377304870926537e+01,2.907227147631027719e+01,3.022179727080742850e+01,2.895078204290837220e+01,2.993559076892779558e+01,2.955250377366229486e+01,2.922444785210382179e+01
2.944474210789451263e+01,2.800806440743787107e+01,2.908276860465383606e+01,2.877811297731830109e+01,2.851580627366934095e+01,2.930273674070053858e+01,2.857258492656052340e+01,2.861028967652589472e+01,2.914535030370922186e+01,2.818928384517107588e+01,3.019760206729972651e+01,2.867604477712910693e+01,2.849130335329209629e+01,2.952378082064353748e+01,3.050441640854666048e+01,2.934768605904997685e+01,3.024143526615978317e+01,2.976810053656117816e+01,2.936094891371504900e+01,2.886138831738890076e+01,2.955400569853776460e+01,2.988393805970372341e+01,2.890903117175986381e+01,3.018547167671340503e+01
2.884930448030070238e+01,2.840511346171251716e+01,2.946103242832055003e+01,2.938198442388363674e+01,2.982727885485155639e+01,2.905717093209756285e+01,3.033186903306443583e+01,2.950666746121709139e+01,2.903827369112008228e+01,2.907132963831850248e+01,2.872432819149656780e+01,2.882065050745728740e+01,2.923870450895771000e+01,2.995158576569099296e+01,2.913311336106499994e+01,2.930917847784837704e+01,2.952019216128735479e+01,2.818967307347202222e+01,2.981843511189401852e+01,2.929158168328825695e+01,2.944270621299881441e+01,2.909909581053278771e+01,3.050439727836743486e+01,2.938163208360458611e+01
2.900679575721488845e+01,2.954984661671733193e+01,2.863424402504807631e+01,3.001784171226864828e+01,2.894543854509777248e+01,2.982583613772544595e+01,2.823508002131734429e+01,2.982119729841565459e+01,2.901975228227445314e+01,2.948322534819271823e+01,2.900453013893536536e+01,2.981768022721064426e+01,2.882935707010659598e+01,2.927560652776833194e+01,2.899382233486687710e+01,2.949848685477473964e+01,2.899446225510365593e+01,2.914548246082534888e+01,2.922628128275101744e+01,2.901062560659789824e+01,2.944481572706285988e+01,2.997182196814753752e+01,2.992913233878448409e+01,3.089011782405538042e+01
2.872505002844235378e+01,3.040648184240154706e+01,2.874658101520162745e+01,2.956886136443466739e+01,3.051660085229337938e+01,2.846130568642763592e+01,2.995040253862555346e+01,2.895451655124196577e+01,2.815158978129551315e+01,2.876287058335407210e+01,2.959542486391825378e+01,2.933131538913886516e+01,2.967686359171977983e+01,2.953130390709748099e+01,2.903294457779816184e+01,2.910504205700391367e+01,2.988939148125143674e+01,2.922942138361048592e+01,2.981506705608285301e+01,2.943289675572248143e+01,3.013777753787536540e+01,2.970953968812432322e+01,3.136577385762302583e+01,3.191959660963152601e+01
2.717001623754430284e+01,2.880886376164522744e+01,2.925655147312062354e+01,2.909981428148051918e+01,2.870846859263900797e+01,2.839305169250928884e+01,2.925896163207295331e+01,2.868058270898558249e+01,2.911231521745651207e+01,2.853322116657045626e+01,2.924753820841181096e+01,2.814253492578774285e+01,2.995773195182897553e+01,2.858926823862032052e+01,2.892709197943071331e+01,2.783567931208477830e+01,2.927806495757192806e+01,2.879534141985328688e+01,2.902547025148641069e+01,2.947931507583155053e+01,2.959125188312617638e+01,2.995361362474011457e+01,3.051259032046391440e+01,3.036680936944219411e+01
2.826084478923411325e+01,2.929483358709222784e+01,2.961369489223181972e+01,2.895559570706683417e+01,2.992475082927199992e+01,2.761206608579732347e+01,2.919553325577345504e+01,2.921197371931754105e+01,2.865065272043062805e+01,2.858842805891816852e+01,2.896046650070553596e+01,2.879721775878482504e+01,2.956379861510077944e+01,2.944890409446907142e+01,2.905605815017304394e+01,2.940552755702782406e+01,2.886542965849440634e+01,2.974260131305840105e+01,2.916532953450263221e+01,2.915657760504961971e+01,2.911490950028172620e+01,2.963321786947574310e+01,2.987125478090024444e+01,3.019379365750069155e+01
2.881644228236149274e+01,2.975423878529551303e+01,2.755740200708703469e+01,2.905560032746524257e+01,2.799241864835079241e+01,2.838510595704565276e+01,2.891562660150481179e+01,2.849724029262097247e+01,2.755668393540997840e+01,2.864036354282973207e+01,2.903456250508946823e+01,2.930438674137428734e+01,2.819835764365245723e+01,2.882779439171628155e+01,3.010778375903981896e+01,2.947775229733980495e+01,2.978364356684062386e+01,2.871055611847737055e+01,2.905722521825805416e+01,2.901050138991604399e+01,2.912800291517788764e+01,2.956660977674016522e+01,3.020488844224411196e+01,2.929922925591614558e+01
2.921276273519629285e+01,2.886249519858415624e+01,2.912281913806191369e+01,2.977997277503482110e+01,2.897335750380216268e+01,2.934406203530988932e+01,2.932595660324676601e+01,2.809361853913571849e+01,3.035297365626519195e+01,2.854423738617049366e+01,2.991182661497481377e+01,2.917672869288634274e+01,2.941302718584432796e+01,2.919733816669906901e+01,2.979049898863866019e+01,2.879791214596070859e+01,2.918334968204436564e+01,3.042038202030983030e+01,3.057378257856544224e+01,2.915923922090593123e+01,3.035988767978381020e+01,2.986737027745607520e+01,3.118729511361959794e+01,3.055165723770699060e+01
2.914410592470989059e+01,2.907054976007759706e+01,2.898097461493955507e+01,2.864486018133669631e+01,2.880889470264435204e+01,2.802238235800314214e+01,2.906149430331299754e+01,2.847255148895504817e+01,2.868578401185811799e+01,2.925490703893262889e+01,2.904630619545196168e+01,2.984133911282941654e+01,2.922738605233678300e+01,2.898674756186460399e+01,2.928694083314923091e+01,2.869620502343451562e+01,2.918058025944759493e+01,2.872105757963578299e+01,2.929472349183805591e+01,2.937043751603664532e+01,2.994625350045686218e+01,2.984231022080206230e+01,2.971387643487952346e+01,2.852440161718982381e+01
2.879977183262428753e+01,2.895538146026331106e+01,2.980379506855115324e+01,2.889422034374030090e+01,2.848670899367510856e+01,2.955088003014890319e+01,2.870096876413475684e+01,2.846857244298337264e+01,2.907265456686815241e+01,2.824173303601349971e+01,2.943732540240989692e+01,2.924511352463275671e+01,2.956312502246044005e+01,2.921592342765961803e+01,2.987338922979108702e+01,3.005564558888056581e+01,2.977973045367394889e+01,2.857810285795704885e+01,2.957726621121139488e+01,2.994137555000480688e+01,2.842447727038825178e+01,3.001161174343030780e+01,2.929881751530405154e+01,2.911313583540027139e+01
2.971264075136173233e+01,2.998834726716961541e+01,2.871388767288016197e+01,2.920703888675478765e+01,2.905670617097621289e+01,2.869737507901186291e+01,2.889697395866585339e+01,2.895037459684346004e+01,2.813917080128624093e+01,2.917846785634867501e+01,2.739896653462227505e+01,2.924263145319883961e+01,2.941942016559659123e+01,2.873361515835796354e+01,2.843579934478009363e+01,2.894713721962978070e+01,3.062934519843400949e+01,2.907717818217923877e+01,2.988350040574601962e+01,2.910464543858023490e+01,2.908886296838232965e+01,3.024891465878192776e+01,2.923432990777848772e+01,2.943041690723475767e+01
2.894923641810299841e+01,2.812287856011658960e+01,2.890977319397313750e+01,3.000927993557996842e+01,3.028904598003532556e+01,2.931054383248800832e+01,2.890169174480877246e+01,2.928518168893327811e+01,2.903574355397626050e+01,2.901872091154632471e+01,2.939460221292341657e+01,2.904053467107434017e+01,3.024886353136838579e+01,2.955773243267998396e+01,2.945543291935530306e+01,3.047472859130448342e+01,2.921987013011772660e+01,2.939342568839941805e+01,2.916469733698295386e+01,3.052090464550917659e+01,2.917938768094131774e+01,2.977549555679547666e+01,3.047857723393178730e+01,2.991171568538027259e+01
