2.948456535085995256e+01,2.960019858713502572e+01,2.857194224673315830e+01,2.967146573510115104e+01,2.846341673549721918e+01,2.949698531429623927e+01,2.933913803168155709e+01,3.020301072339418624e+01,2.872403157888157921e+01,3.005818638236769402e+01,2.905280326580839301e+01,2.990033677287459568e+01,2.974310453958429434e+01,2.888190534720780533e+01,2.851299685140821794e+01,2.975792452882330963e+01,2.992990311652357605e+01,2.945074017983546355e+01,3.038207484409298331e+01,3.007297847162226390e+01,3.011718093604201840e+01,2.916962831597072636e+01,2.937621048910858690e+01,3.084916584372462012e+01
2.973003063925938250e+01,2.858522620386406743e+01,2.902247671931723971e+01,2.839578469066145772e+01,2.934636451576659510e+01,3.014462496048730600e+01,2.837976972979441825e+01,2.939196827466565765e+01,2.967204371504715255e+01,2.935148668871795508e+01,2.799359716389591313e+01,2.857940492940656441e+01,2.950787270028513376e+01,2.927789573496755793e+01,3.004495468576726580e+01,2.929691752871053723e+01,3.014759943446460966e+01,2.891282751222206571e+01,2.944855588921456047e+01,2.950248506613155541e+01,2.935595010644254899e+01,2.927588861962402689e+01,2.907972653679735231e+01,2.932740037882399520e+01
2.720814716050904281e+01,2.973245078974071021e+01,2.897166201935266372e+01,2.915551387469696465e+01,2.880139162458101509e+01,3.031101774533033222e+01,2.873706380344907529e+01,3.045811809011803462e+01,2.978730551670622617e+01,2.911452448059668541e+01,2.923817352860623942e+01,2.915013442403193267e+01,2.829881208741630871e+01,2.962557587166844542e+01,2.858228954861044713e+01,3.008224754870684592e+01,2.959231996457873493e+01,2.966878406310382843e+01,2.935675489366195734e+01,3.003378016276553808e+01,2.990280349071770161e+01,3.047133535112686786e+01,2.956950549030057118e+01,2.957996366111552788e+01
3.023663483041792688e+01,2.897613010409224898e+01,2.924564792503633726e+01,2.949227043529378989e+01,3.024877599924701599e+01,2.795675203469755843e+01,3.010355200324960379e+01,3.008790281938706812e+01,2.956008756057622122e+01,2.911731165334413163e+01,2.978443741767318897e+01,2.907492909943522363e+01,3.032864283279843676e+01,2.986217571514237079e+01,3.004516334870299943e+01,2.934073176040408271e+01,2.919991841791784282e+01,2.896531300549554544e+01,3.003985723387489770e+01,2.936709612150303883e+01,3.006161409889858760e+01,2.913306095114990057e+01,2.974546635373326353e+01,2.955502857411113382e+01
2.969222938601734540e+01,2.953195829435276210e+01,2.952837778520324719e+01,2.787604041903523466e+01,2.921503676835067154e+01,2.945578066201670708e+01,2.878702996088276223e+01,2.936213129265240696e+01,2.839878455942772462e+01,2.918057504615637754e+01,2.975814123621563567e+01,3.050506625791814486e+01,2.930311322143489861e+01,2.930965726793203885e+01,2.899051081933936302e+01,2.921897875599432837e+01,2.905786140725501809e+01,3.074533132362438437e+01,2.968632448106239963e+01,3.003791747055896622e+01,2.944086732762167458e+01,2.901096687177738431e+01,2.916222752795175666e+01,2.985875921604025507e+01
2.963789211371039301e+01,2.884174207423114922e+01,2.987860941816740024e+01,2.872977773912487010e+01,2.846295597876468264e+01,2.977163184716016531e+01,2.942658772219988350e+01,2.941431492558729133e+01,2.952464959520392540e+01,2.908896813565240791e+01,2.998287372786052174e+01,2.911887727872630194e+01,2.959988540395085010e+01,2.860864840330015113e+01,2.908973666925783164e+01,2.987788341899164379e+01,2.994602951215841813e+01,2.873601727790952509e+01,2.867427236551367287e+01,2.936577414650275841e+01,2.969808094962832001e+01,2.950488309829603395e+01,2.919745874568928912e+01,2.834118297185432311e+01
2.951488835223324259e+01,2.924770568538463067e+01,2.872176735871408937e+01,2.974425441127715430e+01,2.869882704764808068e+01,2.985926378341861209e+01,2.912544120846655460e+01,2.950833428800848424e+01,2.975458529888908288e+01,2.930972004389781205e+01,2.899871900313701190e+01,2.962343738920611713e+01,2.885652510885455513e+01,2.986334037587499779e+01,2.949523703194500968e+01,3.007147790528995301e+01,2.988058055167601879e+01,3.031101183820982214e+01,2.982244736277482389e+01,2.984805552824082042e+01,2.927900374468487144e+01,3.035445904541984419e+01,2.985498010185904150e+01,3.045455976461073533e+01
2.932177569082642776e+01,2.930517182068200555e+01,2.964917411717698315e+01,2.899435821639673350e+01,2.948001036109349116e+01,2.860402482636163768e+01,3.033358143747534541e+01,2.900999035575728158e+01,2.963196007822836009e+01,2.905181126498399635e+01,2.948310442144730814e+01,2.956604720657134067e+01,2.943025880538090178e+01,2.884125858858214997e+01,3.020826223653256193e+01,2.959294822978540651e+01,3.070066309697546103e+01,2.933136403536894932e+01,2.968820326361259276e+01,3.052990223325122088e+01,2.989192556659321554e+01,2.985333987389708454e+01,3.091961538174848556e+01,2.975374707117225626e+01
2.876205774879582577e+01,3.006915997413375408e+01,2.968315907718738345e+01,2.865997429639935490e+01,2.946580771933565757e+01,2.948077357296534728e+01,2.947933338492589428e+01,2.966677577049324555e+01,2.934558330624014388e+01,2.987285191934023487e+01,2.937113461836219130e+01,2.953432810206425074e+01,3.016242255506165293e+01,2.928551920557947597e+01,2.818342154307072178e+01,2.988869182782195821e+01,2.926204280717621486e+01,2.957988135550374409e+01,2.969432177401091622e+01,2.968286231763454452e+01,2.946276493552664988e+01,2.943655769791183729e+01,3.019611627522351682e+01,2.927816223205900314e+01
2.927215611834884612e+01,2.902854719461873856e+01,2.852363511231880011e+01,2.986716586878822000e+01,2.906825381317764823e+01,2.951883319846075437e+01,2.895547731311012285e+01,2.957503764393970869e+01,2.872789807779616922e+01,2.903360975880826800e+01,3.074632083806801575e+01,2.872664784706296359e+01,2.975011474836418301e+01,2.945601445089243953e+01,2.988180333117890086e+01,2.913371440415153302e+01,2.985060982231141224e+01,2.927292203659771985e+01,3.024828864238924098e+01,2.976909493910318361e+01,3.008155865619607994e+01,2.829871675175849077e+01,2.943105066805674142e+01,2.893430462666037783e+01
2.838095114326216617e+01,3.015875550651531967e+01,2.958278605028010588e+01,3.017320035118024180e+01,2.974288793150009269e+01,2.925766643598200289e+01,2.860729742144241072e+01,3.031774256957817215e+01,2.898804843866491865e+01,3.030457587424820076e+01,2.949214324769513951e+01,3.006795597716853763e+01,2.971908590106608017e+01,2.961386001241305621e+01,2.893744685762641211e+01,3.000927680821951071e+01,2.846033755690058342e+01,3.020900766126857206e+01,2.928383129783333061e+01,3.001307386740091943e+01,2.955006607134117758e+01,2.942822109745367243e+01,2.967889395865216784e+01,3.058563630616293949e+01
2.929266690477862767e+01,2.949319998622269168e+01,3.057297893743083250e+01,2.876334525719357771e+01,2.980399875826770995e+01,3.014735869754372288e+01,2.949223126360766400e+01,2.893645193684676542e+01,3.074592233810778907e+01,2.935644818425026870e+01,2.935482180267962349e+01,2.916409655192495620e+01,2.962809383878573044e+01,2.926921854367793685e+01,2.945071339965801371e+01,3.036586030829096217e+01,2.877029433119412261e+01,2.983783643760733639e+01,3.130502663758915105e+01,2.987319732112251813e+01,3.043203208452001718e+01,3.038828201397586781e+01,2.958160876803748351e+01,2.962229900969612117e+01
2.901225290357530184e+01,2.850168584128124394e+01,2.860140779201179839e+01,3.009483115405714670e+01,2.869143943716875356e+01,2.966220009553495629e+01,2.906740230120317392e+01,2.946036381238968715e+01,3.002594017033220553e+01,2.968614284507418688e+01,2.875272890905864642e+01,2.875673993112536664e+01,2.954304076608855212e+01,2.899984802928094041e+01,2.947794302619684004e+01,2.977334751807217117e+01,3.106402796339676797e+01,3.019658411835956713e+01,3.076162989622474697e+01,3.090851398456032939e+01,3.024843477413344317e+01,3.071857330357568117e+01,3.029087152743693423e+01,3.034057363195989865e+01
2.918476533371955384e+01,2.968527598105623611e+01,2.949641445331997147e+01,2.957001776082597644e+01,2.845765291966171162e+01,2.905781890141417989e+01,2.935485985860680103e+01,2.966831874385349010e+01,2.912293966459174044e+01,2.902869742322911861e+01,2.961970474493182337e+01,2.870772632512461087e+01,3.002891655184134834e+01,2.933336542858182838e+01,2.995050241574506344e+01,2.957725692634460302e+01,3.072603301835533784e+01,3.009359662242883360e+01,3.038399703516637373e+01,3.042358650207341952e+01,3.050510938045692910e+01,3.001485293954590361e+01,3.174421642297568269e+01,3.059303869413366783e+01
2.908973858376776889e+01,3.001651887469284929e+01,2.947877034612542957e+01,3.018473446287964634e+01,2.969054559019321005e+01,2.910468024254078045e+01,2.915207845321549485e+01,2.998078123316150823e+01,2.955615673758751427e+01,2.967967865692952500e+01,2.889476456215879807e+01,2.977198884205967033e+01,3.021236908714297442e+01,3.028062083859134646e+01,2.990827523520539444e+01,3.174258623183288819e+01,3.146334900847404015e+01,3.223590733608767778e+01,3.138958437262232337e+01,3.110450453845197671e+01,3.199364331367371506e+01,3.139026723080661441e+01,3.112256837331824499e+01,3.164662925345635358e+01
3.029505831900678459e+01,2.869973803362358922e+01,3.030926414100855482e+01,2.895569848496404575e+01,2.919363479856139065e+01,2.912620121197016942e+01,3.044782339812007876e+01,2.907729817693166297e+01,2.948898007970979052e+01,2.924914575982666065e+01,2.940151446573622707e+01,3.003107202575353085e+01,2.968224183255603066e+01,2.925160122200765045e+01,3.052165383243368524e+01,3.112483735210054192e+01,3.133763117874013915e+01,3.097794921418977765e+01,3.150209165526183597e+01,3.122041485080762868e+01,3.117832739489767846e+01,3.114195536169603429e+01,3.111909679971557807e+01,3.132276325068642109e+01
2.892697020409036668e+01,2.955475549478882158e+01,2.959371443915898681e+01,2.996968303507503606e+01,2.848187636623612207e+01,2.929388252735355991e+01,2.936580752133721717e+01,2.946878544498827068e+01,2.914479581524039986e+01,2.963326017825500003e+01,2.936461093468938088e+01,2.903347823998421973e+01,2.902677767972431866e+01,2.937374718266300988e+01,3.019490970342815217e+01,3.000133257433793688e+01,2.952517136072845005e+01,3.016271052049052059e+01,2.949618008898107746e+01,3.063478818060150388e+01,3.005865168633749818e+01,3.048792272841984641e+01,3.054205903339141059e+01,3.024561416800838742e+01
2.937499780098846713e+01,2.911880256258626787e+01,2.901166045253046377e+01,2.981107290437950041e+01,2.997908063015637481e+01,2.916219514020190218e+01,2.973983036192311147e+01,2.941026508489591151e+01,3.060385497847209990e+01,2.969260899143080223e+01,2.961029063181422316e+01,3.050419136565994904e+01,2.956377678059971004e+01,2.949422418479673524e+01,3.041262719437929718e+01,2.947606525211841699e+01,2.948766429918140375e+01,2.965812910865815866e+01,2.984171655810996526e+01,3.025813613965880222e+01,3.039812762342700125e+01,2.937943231694242741e+01,2.998573953982753437e+01,2.905871754186722455e+01
2.989451856204487967e+01,2.907234864296299293e+01,3.002302092072335427e+01,2.920408987634732512e+01,2.948010842245912499e+01,2.980652430696306965e+01,2.973575181705615478e+01,2.932739148666439633e+01,2.951075812426824996e+01,3.027412746590488268e+01,3.021241698542337417e+01,2.980455033742271098e+01,2.947277704834931455e+01,2.984887809267064540e+01,3.409861375090667934e+01,3.446748316253967914e+01,3.420433451295735949e+01,3.196362535918569847e+01,3.064831164136575126e+01,2.962836509034622168e+01,2.988274340857816469e+01,3.052076034462254484e+01,2.956224400158652088e+01,3.024233162692621590e+01
3.063255427685948007e+01,2.967696401503883408e+01,2.980134405921057805e+01,2.955536941906814263e+01,2.957725690289106524e+01,2.884727482582837865e+01,2.974720821294937423e+01,2.904069114915017735e+01,2.994569846814346192e+01,2.951887260312838634e+01,2.979531957621708216e+01,3.026087202669395992e+01,3.049759096363419530e+01,3.038603068933389295e+01,3.475438487574541568e+01,3.469790483693230954e+01,3.391577341337108464e+01,3.222410113493231165e+01,3.004561542365775040e+01,2.965657478698301475e+01,3.013757359809767422e+01,2.973714374147283479e+01,3.016287021131364554e+01,2.983045147566161859e+01
2.950189212803906003e+01,2.955682559239278362e+01,2.883832094303699023e+01,2.940020675008292983e+01,2.857602983804497399e+01,2.947932405108656440e+01,2.893916672049414274e+01,2.910135468020649796e+01,2.942073125416874291e+01,2.909077960309798527e+01,2.911892937563942496e+01,2.990800486745899889e+01,3.021755027739141042e+01,3.069049855358849754e+01,3.456105795334525510e+01,3.436045022495557077e+01,3.360167753470466323e+01,3.229042893380727719e+01,3.029883166109590320e+01,3.060490184063468178e+01,3.042721017779706472e+01,3.054457508576240343e+01,3.005799886115454456e+01,2.984916578917267316e+01
2.810251759935454174e+01,2.942409844959342990e+01,2.957705610544360297e+01,2.948976460980770753e+01,2.950418275039260152e+01,2.944540696685061221e+01,2.891072512723638965e+01,2.982625586428190445e+01,2.950683343401698266e+01,2.937710353182802692e+01,2.914377251665632684e+01,2.940575131166320944e+01,2.948987111890795632e+01,3.119644701636303807e+01,3.396049640890726096e+01,3.445270571194834019e+01,3.318035665908610099e+01,3.158508158327589399e+01,3.009181062028284259e+01,3.061358258775112517e+01,2.977100277255323135e+01,2.910207283303947179e+01,3.055633179622685702e+01,3.035780955543799564e+01
2.915499600071149189e+01,3.041652090488213389e+01,3.020052702595484106e+01,2.807765427849068374e+01,2.850846749709108963e+01,2.971781371381808867e+01,2.976425944455388617e+01,3.039031440131265072e+01,3.010604754621715529e+01,2.983096398735290222e+01,3.004303420119134671e+01,3.097798894079335241e+01,2.999292559934463043e+01,3.056968028170831531e+01,3.448678281648057009e+01,3.476176309370276840e+01,3.260804018284119365e+01,3.067913309416269385e+01,3.083573668819019531e+01,2.989866455508456511e+01,3.004064409204426056e+01,3.088866501178881663e+01,3.004150720310377665e+01,2.967270411094773408e+01
3.015135746388881444e+01,2.868764566917656111e+01,3.034482019441099965e+01,2.937992291614875739e+01,2.989553870199688390e+01,2.876486726640501956e+01,3.071730785117165397e+01,2.918867182825755435e+01,2.989609178698026426e+01,2.962155100497068361e+01,3.078032997997524944e+01,3.153046741486878091e+01,3.158246171157236404e+01,3.173914893028796769e+01,3.518768071163941613e+01,3.538319142360586511e+01,3.297446001976737762e+01,3.131511960677522666e+01,3.087560013621481403e+01,3.101334948369964195e+01,3.090970759170193105e+01,3.013421106328587484e+01,3.054811206424096781e+01,3.035908879000862726e+01
2.989175739055787062e+01,2.891297355328708818e+01,2.951432979461549166e+01,2.929751898229847029e+01,2.902410276659139754e+01,2.957430339478628412e+01,2.898536447738405286e+01,2.982512509430551972e+01,3.022837494331491826e+01,3.119908337055045422e+01,3.222851983265707076e+01,3.145313733835251924e+01,3.181637061284175161e+01,3.145194304647719719e+01,3.267173518836563062e+01,3.174707308615086276e+01,3.149809268244723626e+01,3.182485419120968118e+01,3.118683289072288289e+01,3.090869571074210853e+01,3.038275428298845782e+01,3.071067741405403240e+01,3.051193057147588661e+01,3.052038952269776928e+01
2.869624748089199784e+01,2.927266759302938226e+01,2.967735364338193449e+01,2.920727861601250197e+01,2.911999024831362703e+01,2.944548765983552130e+01,3.016856918072051030e+01,3.001098907629506130e+01,3.122977980137585519e+01,3.114574277840489458e+01,3.245608653735200733e+01,3.264030249879908752e+01,3.186016258763203268e+01,3.330026665527390151e+01,3.199114487894013337e+01,3.217052000817130875e+01,3.233004864039293125e+01,3.165791869208197795e+01,3.187422876515961434e+01,3.100385147610177228e+01,3.085366561512273620e+01,3.085008107796215882e+01,3.040688456468421919e+01,3.092668222558233992e+01
2.960464725856337509e+01,2.935626082869310949e+01,2.966136139134817995e+01,2.960411631024834378e+01,2.966721372292403203e+01,2.998591335709642181e+01,3.026953088712298268e+01,3.112333981955470108e+01,3.223978488314463675e+01,3.357570774536930003e+01,3.274691345521193853e+01,3.261387396123149074e+01,3.225130126739088610e+01,3.141163838180204948e+01,3.107332084459494581e+01,3.132017819044114049e+01,3.205258598701556139e+01,3.226145215203376893e+01,3.187513835840496768e+01,3.273939935767629095e+01,3.108299016149351246e+01,3.132115114029835468e+01,3.087861510473862836e+01,3.134513100717617817e+01
3.053080936647978660e+01,3.100465093922969118e+01,3.039808341535479030e+01,2.974724772691888575e+01,3.065175501298273275e+01,3.038170984233710215e+01,3.105990716286487441e+01,3.077243653953144076e+01,3.269580729040490041e+01,3.400306387825071397e+01,3.311382831874345811e+01,3.271194728864855961e+01,3.187995079346228522e+01,3.128738675526761881e+01,3.097898748460005436e+01,3.217851775185243923e+01,3.204692763016521440e+01,3.216474623710206515e+01,3.262881982094694422e+01,3.294284414078265399e+01,3.078176781342710910e+01,3.070059263573392627e+01,3.069272442951290714e+01,3.191478925426616797e+01
2.962157811827108844e+01,3.038509259584185429e+01,3.016569762890753736e+01,2.996325890183436513e+01,2.958370913599731011e+01,3.076439137402820734e+01,2.997565612757597364e+01,3.131313570383235856e+01,3.330589920784922242e+01,3.321179036233189663e+01,3.314943313869554231e+01,3.256354093631608748e+01,3.252125206927786394e+01,3.187749762282516031e+01,3.235026709145375889e+01,3.286085263438422999e+01,3.084736085473156209e+01,3.241846196913741096e+01,3.296889065706301380e+01,3.341895651355071095e+01,3.224038813099593881e+01,3.032160495311967452e+01,3.054005866348722975e+01,3.037268966207102494e+01
2.998386590072686886e+01,2.962355475009644579e+01,3.011287992273810232e+01,2.984610041563649929e+01,3.020696758405142646e+01,3.015774309480156035e+01,3.080389737903419700e+01,3.132317003415630552e+01,3.330202533590392022e+01,3.375648148295414330e+01,3.432734630022576994e+01,3.321326774385363478e+01,3.417609868191016176e+01,3.272904917323620566e+01,3.079628200051831755e+01,3.137097040537463499e+01,3.188141230652064451e+01,3.263761501284699307e+01,3.312995496411127760e+01,3.408944035970978348e+01,3.140832295481260417e+01,3.097385928339184602e+01,3.182740389496598254e+01,3.146706851284551476e+01
2.964179494965264894e+01,3.087855957127095508e+01,3.093385559074613411e+01,2.918188783618370508e+01,2.989951527560288014e+01,3.125484881084162225e+01,3.282188699915974439e+01,3.339849830489811211e+01,3.338916290001355947e+01,3.388344066606072147e+01,3.285929889287626793e+01,3.416664826100577557e+01,3.471061475942923380e+01,3.342238843654104130e+01,3.127665692936449204e+01,3.336481755373358737e+01,3.366950945177222820e+01,3.354814500692242518e+01,3.322733958595131298e+01,3.494270824674794085e+01,3.396506549818968779e+01,3.337776481830456987e+01,3.127535456062753383e+01,3.260987533364868796e+01
2.996142351389050873e+01,3.066011207936026040e+01,3.018740244983877119e+01,2.903578910890468023e+01,3.134813950351781386e+01,3.236004545679367084e+01,3.461026647047935967e+01,3.276108594272761820e+01,3.406649332004678854e+01,3.378297420514803662e+01,3.247330273039688109e+01,3.373713595805730847e+01,3.417244749261095649e+01,3.369680193544820668e+01,3.250680690988542665e+01,3.204313265650461062e+01,3.452680037098554067e+01,3.467321183393249839e+01,3.411850029624167746e+01,3.437747832194787634e+01,3.437719538587515444e+01,3.277399865654683708e+01,3.252216834980066551e+01,3.267515624173091737e+01
