2.853430019470874868e+01,3.038464143714804777e+01,2.857110765834443100e+01,2.999753145245495034e+01,2.827592002683081773e+01,2.841625967925222085e+01,2.946035247187325012e+01,3.060234588617078089e+01,2.888603816696752347e+01,3.049413261019390120e+01,2.878108435010710764e+01,2.990423266708370420e+01,2.836795047671051861e+01,3.021155130305453440e+01,2.870050267965024204e+01,2.954599563888967850e+01,2.942916046607609815e+01,2.989003953552332860e+01,2.895840233178381595e+01,2.982165283960398483e+01,2.882812779490819821e+01,3.098121751185175299e+01,2.944553345960133584e+01,2.998169597962902344e+01
2.941956271631357822e+01,2.800954318745340288e+01,2.933428260504371110e+01,2.968113167853249479e+01,2.945890379758691324e+01,2.834419196792202911e+01,2.901078366319984525e+01,2.819588524433498833e+01,3.009282603192036731e+01,2.953448203421157814e+01,3.059660451839317830e+01,2.750443348364137819e+01,2.998352576961400473e+01,2.824044122857412731e+01,3.008600507183740547e+01,2.867471356421668816e+01,3.016751644129527676e+01,2.911890160474217737e+01,3.098137314228875994e+01,2.747788316525645769e+01,3.044787743834854155e+01,2.966056224839803690e+01,2.969158591318131357e+01,2.968239631272030010e+01
2.876113217254737719e+01,2.827338919987431609e+01,2.904089052398279591e+01,2.879521306088378196e+01,2.963017665649448418e+01,2.984058088621662819e+01,2.980282177638468966e+01,2.878996819861538370e+01,2.980399348427209816e+01,2.937947325503790807e+01,2.991049315591931190e+01,2.985276280047111186e+01,2.856876846278265702e+01,2.912031455411693059e+01,2.946857237947438080e+01,2.898540576706352567e+01,3.005157366991812751e+01,2.953402747863577815e+01,2.981084226516583158e+01,2.988583340946894396e+01,2.988482912222758614e+01,2.982437109003609521e+01,2.971438259665677606e+01,2.976600814824206509e+01
2.979579946052774631e+01,2.805409188704192047e+01,2.984883864523766306e+01,2.894125967645447872e+01,2.998921057503287102e+01,2.946493933504359575e+01,2.926422537205161234e+01,2.926396883438110308e+01,3.024637461198250321e+01,2.958984434481129711e+01,2.887707411256326395e+01,3.036175928677505453e+01,2.848085743329068009e+01,2.958896055323560859e+01,2.875436076480440306e+01,2.883411798784743496e+01,2.970655998616990701e+01,3.006269999675140525e+01,2.949456838640651313e+01,3.025205875111396381e+01,2.903423069236788479e+01,3.043410639160168785e+01,2.972312304673550898e+01,2.974307545726048829e+01
2.933091112968003245e+01,3.084501821936993338e+01,2.883937360882049461e+01,3.069154742274020009e+01,2.860952238152611926e+01,3.035741969053520961e+01,2.987834721844410524e+01,2.932589328700163378e+01,2.814859899904928398e+01,2.974261988833586656e+01,2.933154247678749016e+01,2.975302664177718270e+01,2.983667831060813569e+01,3.007076715225031194e+01,2.915560935539673437e+01,2.961656827808826620e+01,2.863049749318258819e+01,3.018228433262936505e+01,3.039128231048800899e+01,3.039368885250547692e+01,2.850738482360213766e+01,3.014289922974074898e+01,2.877351561079404973e+01,3.077935012196297748e+01
2.933365715141070496e+01,2.967054499440985182e+01,3.032454407524630824e+01,2.873519105474224489e+01,2.936787237462044686e+01,2.884397008723703948e+01,2.953982181496525072e+01,2.873783355024437469e+01,2.987491583261430605e+01,2.961704809739177335e+01,2.926195847784214266e+01,2.929864859327739168e+01,2.979836592464147316e+01,2.860345569342723593e+01,2.984762184883885539e+01,2.876000628645800816e+01,3.051067388297985872e+01,2.909324674183585557e+01,2.903400500637133064e+01,2.874446774833205609e+01,2.965175863672374135e+01,2.902334307521863366e+01,2.926400371445919291e+01,2.774367654270258754e+01
3.011952621947045827e+01,2.922556087579278028e+01,2.937002861403550469e+01,3.022155090201442817e+01,2.957812076114799993e+01,2.898989986665299057e+01,2.926030554714088794e+01,2.968845683623459308e+01,2.974134898697445806e+01,2.969824766565858454e+01,2.900930133378170694e+01,2.875673993975414078e+01,2.941798369398406976e+01,3.027436050340531892e+01,2.934805551089402798e+01,3.048542887441692528e+01,2.896661139718469258e+01,2.942828888449128044e+01,2.999940434025933200e+01,2.911035320386815783e+01,2.999663268882034117e+01,2.996261208929780651e+01,2.913038397869627261e+01,2.956351707501636383e+01
2.909259029315273892e+01,2.908904309344296735e+01,2.948888936529738203e+01,2.945528941914483312e+01,2.822560124539347726e+01,2.931608738735087627e+01,2.955843897172894685e+01,2.917390040932173179e+01,2.891584567946824791e+01,3.015611523647413605e+01,2.899477117691708372e+01,2.996157616462329543e+01,2.911624183388107667e+01,2.959269886560639407e+01,2.900674232722201396e+01,2.998950146001192252e+01,2.966757395682571996e+01,2.935491685477825285e+01,2.989541973023170840e+01,3.035412123464129763e+01,2.893560666016344385e+01,2.982890603950323793e+01,3.065085612121509939e+01,2.986206760052539266e+01
3.004330735225141780e+01,2.933135026482187868e+01,2.919556508046815679e+01,2.978850124847866709e+01,2.943600284603331829e+01,2.968521838809863311e+01,2.819230726450524571e+01,3.025888229834913545e+01,2.849182448605097306e+01,2.960600541296992105e+01,2.874882539191986552e+01,2.981989539632201058e+01,2.905756306976087444e+01,3.026205651373498995e+01,2.964630392291689986e+01,3.017386388243545525e+01,2.882136507767944522e+01,3.038291748963644068e+01,2.870167715442420331e+01,2.925729312779697011e+01,2.857268634199130020e+01,2.985665113814121696e+01,2.938635591884963105e+01,2.965441191752552186e+01
3.016319804664260573e+01,2.846257341541280539e+01,2.943665244278622595e+01,2.844811508047985171e+01,2.982264916624103535e+01,2.897531964338651278e+01,2.954796982664697680e+01,2.944341238153492668e+01,3.073427081039170616e+01,2.839438173391192777e+01,3.032863235775101884e+01,2.879823500475299625e+01,2.970964838234863237e+01,3.023216131309595767e+01,2.932518952950567837e+01,2.974465260847949821e+01,2.945436829332550133e+01,2.851225479095705850e+01,2.981674623519791112e+01,2.895624625130704999e+01,3.049908954367469960e+01,2.923047300680303806e+01,2.999890426918835828e+01,2.947361596383848337e+01
2.843326360395303709e+01,2.805010790348615046e+01,2.970124264447036921e+01,3.090855289450416876e+01,2.954323720319735003e+01,3.019108428640868169e+01,3.023475838102706348e+01,2.973950502970126308e+01,2.940275252045103116e+01,2.955001393637201090e+01,2.941268028080543218e+01,2.882739789619506610e+01,2.998972336194776744e+01,2.923321113750586164e+01,2.938156792396074479e+01,2.896879779301377766e+01,2.923387797175291780e+01,2.894756742507559011e+01,2.970898782963149642e+01,3.046108420337611733e+01,2.922829828836381694e+01,2.912903728256998193e+01,2.985693862400046328e+01,3.042954778652091363e+01
2.999029086665899513e+01,3.018144882866653234e+01,2.976651182870330103e+01,2.967460873819885592e+01,3.000597341278938757e+01,2.944232765069665447e+01,2.972738930937629220e+01,2.916457072211278501e+01,2.981501563632070884e+01,2.995910977832187427e+01,2.930295962843081270e+01,2.994674747198700970e+01,2.926150245798726246e+01,2.939433566412799337e+01,2.873319294143539082e+01,2.914498212597845850e+01,2.957426618596406342e+01,2.994581504343284450e+01,2.985652078167089485e+01,3.081819245425339204e+01,2.982871493375256478e+01,2.941650957278432088e+01,2.997930890449168828e+01,2.982626083955386775e+01
2.990531251455536221e+01,2.924590434604448319e+01,2.932624699576928151e+01,3.067482553009546109e+01,2.943442214116572586e+01,2.921192317588958076e+01,2.931912123516519841e+01,3.009763914502184434e+01,2.927820569699036923e+01,3.032819283508615626e+01,2.919710313732906570e+01,3.040402475860440745e+01,2.953125988779493127e+01,2.982768848661925176e+01,2.863022274619873997e+01,3.011188080288917490e+01,3.021244756322647618e+01,3.019707731004189100e+01,3.019712124128346886e+01,3.038086609966939022e+01,2.944800791977075960e+01,3.047299187528659559e+01,2.854583869774245386e+01,3.007027982485061557e+01
2.931813799523536090e+01,2.904055358856334124e+01,3.007130811182702246e+01,2.812414794011635877e+01,2.941152071809779045e+01,2.892584118138358917e+01,2.944564480665394512e+01,2.941118321767106636e+01,2.942377627107748594e+01,2.881208163284799184e+01,2.925009225276698999e+01,2.882335339443295652e+01,2.987902497087173970e+01,2.868103923721014326e+01,3.011085051852893457e+01,2.972382513049319641e+01,3.087718495051439049e+01,3.021826099789376485e+01,2.969752603715585337e+01,3.004696458534283465e+01,3.043945184899934020e+01,3.009152099852019546e+01,2.952316572483903201e+01,3.010668970193125915e+01
2.997704562393710148e+01,2.939167873439248524e+01,2.982716746965678567e+01,2.947697729423219926e+01,2.955241304087087428e+01,2.953253310460320336e+01,2.956674444754622755e+01,2.940240959383152131e+01,2.898754007362833818e+01,2.981928357735148438e+01,2.918681092866756899e+01,2.926525182918209111e+01,3.001401516985680473e+01,2.978225425451518049e+01,3.020489048663893072e+01,2.928523829372096543e+01,3.025834653848176004e+01,3.040879658406737462e+01,3.048265330504904114e+01,3.021357744591750816e+01,3.069221455305449808e+01,3.097193325744234471e+01,3.026395972381828869e+01,3.100266181409944011e+01
2.924181683560476586e+01,2.882049318652821057e+01,2.883499220390478968e+01,3.041675175606843595e+01,2.854477158249812874e+01,3.023055990823377215e+01,3.004121714889822670e+01,2.985490151605335996e+01,2.979251220552549739e+01,2.970579463905454531e+01,3.004513281667880165e+01,3.017640255962328411e+01,2.968485443024241022e+01,2.956170462316651992e+01,3.004743536342334664e+01,3.064859289080112603e+01,3.001143616931750557e+01,2.964150138005055624e+01,2.998254594428465225e+01,3.117559698894490339e+01,3.042973994613345212e+01,3.037959987557314889e+01,2.973940930150632767e+01,2.993600882680163977e+01
2.886523991389913135e+01,3.011841568012596326e+01,2.977179078359318964e+01,2.965058378299005426e+01,2.942126528353873027e+01,2.991624002143231564e+01,2.912582468265907210e+01,2.943489142073491394e+01,2.892680096183875094e+01,2.962594807508980921e+01,2.915952879176899160e+01,2.952741636554213756e+01,2.900932582453401665e+01,3.004548468927248450e+01,2.905492027529686538e+01,2.938218076957116409e+01,2.897683257752203190e+01,2.982163277600108131e+01,3.027928057651377003e+01,2.962410929828143935e+01,2.894988547050610350e+01,3.009949138723681017e+01,3.007909313609701485e+01,2.929454888597189210e+01
3.030113606207714838e+01,2.908326832112391003e+01,2.994825935653580018e+01,2.888037539327177683e+01,2.846954757334162878e+01,2.939792690074688153e+01,2.936356434594688380e+01,2.886523507367047614e+01,2.961099965137930212e+01,2.934292764865557501e+01,2.927364617726323104e+01,2.917856882476309011e+01,2.941423736889061047e+01,2.933003927247762022e+01,2.946167090813230516e+01,2.946895358921585739e+01,3.014094198578004580e+01,2.929365788742848054e+01,2.964731281629730120e+01,2.870517424962810082e+01,3.085537262391102331e+01,2.963397003742306879e+01,3.006093085595909997e+01,3.017325940118143990e+01
3.000104750507171048e+01,2.863681194777655037e+01,2.924855030129185707e+01,3.013522546774970579e+01,2.969450247872674709e+01,2.917973672654437678e+01,2.998573661173850269e+01,2.875021248745696312e+01,2.943639282319094264e+01,3.040407034924800200e+01,2.997863290804531289e+01,3.010519427895252420e+01,2.993940268938820282e+01,2.985126477664215372e+01,2.923801348638761510e+01,3.032444923351602029e+01,2.987587249255670940e+01,3.043434037600934516e+01,2.991953251379038647e+01,3.059766230907774798e+01,2.977413704520739657e+01,2.956899281727748985e+01,3.031511623691619661e+01,2.959164200228650543e+01
2.916365511628436025e+01,2.882139704634585087e+01,2.981162563403302102e+01,2.956224819416797800e+01,2.961716982385109986e+01,2.942067263903260255e+01,2.984592348702523168e+01,3.015603991216909208e+01,2.889022878257225102e+01,2.963326881071606067e+01,3.007368853170515877e+01,3.103554475737314533e+01,3.063747393157962051e+01,3.083953441825639175e+01,2.974622295877571787e+01,3.067433121217959524e+01,2.907711029437456318e+01,2.967785878771672969e+01,2.878767414564180172e+01,3.026787470211576192e+01,3.006425412603880432e+01,3.068436049823850453e+01,3.038386399203869814e+01,3.004097700017177885e+01
2.920837802154113660e+01,3.029397367742342340e+01,2.863600136075166347e+01,2.980192145004173199e+01,2.860526790420334464e+01,3.026357754360418539e+01,2.952461323565614748e+01,2.989627408480208715e+01,2.902139174795212284e+01,3.040402475860440745e+01,3.353686844137195067e+01,3.477955250729957015e+01,3.294705913775021600e+01,3.231493001816045307e+01,2.938072722350818822e+01,3.003621095910966687e+01,3.044656109256095533e+01,3.030606765064891306e+01,2.872696233698832202e+01,2.974891545392506487e+01,2.979712136891879481e+01,2.960103452749888220e+01,2.936360658013597913e+01,3.027398536340859891e+01
3.001624667302280614e+01,2.875483695031363141e+01,3.032673954210673628e+01,2.782088078404012776e+01,3.009655393410622537e+01,2.860009702748948257e+01,2.918193647447486683e+01,2.939199630711760847e+01,3.030366396715800192e+01,2.998051134656549266e+01,3.372880538261409811e+01,3.521791511801546903e+01,3.408712843363440470e+01,3.246797222100974523e+01,3.018247019166602740e+01,2.984869025505400941e+01,2.939275637946354891e+01,2.889960446196755584e+01,2.953115687838993608e+01,2.934326831852547457e+01,3.021371745008252674e+01,2.863635454689028847e+01,3.005727025910181283e+01,2.873508577986956425e+01
2.899555266870180503e+01,2.972701552646515211e+01,2.858648394037322760e+01,2.958263691816580376e+01,2.942654982033616307e+01,2.938292252668611582e+01,2.978630693448843658e+01,2.955439962025042178e+01,3.015834990995045928e+01,3.061024259535736292e+01,3.452536226043861234e+01,3.427623069045984039e+01,3.409844557880882121e+01,3.483046736428366330e+01,3.177294605237807446e+01,3.057596355074531402e+01,2.958826761346676903e+01,2.991374773125335196e+01,3.036404722820714142e+01,2.944752866542910397e+01,3.007185776862166904e+01,3.041929959770124015e+01,3.003584499331890356e+01,2.932996956479979644e+01
2.957673514596240238e+01,2.956796515472967712e+01,2.891004381394537859e+01,2.873935716714277078e+01,2.933241768902172453e+01,2.857092145256996218e+01,2.877636702932460366e+01,3.135963278956580780e+01,3.068088844633103918e+01,3.073192878773187431e+01,3.410246140337238785e+01,3.496150553863083132e+01,3.338478883280049558e+01,3.418830231225859961e+01,3.165942150393090060e+01,3.119923697382154160e+01,3.048788616079235680e+01,3.034686878656958697e+01,3.060225373021472706e+01,3.038228719170348313e+01,2.987335673614217058e+01,2.961585631197425528e+01,2.886426983875276164e+01,3.053684781879860566e+01
2.823858487851288146e+01,3.023233411562142692e+01,2.881980647794557626e+01,3.080413737321549661e+01,2.788465061098111164e+01,3.015758712620538518e+01,2.917643167161128304e+01,2.969160788952859775e+01,3.009207297517150437e+01,3.110249545166840335e+01,3.366626613417281533e+01,3.393877822768007491e+01,3.358984440948745487e+01,3.409185944089767872e+01,3.259412848927047435e+01,3.287671434583467089e+01,3.294071492123219969e+01,3.262572171890030859e+01,2.928589264092869371e+01,3.045454171260951171e+01,3.022755442280151783e+01,3.095251522651057030e+01,3.102946576701651793e+01,2.973044400354245909e+01
2.915091530439445933e+01,2.844766183722572350e+01,3.019159151679247088e+01,2.990435768139383299e+01,2.891668218765772735e+01,2.924085139072440143e+01,3.002884365176350911e+01,3.057343499902322037e+01,3.092227959037683149e+01,3.011711798459953116e+01,3.408668150212264436e+01,3.356372905686248487e+01,3.519620562708678335e+01,3.523629508045360126e+01,3.345478759926351131e+01,3.241665664365552857e+01,3.396097869929036506e+01,3.224348624692134990e+01,3.123162940303382129e+01,3.068278300847782702e+01,3.179680591511038301e+01,2.973956370625802492e+01,2.943377735758866720e+01,2.916856688335411718e+01
2.976672917162022713e+01,3.000803875560342249e+01,2.968703629531216848e+01,3.029380159645688764e+01,3.055455851419253577e+01,2.933783658509776160e+01,3.154605328555521737e+01,3.185727203137173547e+01,3.221683444103257443e+01,3.175985113664091841e+01,3.471097921650550688e+01,3.407161850511215562e+01,3.456417451241190975e+01,3.445489397007327170e+01,3.252810893221601418e+01,3.244344391063276589e+01,3.278369610791168043e+01,3.354869967322292723e+01,3.221425975650515738e+01,3.142848353451830690e+01,3.179065644826613379e+01,3.108676493650870043e+01,3.116777544729694682e+01,3.108141672243266385e+01
2.905288521857551132e+01,2.867909972029758592e+01,2.935681686159387027e+01,2.956538107412586669e+01,2.996127297222511743e+01,2.989752076949383763e+01,3.063804520076172366e+01,3.129559137203182217e+01,3.159621067128199456e+01,3.219205143239895506e+01,3.421805335679204063e+01,3.309332747220577176e+01,3.459661061144151972e+01,3.416808706662214945e+01,3.299788599170426551e+01,3.398774256797679527e+01,3.297747586868155167e+01,3.362126625834576998e+01,3.166559471720194097e+01,3.272363954288726973e+01,3.052131708719991821e+01,3.021935634293316753e+01,3.014577237042237812e+01,3.115273353392672107e+01
2.971201417875403195e+01,3.031196308025869257e+01,2.968299740635347916e+01,3.063254462324198357e+01,2.921548190067892392e+01,3.146654957936624442e+01,3.025552660309398334e+01,3.339349600973747556e+01,3.268988486593542575e+01,3.188376261222163066e+01,3.385917783414532778e+01,3.349305504559418978e+01,3.196009924106789413e+01,3.226509339305829371e+01,3.305279392090648116e+01,3.396885168782125675e+01,3.286914067798181804e+01,3.279862956908976912e+01,3.196077476828304498e+01,3.243653406353104174e+01,3.252715009527872780e+01,3.164271031259187339e+01,3.098273023727148257e+01,3.149348135380040503e+01
3.010676634661547268e+01,2.926417031321858531e+01,3.030309728678156489e+01,2.847603968927154483e+01,3.044885982217039100e+01,3.102265145085948461e+01,3.190597934494638821e+01,3.220722864029943366e+01,3.174657484045616229e+01,3.203192193936558851e+01,3.394595995060052473e+01,3.167379057253049268e+01,3.344729482138990306e+01,3.326212581187536443e+01,3.266684224833585404e+01,3.245773841641488389e+01,3.318128483181118327e+01,3.277353372909936979e+01,3.269024760569493537e+01,3.226848011816986173e+01,3.190867198905334590e+01,3.164219065542835096e+01,3.208533805377373938e+01,3.232629059082046297e+01
2.907373634738797818e+01,3.090713943184493928e+01,2.930596513026557659e+01,3.096897916696491393e+01,3.163498021645301606e+01,3.255899854115341441e+01,3.429374760762294727e+01,3.385752557165392318e+01,3.403988259252389525e+01,3.395525396918725392e+01,3.392250306051391817e+01,3.328140471328327976e+01,3.322667829074930523e+01,3.235094073225496913e+01,3.295997304579634601e+01,3.285006215972805421e+01,3.310655821373711660e+01,3.301848168997685207e+01,3.242430952953236556e+01,3.188879982404603197e+01,3.177950343106755327e+01,3.250281265650397700e+01,3.163317741376084768e+01,3.208228428046760428e+01
3.074922742074443249e+01,3.064786672846992133e+01,3.002074994627764681e+01,3.008983175066276772e+01,3.151095131099492619e+01,3.385116303307245289e+01,3.397971414138697810e+01,3.381786039478294015e+01,3.432461957902967242e+01,3.362490830718070356e+01,3.335893721396922729e+01,3.378980848477885957e+01,3.287603529135435565e+01,3.358341381745879062e+01,3.278237965883431571e+01,3.372873829163177106e+01,3.276947713234096682e+01,3.270815117542360895e+01,3.309312020810415333e+01,3.183267030070868486e+01,3.149057402884983503e+01,3.116887221620419268e+01,3.197247654563346941e+01,3.187003509832072723e+01
