2.994677030422064945e+01,2.988206443829415093e+01,2.968503571101689431e+01,3.009045874272879928e+01,2.788643018580637545e+01,2.926471732632518297e+01,2.983944299262503819e+01,2.913686140677401681e+01,2.882827885048948247e+01,2.955425054392560469e+01,2.918258828645457470e+01,2.897509652980227202e+01,2.966388760460347385e+01,2.929802686182711113e+01,2.977936152372529932e+01,2.973158508063579575e+01,2.937927186319728889e+01,3.051521784044882679e+01,2.890507235708031430e+01,2.976592782749344224e+01,2.992468032225860952e+01,3.019698873390962035e+01,3.080525776012854067e+01,3.109801296657349212e+01
2.916838190030000533e+01,2.939553309392107394e+01,2.941612027251971995e+01,2.953868183008501092e+01,3.053163106264207727e+01,3.108461499827438956e+01,2.892966165875077422e+01,2.926994598235012290e+01,2.980650301567453653e+01,2.993885785819469447e+01,2.906402431390245056e+01,2.943751521963866935e+01,2.849195438947151615e+01,2.908948578744724500e+01,3.006869563325295758e+01,2.952870339319963477e+01,3.035300292646030584e+01,3.018911570116779330e+01,2.985376686488194764e+01,2.878856991241286778e+01,2.922524240654064442e+01,2.960556959681866829e+01,2.934196235979834455e+01,2.984354160307736947e+01
2.883292598909696380e+01,2.885867376879451740e+01,2.866451924270882046e+01,3.057877199063102580e+01,3.001593749999614147e+01,2.933284611481172988e+01,2.977471464868608564e+01,2.919890168507851058e+01,2.873471230387400510e+01,3.000506470327712805e+01,2.890157814542402548e+01,2.966968337413777590e+01,2.961849375921929095e+01,2.914602220908528807e+01,2.909876896266763424e+01,2.942139143513321642e+01,2.944334442673721242e+01,2.849524933365353263e+01,2.961308015115906755e+01,2.925521729185743425e+01,2.942351192241460467e+01,2.912764995440574012e+01,2.872481972154224650e+01,2.900298917960463996e+01
2.962527153578656680e+01,2.914978446297493520e+01,2.950414351396420898e+01,2.955869730977684640e+01,2.947106308149977849e+01,2.897751281430731751e+01,3.009325550512767222e+01,2.947239974585812661e+01,2.963231338738739851e+01,2.982057534637243634e+01,2.950865658428750748e+01,2.900050740833228247e+01,2.911760149876084824e+01,3.023780910534225086e+01,2.979041612961543706e+01,2.928258078577698598e+01,2.912436942635355308e+01,3.011209598769482909e+01,3.053511946730338877e+01,3.110538707640529310e+01,3.008579457230911203e+01,2.957940565096595265e+01,3.100603913657306521e+01,2.949294194826217108e+01
2.875632340196932546e+01,2.985422343879662321e+01,3.011804632860497577e+01,2.874447668420896207e+01,3.028608453289803037e+01,2.975323418917332674e+01,2.934396683230448843e+01,2.977354513994265517e+01,3.032706696370615873e+01,2.906569948312329643e+01,2.978758912188180830e+01,3.021100573549546198e+01,2.840512007058265453e+01,2.884628126670952497e+01,2.830822588675994211e+01,2.859354804060711785e+01,2.947489998925965438e+01,2.912253031516229385e+01,2.987793014880469400e+01,2.987587947154025869e+01,2.895398213045825742e+01,2.937195603880201134e+01,2.983810379131489299e+01,2.890184300769891479e+01
2.947238902716247821e+01,3.005758721932676281e+01,2.964158245510981260e+01,2.936432961744992554e+01,2.958620163101801381e+01,2.948253707030744408e+01,2.916892906286511788e+01,3.017089246103159894e+01,2.955152659841093055e+01,3.026768877574176031e+01,2.879058926178714728e+01,2.976858929855757196e+01,2.969991496666659714e+01,3.000335384291651053e+01,2.956550266254077997e+01,2.960636093039022398e+01,2.928130562678904880e+01,2.937985706261639507e+01,2.967776826105063037e+01,2.979358411844486909e+01,2.990196940953421745e+01,2.968062743554361305e+01,2.926467004741385836e+01,2.967936678568582920e+01
2.960463899741938576e+01,3.071608350289926648e+01,3.020674003374864469e+01,3.001764846636461925e+01,2.960741274384758981e+01,3.060652517318584387e+01,2.913738502805426833e+01,2.938729687438922156e+01,2.964859660638705918e+01,2.905080217349131999e+01,2.893324007021084299e+01,2.940834390189189662e+01,2.934765578450185330e+01,2.930559637494530989e+01,2.946863751587358138e+01,2.934352817097965271e+01,2.888628849095545092e+01,3.007987243467664484e+01,2.935676367549342558e+01,2.994866230210158164e+01,2.950882245024263284e+01,2.908024029429839175e+01,2.896864176956415804e+01,3.061989161523678149e+01
3.036172922780428962e+01,2.885483422405650344e+01,2.905561452620509044e+01,2.905839145146916280e+01,2.925038421450312853e+01,3.015682035285618667e+01,2.905322665942719595e+01,3.020127868218480671e+01,2.992693932040560867e+01,2.972269046571852869e+01,2.946480210656852705e+01,3.008743387701599659e+01,2.904040899876559934e+01,2.935793453923048446e+01,2.983792047890011645e+01,2.958189681998754850e+01,2.959155414588701660e+01,2.929296991392772043e+01,2.998991509834365843e+01,2.916870780579068878e+01,2.881918730409239515e+01,2.954638542977914994e+01,3.029528027298528059e+01,2.972831049986052676e+01
2.877292157111548931e+01,2.892607216165140471e+01,2.963799965431502415e+01,2.927656748043284551e+01,2.951865391153620521e+01,3.033194843183531475e+01,3.031781534329343231e+01,3.000674077036597964e+01,2.986572135520395932e+01,2.991042086192481975e+01,2.958573691217310397e+01,2.857981371546384253e+01,2.938037284386081183e+01,3.041557447723874930e+01,2.926925092691027430e+01,3.014748757961808678e+01,2.896758798919540823e+01,2.897735285155306428e+01,2.884016191628472825e+01,2.922081388412357228e+01,2.978325659455373398e+01,2.997416595130607675e+01,2.946622026374387815e+01,2.935181687221967195e+01
2.973722948106239983e+01,2.992118139852357217e+01,3.006583779940996237e+01,2.928876711458724458e+01,2.972668630759091002e+01,2.926327215006551796e+01,2.839577726886915343e+01,2.957086249352869345e+01,2.998232263443736656e+01,2.941344013204786734e+01,2.976926168309796594e+01,2.894208406848400728e+01,2.969204472386945781e+01,2.938818033000603691e+01,2.981270130648266559e+01,2.922905793110055583e+01,2.891142676908896192e+01,2.935927673362044743e+01,2.959714116797664474e+01,2.997890746133424500e+01,2.971589400384300461e+01,2.971802247342526471e+01,2.857198673541654443e+01,2.900510675265269356e+01
2.947867642735684512e+01,2.948808301990897007e+01,2.975965382714309726e+01,2.965040664873168907e+01,3.000738209365425746e+01,2.991629649561679116e+01,2.845123865214929992e+01,2.953505166573228280e+01,2.954165251867658526e+01,2.968879937961480664e+01,2.922168427454067796e+01,2.880326264138983561e+01,2.895834886011323306e+01,2.921606331784857957e+01,2.937517739697005936e+01,2.946456689974127130e+01,2.938576671120853234e+01,2.960963628521977853e+01,2.794435822415584880e+01,2.904465261420710931e+01,2.917410502616644408e+01,2.978764597420064320e+01,3.033189372168169484e+01,2.941382003174777537e+01
2.939891085800582005e+01,2.904094182086100773e+01,2.943489685015515533e+01,2.957143975165297434e+01,2.991268663286246010e+01,2.918921166660709332e+01,2.840344105656072315e+01,2.929614445455797522e+01,2.942924939981179477e+01,2.977107350229306348e+01,2.927892685564160047e+01,2.893281418635422142e+01,2.891230379609135070e+01,2.923530973636798080e+01,2.956480082318000768e+01,2.998597616146366818e+01,2.955807529083062946e+01,2.943576864687094030e+01,2.911985528438987103e+01,2.993196177214679210e+01,2.961146313841624078e+01,2.956774922814048523e+01,3.044645266346401513e+01,2.921827867890306152e+01
3.015897521328935227e+01,2.912427434539904425e+01,2.922992611405817343e+01,2.949842167039821561e+01,2.972773742144244125e+01,2.969094886283846790e+01,2.963658759231128670e+01,2.923181063380297928e+01,2.994250218958825371e+01,3.048793119555926978e+01,3.019876877447671859e+01,2.940351178651758346e+01,2.955419338132981011e+01,2.936542857786866989e+01,3.012539816850932084e+01,2.931051606738452620e+01,3.071787726417744580e+01,2.904568848736437303e+01,3.019034017804682435e+01,3.003701471342429841e+01,3.028893040402834913e+01,2.973779176962835891e+01,2.885413158985238624e+01,2.966786115770941024e+01
2.995245481729892845e+01,3.064747839237600147e+01,2.906163814738073370e+01,2.987564125798149917e+01,3.006078910599609344e+01,3.081660251501307357e+01,2.887620351961550114e+01,2.921665879652744024e+01,3.008212577224583129e+01,2.981482692739808726e+01,2.906654748092688578e+01,2.949635864008394037e+01,2.940578048442262116e+01,2.952348600360875253e+01,2.945977240254438811e+01,2.958417883128765880e+01,2.937951514691428656e+01,2.922561296382377805e+01,2.918753011115740037e+01,3.005509108488297443e+01,2.971440781089938810e+01,2.989614503183560146e+01,2.856461940204741268e+01,2.952994091607769178e+01
3.002574176144997864e+01,2.847021161588719451e+01,2.954321705468362325e+01,2.883108664919984676e+01,2.841761859314431149e+01,2.930294072952153783e+01,2.865918432493788259e+01,2.954288761866928326e+01,2.982039144538583741e+01,2.964485723703791109e+01,2.919253053732182934e+01,2.910036827468212550e+01,3.002195998598688220e+01,2.879247261088465848e+01,2.972086102344678693e+01,2.995047660619110275e+01,2.992325418046090135e+01,2.956999294643776466e+01,2.944947167476755112e+01,2.951119019249392750e+01,2.908563189740294774e+01,2.883036495430030755e+01,2.966749921638955811e+01,2.895542150353986699e+01
2.987375037360237684e+01,2.907771034404288457e+01,2.891773026189304119e+01,2.924247721366543828e+01,2.990678960510109619e+01,2.896374778659941285e+01,2.983652883314312021e+01,2.933367635622391845e+01,2.927729715216213435e+01,2.904520640905678874e+01,2.855466772847239554e+01,3.019816491412638015e+01,3.018599725467129247e+01,2.974861198740518375e+01,2.924574290665628951e+01,2.922355832251969332e+01,3.000895474896140058e+01,2.998799880363657167e+01,2.930001025749282917e+01,2.984621364039657010e+01,3.005300031773509772e+01,2.967537450842587532e+01,2.912403049954940570e+01,2.953043429447467361e+01
2.893153595817210544e+01,2.982239513576718082e+01,3.023665881875291461e+01,2.993595829185431967e+01,2.921182643931206258e+01,2.884941411302230563e+01,3.029837785174197506e+01,2.959005223053492273e+01,3.009470008344146663e+01,2.913022686034065600e+01,2.916254041956108267e+01,2.937153022547863657e+01,2.935517880845975469e+01,2.942789965343371250e+01,3.021417920134138058e+01,2.956839903011695014e+01,2.998294469396660133e+01,2.948967645189139830e+01,2.977964520460824360e+01,2.962443599470935851e+01,2.927838866948775376e+01,2.939090574324666250e+01,3.074271008827253127e+01,3.014165706136373046e+01
2.921374378517407422e+01,2.954534982784991826e+01,3.003215698003629086e+01,3.008726771740208505e+01,2.930138616775479932e+01,2.953544533773236935e+01,2.900718636244658910e+01,2.920467509548865337e+01,2.977907783924240448e+01,2.985390835292804468e+01,2.911045706487567486e+01,3.001771400543560731e+01,3.007869703710821341e+01,2.984687881081146088e+01,2.898964818387293008e+01,2.917300639874082435e+01,2.898794328927675679e+01,2.914075757509044706e+01,2.947067351182113271e+01,2.955248583413646202e+01,3.014758466562943795e+01,2.979010155572541407e+01,2.965350711548057916e+01,3.014111449910251395e+01
2.965947963001548260e+01,3.023740743310133894e+01,2.895534493957433142e+01,2.929668137065903011e+01,2.945872569714180145e+01,2.947982587957187661e+01,2.926391123003276107e+01,2.837286772949408942e+01,2.941933990226135620e+01,2.886792938177120504e+01,2.945740980859125102e+01,2.958968462009050882e+01,2.962781501630428238e+01,2.920625193184940827e+01,2.957962661090260781e+01,2.901890756511198788e+01,2.936237517744740444e+01,2.889726658987706287e+01,2.940640201313686930e+01,2.922678363900450904e+01,2.991558092097034205e+01,2.988300440073851405e+01,2.990222393527847089e+01,2.971685318427364564e+01
2.979456463067776895e+01,2.966664935322648944e+01,2.933787101740591652e+01,2.911731225943100299e+01,3.008186590095391466e+01,2.936584670489435211e+01,2.980963464711953748e+01,2.859830448019391724e+01,3.022853008440796430e+01,2.844983969376369259e+01,2.866845040653299748e+01,2.950260671639898646e+01,2.945782318642983455e+01,2.900945269928644166e+01,2.991281728920142768e+01,2.987059271871538613e+01,2.973956491421824921e+01,2.984852995972812550e+01,2.875888068360529815e+01,2.957623370713645272e+01,2.968110202857752711e+01,2.962547799319446540e+01,3.012488228327896422e+01,2.962512407698233119e+01
3.083403863894375263e+01,2.977590923191354477e+01,2.947601935867385237e+01,2.935141479152844113e+01,3.015971282166822220e+01,2.950572506939050754e+01,2.948302754951782845e+01,3.038036407665867955e+01,2.918145086109393560e+01,2.957093006950992731e+01,2.956065119479609393e+01,2.955253134798118708e+01,3.002791211774297153e+01,2.923201944714054434e+01,2.972086102344678693e+01,2.988217736314538797e+01,2.977602987103762189e+01,2.980588276671005588e+01,3.040978302963890201e+01,2.940747962827384754e+01,2.993918408982466417e+01,3.009161498613121921e+01,2.984832790645219802e+01,2.967050022414252908e+01
2.985454396744262340e+01,2.881227070339224383e+01,3.022550413314905882e+01,2.940553599101326654e+01,2.913058134005910915e+01,2.962226981675041770e+01,3.018803865713647383e+01,2.884710038741275184e+01,3.027633197755847050e+01,2.927957528453919167e+01,2.977041581627429423e+01,2.936461193965374150e+01,2.961152472127440660e+01,3.032635833928878810e+01,2.967362029333077089e+01,2.867497488143101236e+01,2.989124351494109533e+01,3.007831770262151849e+01,2.968014528015208953e+01,2.984635250782588400e+01,2.947254052429008198e+01,3.018979903195213410e+01,2.943180306178788896e+01,3.051442381533951220e+01
2.983442729892260559e+01,2.955434731801796033e+01,2.961926054736574088e+01,2.907582832727518962e+01,2.933854100624614603e+01,2.911254649143063489e+01,2.953663406374852229e+01,2.984548251339697345e+01,2.958121161157083634e+01,2.933445216884967977e+01,2.973428156565404379e+01,2.915465378319038336e+01,2.989481938072924549e+01,2.930916095773028474e+01,2.937336033020312698e+01,2.953313335495499814e+01,3.025133145977366667e+01,2.987820336796323772e+01,2.979014612095102166e+01,2.939810734316722574e+01,3.001496509775381583e+01,3.000147498776186694e+01,3.288351246605532197e+01,3.201894766715236074e+01
2.978132521953563128e+01,2.979763971533640188e+01,2.993831530017979503e+01,2.939174190467076642e+01,2.978660404190213740e+01,2.923031328863271483e+01,2.924671784153957788e+01,2.862057538188662420e+01,2.817999299405965985e+01,2.809367179089878164e+01,2.857173527618806474e+01,3.040344637372874104e+01,2.970485821694074957e+01,3.043548079433890052e+01,2.871738730328377187e+01,3.034197051448353477e+01,2.974275920403061946e+01,2.996693087541956402e+01,2.913052109869676087e+01,2.999933844918768955e+01,3.052508544659605150e+01,3.010606371592012920e+01,3.212639982987309395e+01,3.360292734552803040e+01
2.950686047383561572e+01,2.963408903677037642e+01,3.006112998074405596e+01,2.969556720390511373e+01,3.003346479924249479e+01,2.933892730161915097e+01,2.928177923701150576e+01,2.925104058093279491e+01,2.877758400549919315e+01,2.945420698995184239e+01,2.945415146247165694e+01,2.923488983864314150e+01,2.894545546867504981e+01,3.001102901847582416e+01,3.069645062803209612e+01,2.978648227328909570e+01,2.896187727364372222e+01,2.987282450502533493e+01,3.066331030517761747e+01,2.968646975259849796e+01,2.961940979790585970e+01,2.979786627099230145e+01,3.224583060130453305e+01,3.134762332540327634e+01
2.998849547193691478e+01,2.971712802579583013e+01,2.941599538294843796e+01,2.956426024590496127e+01,2.937108639350702788e+01,2.933674867833104827e+01,2.884877240364903628e+01,2.887315566254522992e+01,2.922088166427948863e+01,2.879878769246090542e+01,2.880854459886973018e+01,2.953990198111461041e+01,2.958931233431343344e+01,3.019106371327950455e+01,2.890767709376706307e+01,3.014197627886835562e+01,2.889403463619061085e+01,2.960141927905789316e+01,2.955312781864728322e+01,2.955060685839555390e+01,2.987974743951178880e+01,3.003321230347233950e+01,3.065004050532655810e+01,3.117292772433756909e+01
3.016098136760251691e+01,3.040205614060226935e+01,3.031825199009153948e+01,2.884517068692400699e+01,2.880743778277673073e+01,2.958077278826959855e+01,2.912399652991814492e+01,2.928006169748852017e+01,2.929950944253289435e+01,2.903626263832433096e+01,2.831565342185388090e+01,2.895800127070594954e+01,2.877596639624408681e+01,2.976420751865663306e+01,2.995299200274314444e+01,2.950320778759817131e+01,2.943990633200814955e+01,2.984533390047045032e+01,2.984268969773893332e+01,2.998898277168035520e+01,2.992877239398143274e+01,3.075910269314113066e+01,3.061878236808979636e+01,3.053087506730486211e+01
3.012335419243248680e+01,2.976170865747428707e+01,2.889905408601651970e+01,3.020230333845222503e+01,2.897858387054372997e+01,2.935696717198737815e+01,2.855304579046452318e+01,2.927507954784380217e+01,2.904585221375242554e+01,2.932178254708816212e+01,2.937104542954290309e+01,2.975908521158038411e+01,2.924743364426984726e+01,2.922484852843047065e+01,2.906755751585797043e+01,2.975413083297939920e+01,2.976491139372927819e+01,2.989033475481306823e+01,3.039661652785770229e+01,3.053328917270221154e+01,2.937741810907613171e+01,2.948524862076749287e+01,3.036164503996758413e+01,3.098096987250846723e+01
3.079811699474953457e+01,2.904443257314750326e+01,2.919330461512134889e+01,2.995053782936173548e+01,2.881051029424463650e+01,2.802275623334367083e+01,2.927206195384650300e+01,2.908459264260079635e+01,2.869950572710541792e+01,2.848737495361564243e+01,2.982879795932512934e+01,2.985822276933146213e+01,2.981510792319858183e+01,2.957101528559593362e+01,3.027067882605251725e+01,2.948751596209069703e+01,3.015385694411128270e+01,2.950490461455689228e+01,3.029067162826379445e+01,2.898701775784422807e+01,3.056569698965915904e+01,3.005407013658782489e+01,3.077757818102799092e+01,3.023858069790384206e+01
2.925841118633127280e+01,2.917308581151729641e+01,2.887634264918619920e+01,2.977773665953498039e+01,2.913107438758873968e+01,2.955231960858998264e+01,2.972461526348655525e+01,2.948812310779095469e+01,2.829277068892275793e+01,2.904102088496455281e+01,2.925609782711796925e+01,2.907029681271075106e+01,2.938716066913184477e+01,3.037739182501229607e+01,3.008071821745170382e+01,3.007645094173210509e+01,2.959741194849226531e+01,2.977341407096025705e+01,2.938608597052348159e+01,2.995700365268965015e+01,2.926167910912488423e+01,3.084977215603072409e+01,3.037318212200659673e+01,2.998634784506117512e+01
2.832171988270823704e+01,2.968098634139431624e+01,2.818536447614474127e+01,2.893435382821627400e+01,2.973194997464509015e+01,2.913640642980880102e+01,2.932847608844883780e+01,2.894234308528422162e+01,2.856815584681652354e+01,2.853525241125356615e+01,2.865921186720885316e+01,3.027520778637511967e+01,2.942507588929743179e+01,3.017038764067609691e+01,2.969705597576751188e+01,2.873816852185086645e+01,2.915245420932211573e+01,3.075945423312293769e+01,2.988312758905965438e+01,3.039397823167632851e+01,2.908127259974986600e+01,2.978900465411504683e+01,3.132607667861003620e+01,2.941353119841909347e+01
2.998362506723748311e+01,2.914500836244224047e+01,2.837222371580025992e+01,2.974622968240572618e+01,3.003580521483331722e+01,3.112417167548500174e+01,2.956312480271930099e+01,3.015904600943338210e+01,2.881451625827719454e+01,2.837725353371433812e+01,2.896701515945022720e+01,2.946860974642845576e+01,3.066467122954213664e+01,2.998175556954691956e+01,2.903177235281867752e+01,3.089959699448422725e+01,2.921969905077094154e+01,3.045579089360853686e+01,3.047987407749940303e+01,3.030366509620256465e+01,2.962270383066351087e+01,3.068058196595524123e+01,2.925765820416592078e+01,3.038014349568851458e+01
