2.349291686534769497e+01,2.386972207243769617e+01,2.470947993977455326e+01,2.421146782131057762e+01,2.529279912922891072e+01,2.281223614157096335e+01,2.346143325144805658e+01,2.411571344440039866e+01,2.424710486965761902e+01,2.327054965063319969e+01,2.523839338343015015e+01,2.426553266045806367e+01,2.460029576364263448e+01,2.343380126927405627e+01,2.375604206204332058e+01,2.341665878423202685e+01,2.521887178305541966e+01,2.469157210788893053e+01,2.427851949664932363e+01,2.438490225803928979e+01,2.496186711648306300e+01,2.463168366073233528e+01,2.616442686347278368e+01,2.509247992223703250e+01
2.374889002653151238e+01,2.451668265519919032e+01,2.412263831963667826e+01,2.425514049213455792e+01,2.493977902591507245e+01,2.600024255021406816e+01,2.344793124266493578e+01,2.563924302972327496e+01,2.382438753270884035e+01,2.464436202923042174e+01,2.392934247237928957e+01,2.383685453913170704e+01,2.413173384783374331e+01,2.328081499649078978e+01,2.446469874823742430e+01,2.369167819105854278e+01,2.411438619522607496e+01,2.572557697291762224e+01,2.405241058758178951e+01,2.477969636278282906e+01,2.440896692847024951e+01,2.615388692417377570e+01,2.582602740561878818e+01,2.577498497713276038e+01
2.571987864483668318e+01,2.386362388356371866e+01,2.458209483087688341e+01,2.355587775120096694e+01,2.574873636702500335e+01,2.478015653694819775e+01,2.537165349686102900e+01,2.491808572813124556e+01,2.467876268531699679e+01,2.332262456672060580e+01,2.471890780928691811e+01,2.316637015153992252e+01,2.458568724141525763e+01,2.449351489902841195e+01,2.424114230632159206e+01,2.413608262923150960e+01,2.423336792683858221e+01,2.367828822652563758e+01,2.441290257985150447e+01,2.382287782312982927e+01,2.519871989726527772e+01,2.461876502837452563e+01,2.510622081143776541e+01,2.529463311546390969e+01
2.488395490750815497e+01,2.533260271305283595e+01,2.556382178365578284e+01,2.504324046004433058e+01,2.493046035545449968e+01,2.595575703588872329e+01,2.566657244635609914e+01,2.602823811071823457e+01,2.466599065148045611e+01,2.500263633999406920e+01,2.383013169872788239e+01,2.493910569725301229e+01,2.400585526692782423e+01,2.351472027064971826e+01,2.369188621975519027e+01,2.479404276468886792e+01,2.426054297203967280e+01,2.499385579418770931e+01,2.406464180767898142e+01,2.522062160895234229e+01,2.405685849868757487e+01,2.434967112490181762e+01,2.573593937190463521e+01,2.523255375713500825e+01
2.553385973109448059e+01,2.390329720705790351e+01,2.396282935999693109e+01,2.466379763465420183e+01,2.494876182156298228e+01,2.388617827099659507e+01,2.463447823546079007e+01,2.460603669633889012e+01,2.540078162588076793e+01,2.324596411170199417e+01,2.560142498595712368e+01,2.497682010129682340e+01,2.473815577166408275e+01,2.431713780353402399e+01,2.443344855467887555e+01,2.383510575172903145e+01,2.448965748427099243e+01,2.344996802770037903e+01,2.434493949729181850e+01,2.324385069398573478e+01,2.366189094470269083e+01,2.419486978586968462e+01,2.399213566399987485e+01,2.418722235933199727e+01
2.521116576618254612e+01,2.486543126905331746e+01,2.541700277221667648e+01,2.511156990589284987e+01,2.539146113609967870e+01,2.445728126325866469e+01,2.409430692757916859e+01,2.486910357711320785e+01,2.498859445720785288e+01,2.490578323915650572e+01,2.449559831074134308e+01,2.493183021756340167e+01,2.561017213699579997e+01,2.457333454764091130e+01,2.431041685014503173e+01,2.436112591047719889e+01,2.345922618684636518e+01,2.410905585049039246e+01,2.408603300540681857e+01,2.573178923788816519e+01,2.353751024749044518e+01,2.373025456273990130e+01,2.337056631213442870e+01,2.416055725150624767e+01
2.485900089786690614e+01,2.527208029412867063e+01,2.659389321735983458e+01,2.612354051600090088e+01,2.703853166217095350e+01,2.617744068675881408e+01,2.594821567032784060e+01,2.648800821631152758e+01,2.613757700576576326e+01,2.587042397023918738e+01,2.607652298219977638e+01,2.524284677242127373e+01,2.647068469140617708e+01,2.456419451565801637e+01,2.545567480612970712e+01,2.459293849727697534e+01,2.605553353610162048e+01,2.520113437332753392e+01,2.468817756312307665e+01,2.491126075571821730e+01,2.567673788881069186e+01,2.577746994087908661e+01,2.552890251301698754e+01,2.485942125423497373e+01
2.510261524310010373e+01,2.635408022088819280e+01,2.603616908755094528e+01,2.636833684205834061e+01,2.539939959651854906e+01,2.559815661527397879e+01,2.602078655798669615e+01,2.557456820003386611e+01,2.583935912950522606e+01,2.593853390373357115e+01,2.563686860042946591e+01,2.551783875444220939e+01,2.597074844832980034e+01,2.623212867427412220e+01,2.637137706476551102e+01,2.535938209871858362e+01,2.578567178481847577e+01,2.601744483562566757e+01,2.512369441709608964e+01,2.574801247037817120e+01,2.591672558556200556e+01,2.524525666240458577e+01,2.581259334470496469e+01,2.656497549238503098e+01
2.640866187931072773e+01,2.388617827099659507e+01,2.497639176528286953e+01,2.504513954527976693e+01,2.643324787138396914e+01,2.545607425929546253e+01,2.583979849189751121e+01,2.653158875953295137e+01,2.548123928579809672e+01,2.579738532347454338e+01,2.617527975533704421e+01,2.455115689877061413e+01,2.557082548045480053e+01,2.463662613801005818e+01,2.461694348615230865e+01,2.543274482535173320e+01,2.605164688873202294e+01,2.475985354610952527e+01,2.580642425554265174e+01,2.485803074824485748e+01,2.560901523922814249e+01,2.590220498856115228e+01,2.584235227268118251e+01,2.522706410901207619e+01
2.477724214097673894e+01,2.410751012009018268e+01,2.420215458206564563e+01,2.515499387380918961e+01,2.506598726827064638e+01,2.588958942550686970e+01,2.528179797148459329e+01,2.554384603136924170e+01,2.520796763753185132e+01,2.619040320011504264e+01,2.583545085528720620e+01,2.535607978297628051e+01,2.549543973612054515e+01,2.604852097044800985e+01,2.511680618135011400e+01,2.536266661318313709e+01,2.543152521586267767e+01,2.533632932573198104e+01,2.529613859120019015e+01,2.551612592653458478e+01,2.567283399893648266e+01,2.606310931607112025e+01,2.541442439879853055e+01,2.528877163199274491e+01
2.532832927418598956e+01,2.446904250892168875e+01,2.585371688577470195e+01,2.565025522629611032e+01,2.612782002215436705e+01,2.491007676400568016e+01,2.578221445419518432e+01,2.574520850246386772e+01,2.580699062192076099e+01,2.520811522605282562e+01,2.557892453604108596e+01,2.599860718314579344e+01,2.528565085120084177e+01,2.570019184709718729e+01,2.601982042449913024e+01,2.558287602906949587e+01,2.540234708727786028e+01,2.597248496406376717e+01,2.641699787770727426e+01,2.524803941500391602e+01,2.622539983827022070e+01,2.593150273297834474e+01,2.604086158284695784e+01,2.674024942653647940e+01
2.541998926053543073e+01,2.538411038585826418e+01,2.552416564992842041e+01,2.571864642478368523e+01,2.545789383928837424e+01,2.557933714998875985e+01,2.566000323776529513e+01,2.629595803160702872e+01,2.497670671589321501e+01,2.595513249079357365e+01,2.511495989049478794e+01,2.623786024900857683e+01,2.538172248740255554e+01,2.514020405384417245e+01,2.535474011761573365e+01,2.575821555194107759e+01,2.500668405760836777e+01,2.641285830890365105e+01,2.622285339065848575e+01,2.594056709219995582e+01,2.549902922313896170e+01,2.663935723613718665e+01,2.593478061656099953e+01,2.645995154080173961e+01
2.566654979606175857e+01,2.411595506462907679e+01,2.498776117550210074e+01,2.497451557950876122e+01,2.484787840160549877e+01,2.558983811444608136e+01,2.569482795478694470e+01,2.482246212799776686e+01,2.543132110405736057e+01,2.505013235343614042e+01,2.600484932858330467e+01,2.477756795342213536e+01,2.491195462075108935e+01,2.418010852540817268e+01,2.568093179555216921e+01,2.544889211785573480e+01,2.477615028209834236e+01,2.470998778748679570e+01,2.548883816034782512e+01,2.525382549660093900e+01,2.548260416558110819e+01,2.520650019866263847e+01,2.498545380788283410e+01,2.460323675388997344e+01
2.504890710911195129e+01,2.516359888242391207e+01,2.511975588287754135e+01,2.519739633601801643e+01,2.549498071615926165e+01,2.697328112830336977e+01,2.529464254020552971e+01,2.575764577791443344e+01,2.637962375214681288e+01,2.559850354634556879e+01,2.535872963711085504e+01,2.491735402474148486e+01,2.475817762327466198e+01,2.468356304896087750e+01,2.500977743725167102e+01,2.560059450045287122e+01,2.493701603520571553e+01,2.462484186631388638e+01,2.491935013444918923e+01,2.546952273420208712e+01,2.484909438249047753e+01,2.593310154048413096e+01,2.483864993149683187e+01,2.563605038489254184e+01
2.557113852282088828e+01,2.533023102026584183e+01,2.627345240900450563e+01,2.511167725499052494e+01,2.565312626124568851e+01,2.577077758882631997e+01,2.492020953709294417e+01,2.540127521471106320e+01,2.530612134412734804e+01,2.558769701222752246e+01,2.543983436814210108e+01,2.466162020542839173e+01,2.527190644053700908e+01,2.535103580309066729e+01,2.562841628841061947e+01,2.585192286313076693e+01,2.621625886981593112e+01,2.546962682886805851e+01,2.596300126812144526e+01,2.550233446575424523e+01,2.584018146556496731e+01,2.556401282293489885e+01,2.547188180437501615e+01,2.523721770617430593e+01
2.420237557336298551e+01,2.494734071674884035e+01,2.616478529047782331e+01,2.550688630939021095e+01,2.552748658553861105e+01,2.631520372471749170e+01,2.537192450757544293e+01,2.496997931445167751e+01,2.504809594382896876e+01,2.596472057028347535e+01,2.564081996966297083e+01,2.507385348408882919e+01,2.572557646742268389e+01,2.526972977419910649e+01,2.558835760837388307e+01,2.600150605553943706e+01,2.494199659426834614e+01,2.604072088585479605e+01,2.523582655917221018e+01,2.628867331588747902e+01,2.608903024920272173e+01,2.547586967519703194e+01,2.565750179397701913e+01,2.561798667706062815e+01
2.573910686103818080e+01,2.497302869829132987e+01,2.522072171663654672e+01,2.482889263757579101e+01,2.528161397682100642e+01,2.503582626287874291e+01,2.578715187095303918e+01,2.502342210659440980e+01,2.554069098622892398e+01,2.516007458987854761e+01,2.558569548168452457e+01,2.521218612105718648e+01,2.471963225198510372e+01,2.568998387243863135e+01,2.459025698727697318e+01,2.583969614686776595e+01,2.505961977325773660e+01,2.499291982063192563e+01,2.504559196436520097e+01,2.481103942372311622e+01,2.526115425374479173e+01,2.498151745174163807e+01,2.596370568332656603e+01,2.470300526304242794e+01
2.443585140123559540e+01,2.571698995726478643e+01,2.501559546529546196e+01,2.508107132528959937e+01,2.432809638410827802e+01,2.493074180137796247e+01,2.516093743553852846e+01,2.579342223417347668e+01,2.481791999736509524e+01,2.472654143677800676e+01,2.466089594504165916e+01,2.439145418756504569e+01,2.427890361078698334e+01,2.451861592335643536e+01,2.429974008611526415e+01,2.433276540748693151e+01,2.400088676591684589e+01,2.468597863811072557e+01,2.574528843779614817e+01,2.580843673326575072e+01,2.561571199592793846e+01,2.492647935409166848e+01,2.522565361184678068e+01,2.568812308036535796e+01
2.499240177462030488e+01,2.534516044722931838e+01,2.644216346145026364e+01,2.486049749649077967e+01,2.545766848295789941e+01,2.577077758882631997e+01,2.514193578428336195e+01,2.455633424898439898e+01,2.593908065985078792e+01,2.535016210644647572e+01,2.579160912746118584e+01,2.520930643935849957e+01,2.484430442279881390e+01,2.507300967868030739e+01,2.463930812473427068e+01,2.405121451592020776e+01,2.550091635308416471e+01,2.520226908054036130e+01,2.586327602005036397e+01,2.571247546267500184e+01,2.652381989484706537e+01,2.555921891892245412e+01,2.549414526870464215e+01,2.599151430078637759e+01
2.494799507159694940e+01,2.572400073092239836e+01,2.505415479708790372e+01,2.497596025728881841e+01,2.484437319619968321e+01,2.533215344310218597e+01,2.535324571352413159e+01,2.476263586896715196e+01,2.413816822264573148e+01,2.574547747651928375e+01,2.574482205607415608e+01,2.583168147836482831e+01,2.471482047699726081e+01,2.577799876596839113e+01,2.581770971608733589e+01,2.538954087737232612e+01,2.449783495253990395e+01,2.473570475965482274e+01,2.579679096961234563e+01,2.639102276869965635e+01,2.519428027160182637e+01,2.544144224589354053e+01,2.503859633860696476e+01,2.500326754078099611e+01
2.597278984373502908e+01,2.399623337050365990e+01,2.330338998810412932e+01,2.404972870207541291e+01,2.452470712188517155e+01,2.450504790634113306e+01,2.504916955609724027e+01,2.464688622851292621e+01,2.480633417251050332e+01,2.443674322402216603e+01,2.465190457051824069e+01,2.476354638350699133e+01,2.510809939343084807e+01,2.489454464685439916e+01,2.478926796407353095e+01,2.454950743732291585e+01,2.451447491899847364e+01,2.463472447468637938e+01,2.518498916045336955e+01,2.494556473669280194e+01,2.617705710029923694e+01,2.609673330385163581e+01,2.582309143043551103e+01,2.520661113626232464e+01
2.375014574526460365e+01,2.529756185559256210e+01,2.310108427615733717e+01,2.399661857042502788e+01,2.474325867700139270e+01,2.484512784092987658e+01,2.481436908461893154e+01,2.469431637899634779e+01,2.541147071555349157e+01,2.510568464667858279e+01,2.452601035580096323e+01,2.460351332749030462e+01,2.468676730165572053e+01,2.491113936705608012e+01,2.541709382452393129e+01,2.561365656029585125e+01,2.391656743062253554e+01,2.480786743008906114e+01,2.547529460047610428e+01,2.566602417410069847e+01,2.586418662394356716e+01,2.589745294192761094e+01,2.579079607589170564e+01,2.628216401687831194e+01
2.529020381090469982e+01,2.551985209586962355e+01,2.608477931962471530e+01,2.468160501676180729e+01,2.448671414349007591e+01,2.441747324901007232e+01,2.519330533429166508e+01,2.456474296757835418e+01,2.588823810519994595e+01,2.561422503248184057e+01,2.528182057623985202e+01,2.537418133417691024e+01,2.539738983391680449e+01,2.513193957748688945e+01,2.556708410925966746e+01,2.427930490512545703e+01,2.438755458306292212e+01,2.484556600588655328e+01,2.609163934137296792e+01,2.528880448403145920e+01,2.852269065747105969e+01,2.881445085759520452e+01,3.079739932705973615e+01,2.968925756709256802e+01
2.459214880743809317e+01,2.477579156218394019e+01,2.465773892916269006e+01,2.560350462424776197e+01,2.441594385984348037e+01,2.511322531581168960e+01,2.579963508061888433e+01,2.604413070897436455e+01,2.548551460901069277e+01,2.518938182786013158e+01,2.426409193926076568e+01,2.557163409278928157e+01,2.544115005620699321e+01,2.540009973033829738e+01,2.507390611136344205e+01,2.478326315381781342e+01,2.439423243681414988e+01,2.515130548275095634e+01,2.577425445470237264e+01,2.658132760899530922e+01,2.960303454777437082e+01,3.039297317151027755e+01,3.100547329898529370e+01,3.167585384009862537e+01
2.476183293841631894e+01,2.372519780939563816e+01,2.415264480834957794e+01,2.432956156546322291e+01,2.368663389118808027e+01,2.479010525908972795e+01,2.419473222376223021e+01,2.430378514580513638e+01,2.418565399500880631e+01,2.409904182645118453e+01,2.537482844676247851e+01,2.546145316199539366e+01,2.497577719224284465e+01,2.403389715486554223e+01,2.569061720052695819e+01,2.401072405897525641e+01,2.463257693068612753e+01,2.511513278285110573e+01,2.498529407234508426e+01,2.720566608923604690e+01,3.047404906319422935e+01,3.005717017450933781e+01,3.167358385357692896e+01,3.108780062065511629e+01
2.419215902808122109e+01,2.457337397717100202e+01,2.430647895611201648e+01,2.465363104215987278e+01,2.416805995398391360e+01,2.562642214898750126e+01,2.502792144476478597e+01,2.469272897401521050e+01,2.411920479788705052e+01,2.476914715993189020e+01,2.506266055987606478e+01,2.545419761174792939e+01,2.572038682131693577e+01,2.541378141145122527e+01,2.441243438414147704e+01,2.515130548275095634e+01,2.547789780219619615e+01,2.549863906156934945e+01,2.550294952271673310e+01,2.841130071524531786e+01,3.084462916097282914e+01,3.050919372945514851e+01,3.170464911437915134e+01,3.182320935443635790e+01
2.537826060874255063e+01,2.399298318239323180e+01,2.409018624531239539e+01,2.574287869284040653e+01,2.493806327299864734e+01,2.507400833206946800e+01,2.417008686464464517e+01,2.527307159862414210e+01,2.623140087151392663e+01,2.498317595606232544e+01,2.586058908115808208e+01,2.462674734161629431e+01,2.554376920552016372e+01,2.486776865348412002e+01,2.613788158493713354e+01,2.547752378619645697e+01,2.568568043308056303e+01,2.535044703138709110e+01,2.660493643903356542e+01,2.954350553959358194e+01,3.152243466129169747e+01,3.216642863311216161e+01,3.361289920830984101e+01,3.153024302374711851e+01
2.472565455931982115e+01,2.542310985316390770e+01,2.508770582808892868e+01,2.524118367120900075e+01,2.471541985800030261e+01,2.464667679467140715e+01,2.556663511531860422e+01,2.565610044105272891e+01,2.574877418072281898e+01,2.447398830972457517e+01,2.507824741595891282e+01,2.558282087376113623e+01,2.474542249103609493e+01,2.559632325108265150e+01,2.456106074589160926e+01,2.539236014622485982e+01,2.414036640963934133e+01,2.535662786093939758e+01,2.737510364842637500e+01,2.992767811057382232e+01,3.076813847657791712e+01,3.257045725000398306e+01,3.272704495489375631e+01,3.188116676493848445e+01
2.397614224272899719e+01,2.425779902980531233e+01,2.412585443050812728e+01,2.412015068853582989e+01,2.465406995690938174e+01,2.419555917767382880e+01,2.502934258646871513e+01,2.415058410383392129e+01,2.551651472896753603e+01,2.582108410436228496e+01,2.466273886996896181e+01,2.557089591161394537e+01,2.592943006583817578e+01,2.506109187439051311e+01,2.514395845438218657e+01,2.525162553586545755e+01,2.551968186602653077e+01,2.635646099746224991e+01,2.730434070510608535e+01,2.774546546004063430e+01,2.894826560023079765e+01,2.881853311221118474e+01,2.859753638745615945e+01,2.708813740476051635e+01
2.553301414658949398e+01,2.445368488265779661e+01,2.358271815230585844e+01,2.400837516841005481e+01,2.419777638946106890e+01,2.436527842696614243e+01,2.445795634253209982e+01,2.561042504762673389e+01,2.493210613437418033e+01,2.563325667925420248e+01,2.640740171349193588e+01,2.545712398237606067e+01,2.590365247297415863e+01,2.709369702594199225e+01,2.643757237383618985e+01,2.664942185262691510e+01,2.539712519784058031e+01,2.580293046546341884e+01,2.625879949680273739e+01,2.746694409016572536e+01,2.689711383497132147e+01,2.646858097854243397e+01,2.798581008634357659e+01,2.697920020326256463e+01
2.556598145630874797e+01,2.550819915635287316e+01,2.507623011646779787e+01,2.477060287617791801e+01,2.546485602975917573e+01,2.452507106361417755e+01,2.557348716776152742e+01,2.486980959349256182e+01,2.662719590081411525e+01,2.567648865833149330e+01,2.636627365133585954e+01,2.647418715037315451e+01,2.644120822839562379e+01,2.592127060071425149e+01,2.656998617437221810e+01,2.622161956507943614e+01,2.692738795910815952e+01,2.638891358837463486e+01,2.750796536411917259e+01,2.628811106280790000e+01,2.823395409039727610e+01,2.672044696378782191e+01,2.779851748758972008e+01,2.723828233125203724e+01
2.450779533628008267e+01,2.443036869466095595e+01,2.657756729161349085e+01,2.580769767218549759e+01,2.551970341457587210e+01,2.542312827161424593e+01,2.626904091059810753e+01,2.680723029157553583e+01,2.516263514184356609e+01,2.571930580352790230e+01,2.718273935958177390e+01,2.680564328252023643e+01,2.730037978377714580e+01,2.717254597529870352e+01,2.615983511247947035e+01,2.542541382920808246e+01,2.593250336960568347e+01,2.688799767350087677e+01,2.729467126491721274e+01,2.798635566613415904e+01,2.640183502465606580e+01,2.785636424083196516e+01,2.666047751245827158e+01,2.797491591140436640e+01
