2.434065343916449820e+01,2.355479112803806174e+01,2.574495788109300065e+01,2.443422076589916969e+01,2.453122613320499568e+01,2.401948566867866930e+01,2.441142567728451240e+01,2.408119091323192151e+01,2.400427109815029780e+01,2.415677340961303798e+01,2.408583528387805472e+01,2.468416057857120904e+01,2.390671967732947678e+01,2.430411628049040473e+01,2.600373193302192476e+01,2.406398966406760564e+01,2.428765834207302987e+01,2.511285218144217879e+01,2.542610416862845568e+01,2.597233986642970649e+01,2.590246236187186923e+01,7.645427056906131611e+02,2.639966211902464011e+01,2.530402431697189058e+01
2.371359921265553794e+01,2.423417487314617347e+01,2.511536869382837267e+01,2.424351206336615405e+01,2.392196652959950143e+01,2.550926137596366061e+01,2.504932212424711224e+01,2.471451488084591119e+01,2.425325636044277644e+01,2.508490663963300449e+01,2.345307850872569588e+01,2.272171382385494098e+01,2.366514064881675949e+01,2.413588561169808600e+01,2.244714907090246925e+01,2.302146335105442176e+01,2.385803376747162474e+01,2.416488155855466857e+01,2.469352193439181065e+01,2.363927697852579968e+01,2.942847810038017542e+01,2.567513211606285495e+01,2.555107971969533764e+01,2.478709842379993233e+01
2.387227865563323803e+01,2.511233087356976057e+01,2.531141439491807432e+01,2.401010963773956064e+01,2.481514745891456641e+01,2.406095452630944465e+01,2.381050948563762404e+01,2.422919985624167794e+01,2.466752592085560991e+01,2.479633924339452733e+01,2.428789854678524307e+01,2.418153018283322808e+01,2.457440824204468299e+01,2.445869020156987972e+01,2.443642004872208418e+01,2.368588173947040332e+01,2.379495170442987728e+01,2.470773507047749717e+01,2.418653457413421393e+01,2.378518788036410569e+01,2.451688336411206137e+01,3.327230929111306068e+01,2.509326719423040686e+01,2.501753845858041814e+01
2.510543799968854728e+01,2.507321703876647234e+01,2.481347935450992281e+01,2.456260157710852354e+01,2.535491216620221167e+01,2.505052409711959172e+01,2.497959091275322407e+01,2.601704142732177161e+01,2.336159726224065025e+01,2.457493321669829811e+01,2.421212799712543529e+01,2.553871733334239025e+01,2.417609139594713952e+01,2.410820958991229190e+01,2.529970493096033124e+01,2.314263431743916044e+01,2.402016239543638676e+01,2.457144233508171283e+01,2.466791080679251991e+01,2.414824413820565496e+01,2.958210110016108274e+01,2.433729109425541992e+01,2.501947564784899214e+01,2.590164114847300425e+01
2.504463556332160579e+01,2.315812883481805784e+01,2.507071529602706050e+01,2.484974048243191191e+01,2.451067469861175141e+01,2.469737144871601231e+01,2.482370039559742736e+01,2.397944652401776011e+01,2.422370334650759105e+01,2.379641258540362969e+01,2.481613360048686445e+01,2.533033282275670217e+01,2.376113933807880585e+01,2.351336811331066201e+01,2.404096860610007980e+01,2.437327215801735747e+01,2.447850452227220330e+01,2.458822306298657168e+01,2.433336657678512438e+01,2.421485424473871717e+01,2.323304314052785458e+01,2.963941451404491545e+01,2.397980482530897461e+01,2.522497805173782126e+01
2.658157819786498521e+01,2.462250427846231560e+01,2.450218444294807796e+01,2.553157796524072864e+01,2.515347253135735173e+01,2.465177955632225348e+01,2.467590328244358489e+01,2.465802042770695834e+01,2.495796694182740794e+01,2.450673557241032086e+01,2.503079799414786066e+01,2.510793861894615020e+01,2.520424109705169258e+01,2.512636105258229691e+01,2.484859753040063879e+01,2.416025897306235493e+01,2.439232744136501196e+01,2.332283694535772156e+01,2.444649469285985788e+01,2.336655806784892775e+01,2.589902896970085067e+01,2.493008658783753617e+01,2.398361988084474206e+01,2.436310181038993505e+01
2.599262686552276591e+01,2.568758522914941977e+01,2.444176162653002393e+01,2.504440505931802363e+01,2.561008737687569692e+01,2.494428015003489918e+01,2.574446856282816043e+01,2.493081388845286028e+01,2.612672261336882684e+01,2.583888366285430038e+01,2.514431302375419364e+01,2.576230779984206265e+01,2.517782727423281131e+01,2.544875743735332208e+01,2.544473670495432316e+01,2.455950594292278311e+01,2.530133178316941667e+01,2.498056663513528974e+01,2.524387358062961084e+01,2.601388637142906646e+01,2.527866530998591088e+01,2.974464129550403868e+01,2.510695633065591892e+01,2.502790839587618166e+01
2.506993711973620975e+01,2.591185167962748892e+01,2.515474663873459349e+01,2.656352252144358772e+01,2.496998777135013370e+01,2.636330604772734887e+01,2.541432212055258333e+01,2.556383241863687772e+01,2.654927617271954432e+01,2.592781349091796983e+01,2.542425368653294981e+01,2.586847340442676568e+01,2.575897630461844301e+01,2.622129349828372824e+01,2.525070145460182403e+01,2.516701384038333345e+01,2.483394737925186746e+01,2.618857633555012399e+01,2.602644988902164869e+01,2.592365954184339216e+01,2.473115920893627617e+01,2.484729438884585306e+01,2.496979581925796765e+01,2.615018657766722754e+01
2.597402874875263024e+01,2.574313401016263470e+01,2.516559939332080376e+01,2.579447418711731643e+01,2.451654766589933843e+01,2.598941457812674116e+01,2.582920548944360917e+01,2.613732206025542837e+01,2.529025974159054613e+01,2.594560033385613451e+01,2.511316680917207123e+01,2.504716679876105445e+01,2.573330708030192682e+01,2.599289814835424295e+01,2.583783894852001595e+01,2.522597068301229228e+01,2.499226129372777905e+01,2.595391163093023579e+01,2.597220305888299663e+01,2.624670342465719841e+01,2.578088776912562707e+01,2.475944655123123539e+01,2.485932769109905394e+01,2.460300514520275783e+01
2.602297126407881933e+01,2.576488480034691975e+01,2.497340292277442586e+01,2.475168853695771531e+01,2.465836540906593655e+01,2.513954899199490001e+01,2.579612823630969842e+01,2.499472162220416749e+01,2.571390645606345515e+01,2.565095181129385082e+01,2.545452408743676642e+01,2.517030531192034459e+01,2.563687405666485120e+01,2.535775002323060789e+01,2.560384364008876901e+01,2.569503889071631875e+01,2.540138727489039638e+01,2.549811957443472465e+01,2.685732457329538647e+01,2.550482128754839550e+01,2.763039400149699532e+01,2.550296899006320928e+01,2.595373176644773139e+01,2.469942179911504354e+01
2.427582825364254404e+01,2.545746048087511326e+01,2.603866776896938973e+01,2.600417040917227496e+01,2.592951976490286370e+01,2.487837024106329409e+01,2.524306401763999474e+01,2.536530612927413131e+01,2.527011746015506333e+01,2.570177529126084437e+01,2.504829655276859057e+01,2.596779556024779367e+01,2.561859138250827073e+01,2.652152529837280781e+01,2.566882164067743588e+01,2.606094657103398049e+01,2.434296555010377006e+01,2.559294990457556196e+01,2.536088447959377845e+01,2.556617231506726284e+01,2.585301309404690073e+01,2.535280035995367598e+01,2.602899157444562661e+01,2.500538226775938710e+01
2.476889426649626103e+01,2.597305183952528296e+01,2.588242205910262328e+01,2.570793154063079555e+01,2.635680501440549506e+01,2.575249805484520493e+01,2.599020313047196851e+01,2.557317912587791398e+01,2.529769117858438676e+01,2.577174728082229649e+01,2.577210500202846788e+01,2.639627509548449780e+01,2.552098800899244679e+01,2.613825796231651566e+01,2.600755124547606556e+01,2.608609427076902421e+01,2.566245326026751172e+01,2.589084993661259659e+01,2.706500461788539269e+01,2.645562579506918155e+01,2.687798601188904968e+01,2.680340013450870629e+01,2.590272114328956832e+01,2.570720804636675894e+01
2.486738851140472661e+01,2.544294765806262149e+01,2.516591996982793944e+01,2.457042476269549525e+01,2.592915244640437322e+01,2.555994980401959538e+01,2.481364612494746780e+01,2.565468500149506781e+01,2.559291970565760721e+01,2.570373883235089352e+01,2.565483023928408102e+01,2.508705279158709800e+01,2.556102592281092711e+01,2.530260973420837445e+01,2.483806005304865039e+01,2.525205186967906457e+01,2.527275436862487368e+01,2.552040468495374625e+01,2.564941904584230770e+01,2.625028660771874911e+01,2.511680958099708505e+01,2.445630327460361286e+01,2.479190844388244841e+01,2.475055146401035699e+01
2.481745711519766928e+01,2.573888587999920219e+01,2.471457296571571760e+01,2.463269098754818742e+01,2.455708272990449359e+01,2.446508859392469049e+01,2.526476492335638113e+01,2.522476450477142862e+01,2.516286051200847851e+01,2.508225598002661627e+01,2.515865256150834739e+01,2.490683144758327217e+01,2.505901961258899746e+01,2.483762194106282095e+01,2.531380607938541516e+01,2.591991267074166672e+01,2.456587174619261305e+01,2.580006896008211470e+01,2.590817255036546385e+01,2.545834845520903400e+01,2.639994432586041739e+01,2.468598529769064953e+01,2.553330119416216348e+01,2.544254125177246806e+01
2.575928127132243617e+01,2.549451978779023875e+01,2.551314480754757597e+01,2.451916700533649873e+01,2.510001570431376194e+01,2.556182360423787259e+01,2.578851674790047355e+01,2.658452373541672387e+01,2.580639584775491358e+01,2.521766321045828363e+01,2.559699819866273174e+01,2.563814779863378135e+01,2.526142541167797617e+01,2.531978331301041862e+01,2.461011075727185471e+01,2.515071122443043805e+01,2.586715066171092303e+01,2.543743633399736837e+01,2.595202587639278136e+01,2.598805314296680535e+01,2.600585044483875663e+01,2.553024244220711125e+01,2.600769883435754082e+01,2.520111289223234508e+01
2.557715782939328619e+01,2.552518213870456520e+01,2.519452074843098899e+01,2.531081921134773438e+01,2.477590247955708946e+01,2.470909515320533956e+01,2.516679537385181220e+01,2.478649783178121879e+01,2.501736479880378283e+01,2.494375631726290976e+01,2.577761518123742235e+01,2.522958318112750931e+01,2.519752877013985426e+01,2.509351242983530028e+01,2.456245565296524092e+01,2.599067090676936687e+01,2.507979532211129481e+01,2.602974349177185331e+01,2.486198758540132303e+01,2.610824572667229404e+01,2.553247821865261358e+01,2.546440325605658472e+01,2.635578758050439774e+01,2.542244826230967192e+01
2.553368967047731530e+01,2.474993394220450682e+01,2.558507364797645778e+01,2.479850770649568403e+01,2.544730062178638264e+01,2.447956405536950797e+01,2.405081016583466180e+01,2.465032742408260447e+01,2.434133092068458382e+01,2.613578759421233144e+01,2.523984091332567914e+01,2.451227153145373450e+01,2.470930003119406138e+01,2.484135151285551046e+01,2.441412728344937477e+01,2.399575671750119454e+01,2.487898497339534742e+01,2.513192087173462141e+01,2.520503913392877848e+01,2.512018962698829228e+01,2.472531322869889436e+01,2.686183031925816067e+01,2.541812355751608266e+01,2.556404365393473199e+01
2.479606108200090375e+01,2.570607952709201527e+01,2.574176282249368342e+01,2.450612511237807212e+01,2.483706049468270294e+01,2.474252911231570806e+01,2.547230769193447486e+01,2.527697447065162351e+01,2.512479607541376936e+01,2.505003070938494147e+01,2.463046676233358312e+01,2.521666054186340489e+01,2.540543418883316917e+01,2.516624256048703501e+01,2.542800106484270373e+01,2.514875665646860625e+01,2.498378304275826167e+01,2.450599453693286023e+01,2.400725168249226726e+01,2.460645689766653277e+01,2.275725397720731280e+01,2.456227973963189015e+01,2.644771139875609833e+01,2.585539759931140225e+01
2.557930833446908991e+01,2.433009383288276695e+01,2.510661899512234640e+01,2.464009251021099089e+01,2.472338425843190635e+01,2.502521736593615742e+01,2.442622088286390181e+01,2.557012757242802081e+01,2.592858591703998172e+01,2.617287371653583250e+01,2.578113676506006868e+01,2.534895257167386262e+01,2.516743613705904181e+01,2.520790070897766100e+01,2.429143440027547740e+01,2.552705638322385084e+01,2.497590716090434171e+01,2.499789766046103523e+01,2.533767944312336340e+01,2.516322754845668896e+01,2.527601078106482646e+01,2.954719503715398332e+01,2.584781258873567822e+01,2.632028338574747295e+01
2.552251678953928149e+01,2.472285178067608058e+01,2.483207114774540969e+01,2.589408881804661178e+01,2.518139541259193948e+01,2.550262779858110207e+01,2.567227865123368247e+01,2.509996493170024223e+01,2.514337972881503447e+01,2.522480243834280600e+01,2.536777127297324341e+01,2.547676894222047395e+01,2.570709229646178073e+01,2.576727663589684880e+01,2.477642899291373624e+01,2.487386814952554914e+01,2.549957019949027881e+01,2.541274332846040807e+01,2.506965658272480368e+01,2.516662873512950682e+01,2.301820537929228294e+01,2.542990389102635618e+01,2.703524560496384765e+01,2.591573135544064144e+01
2.496020423763872031e+01,2.396415389590259792e+01,2.443839678989337472e+01,2.476897602818189625e+01,2.487972358481613355e+01,2.483564114610595652e+01,2.503877318854318901e+01,2.532367767478302767e+01,2.410665458679090989e+01,2.491715377443478019e+01,2.481341873120038599e+01,2.507371017849385453e+01,2.492914106629569915e+01,2.435902260582201961e+01,2.528294370961907589e+01,2.535830809094591132e+01,2.433187080729578611e+01,2.494545531850479847e+01,2.551583544542239679e+01,2.542728098802137993e+01,2.669528737064530333e+01,2.641798088605224848e+01,2.544466427883827464e+01,2.554101084385138165e+01
2.514355547057016338e+01,2.469117891904170392e+01,2.422413338076211176e+01,2.473791085985493510e+01,2.526024974850645322e+01,2.429007212165441842e+01,2.424955360307751562e+01,2.433087494178295174e+01,2.485559244608685958e+01,2.457162659176594843e+01,2.500893743133457292e+01,2.459287821297664323e+01,2.568564864367249356e+01,2.575163409408133930e+01,2.504559364111105424e+01,2.492268520438403812e+01,2.457039819688685611e+01,2.428538062347820414e+01,2.579108004541188848e+01,2.582804477513195707e+01,2.404590430581890814e+01,2.570866431039252120e+01,2.483045263618822673e+01,2.571531272992677941e+01
2.422959876693028036e+01,2.548758785502167257e+01,2.568369351790710198e+01,2.542554751680683012e+01,2.447599346679481869e+01,2.494572133792240720e+01,2.444484283242792344e+01,2.617196465534010485e+01,2.534074766949368041e+01,2.522653199275464431e+01,2.544767846761550345e+01,2.446155014781800219e+01,2.486479540077147021e+01,2.492645128503249907e+01,2.503411661125988985e+01,2.512035796538782506e+01,2.455534094706189308e+01,2.481252521783278553e+01,2.500391395170646547e+01,2.579537485188279788e+01,2.815542862228232934e+01,2.966793623096998544e+01,3.024637506967923173e+01,3.056136925701309792e+01
2.563091413481316749e+01,2.559878979905118968e+01,2.482513333790768684e+01,2.500552169715956552e+01,2.514790880942177864e+01,2.396878536965243711e+01,2.540102818438305121e+01,2.530737949802676212e+01,2.492034976812789182e+01,2.517857389182375982e+01,2.529923798483855535e+01,2.556076586715494159e+01,2.558837963643708235e+01,2.556535829837463325e+01,2.451487203876081367e+01,2.494669868970703419e+01,2.472106589649848729e+01,2.531821919339097349e+01,2.592184406290829202e+01,2.621449816769148811e+01,2.297610685915304884e+01,3.108582041342992852e+01,3.079565744112306902e+01,3.148233241820526018e+01
2.410668950699505331e+01,2.241511584917725486e+01,2.495360207184671708e+01,2.389755587711880480e+01,2.462815428704340093e+01,2.324875182281624575e+01,2.418414443909284728e+01,2.520011051656740619e+01,2.581517794627825424e+01,2.461472112189244399e+01,2.464445006124060455e+01,2.417607826083803957e+01,2.496512240258999782e+01,2.471038818908328949e+01,2.426616883224289722e+01,2.486364301711012104e+01,2.462162948037081378e+01,2.543528086518062992e+01,2.515588501210288541e+01,2.735383012565608851e+01,3.116521969933046421e+01,2.399496757995945018e+01,3.239913395043782884e+01,3.087086721671039413e+01
2.437895591442338628e+01,2.434676523839232232e+01,2.530321911460731599e+01,2.423795215434086003e+01,2.413519260172517988e+01,2.447468514003639939e+01,2.536807677913594716e+01,2.375041690133184602e+01,2.519869476314062240e+01,2.475819517432069006e+01,2.539147096127425129e+01,2.544311903839746947e+01,2.423943065810874486e+01,2.413509235659790875e+01,2.473963648757580813e+01,2.424521760900699974e+01,2.436947334815982913e+01,2.548722141142803821e+01,2.528796060288863146e+01,2.910967730493320005e+01,2.587716127100634367e+01,3.085655555979559495e+01,3.204386994311636272e+01,3.235940407332327595e+01
2.467697921155155427e+01,2.620368514418629502e+01,2.429505814312722123e+01,2.465662802858201985e+01,2.472400409552051315e+01,2.504141148366784364e+01,2.572945286744339910e+01,2.465822805927700756e+01,2.602969267807054621e+01,2.437421603101068968e+01,2.435568959711940806e+01,2.515342102570917859e+01,2.516332642592891489e+01,2.575785003229964332e+01,2.483519263844704028e+01,2.470503814885478278e+01,2.455160198425903673e+01,2.569116703663218004e+01,2.754718266969882734e+01,3.063030188671172027e+01,3.244328062309654115e+01,2.496074855773815671e+01,3.283937432656671263e+01,3.246747913523290663e+01
2.492826773300214427e+01,2.402089932719650278e+01,2.505363535804815456e+01,2.415372146772256201e+01,2.426829264146044807e+01,2.624194086972289597e+01,2.494099393103289231e+01,2.545047579586940856e+01,2.475659298398858255e+01,2.522633822015785654e+01,2.561353161793903155e+01,2.557145313370745043e+01,2.452310158938064433e+01,2.558496302538912914e+01,2.584626267993917281e+01,2.538089094572637805e+01,2.581615481290958769e+01,2.572257547267537348e+01,2.791996090194908220e+01,3.085140324035137382e+01,2.441874295568322850e+01,3.217810731920496892e+01,3.289707854143688337e+01,3.226804292743861424e+01
2.494807865227551247e+01,2.470362906512025347e+01,2.411415657630192300e+01,2.497997986813760463e+01,2.400594640257224910e+01,2.437154608723227511e+01,2.481097035029966946e+01,2.452862364644300897e+01,2.471240281392948646e+01,2.559427152113880766e+01,2.581310584862461610e+01,2.649460198244065623e+01,2.667648740682381003e+01,2.598033269350548835e+01,2.591718841702135023e+01,2.619690780378607542e+01,2.492854943125968248e+01,2.651556427718332998e+01,2.826397113196782129e+01,2.751848562411390731e+01,2.873570957376318802e+01,2.509942171466639138e+01,2.900335391143551078e+01,2.832229685436703903e+01
2.549752004092096058e+01,2.395637847436182710e+01,2.494051750562567804e+01,2.557952111173551657e+01,2.504501002717785241e+01,2.500236719265728880e+01,2.525181985312502775e+01,2.498986868926658644e+01,2.489920502727659368e+01,2.424445901394693692e+01,2.618089593068691556e+01,2.622427246216335561e+01,2.625711385867242598e+01,2.593917808978557105e+01,2.621192785029916195e+01,2.586360901958983050e+01,2.615301929285448068e+01,2.539634079124999744e+01,2.762385227457014025e+01,2.725548691222576281e+01,2.665732165121539765e+01,2.645598034530348741e+01,2.666334937122456950e+01,2.739693681490518884e+01
2.447093431614291603e+01,2.547263445084035993e+01,2.556071197897989578e+01,2.498011271703268221e+01,2.521895243007531917e+01,2.564294958885682263e+01,2.422368124202154149e+01,2.701872541450916287e+01,2.640135672078423568e+01,2.713104861133609802e+01,2.635475575875972254e+01,2.581942637567414067e+01,2.581085405008587941e+01,2.629901159407000932e+01,2.676695954678757516e+01,2.597805570208794279e+01,2.796705845200551721e+01,2.677740710668848578e+01,2.620777135006687786e+01,2.603650323401592459e+01,2.800016240673187440e+01,2.869956981637602667e+01,2.755165848985069488e+01,2.720034051965120625e+01
2.557200959171160548e+01,2.468644098828031019e+01,2.654148223326257039e+01,2.432293186151088094e+01,2.500799720221215239e+01,2.541058569536414780e+01,2.623413447461138048e+01,2.547179888844044626e+01,2.664812876985848789e+01,2.613672667398543581e+01,2.714934721451840005e+01,2.594786309430156734e+01,2.643913336565066174e+01,2.591833132505502135e+01,2.548575749268826485e+01,2.604765023789730094e+01,2.504024773710108320e+01,2.666406055203702863e+01,2.726022588087067788e+01,2.687809735594635185e+01,3.281403043136998576e+01,2.716174475822600698e+01,2.829551000283754547e+01,2.748429096020686302e+01
