2.669275589828515649e+01,2.894664068301517545e+01,2.884190956325977595e+01,2.884087077625684969e+01,2.858109196248574335e+01,2.785533551642663497e+01,2.860637925089048395e+01,2.806450073002923773e+01,2.835830322864478603e+01,2.809364366939911406e+01,2.798518285564318830e+01,2.902557948643539021e+01,2.844965354608496000e+01,2.886688418581695714e+01,2.918440078992659892e+01,2.798871531493375642e+01,2.909118567680741307e+01,2.858815592106236636e+01,2.728460990677353948e+01,2.832686285152158234e+01,2.913873640746879801e+01,2.745462625612816510e+01,2.773796135496900206e+01,2.894074072066456438e+01
2.748583647472315761e+01,2.869147932002874768e+01,2.797625711073698085e+01,2.681491517023226834e+01,2.797971619777314345e+01,2.851574182144577208e+01,2.829428350970550810e+01,2.768644212417007111e+01,2.885558233903424252e+01,2.849384349391669957e+01,2.796577550883995400e+01,2.828108193488054667e+01,2.834540490623578535e+01,2.790424473956858265e+01,2.805719258842162844e+01,2.918275185092898028e+01,2.708814078504542522e+01,2.886654919508760031e+01,2.659404482997820196e+01,2.839222373499899277e+01,2.788824694149366223e+01,2.799562645294645336e+01,2.670757185396183786e+01,2.928274116332960375e+01
2.621025879615689291e+01,2.919936143204688506e+01,2.737439970138223089e+01,2.873417756310584537e+01,2.802338107210886164e+01,2.750859159622672223e+01,2.893642799692821654e+01,2.848233104984774400e+01,2.737715559599178050e+01,2.941018714327100270e+01,2.740883422438031403e+01,2.793347475421296622e+01,2.869325195102885573e+01,2.899591054005236401e+01,2.834405494384668600e+01,2.803697676685010265e+01,2.777291227327106071e+01,2.764880627064155760e+01,2.732937862546498309e+01,2.802217407932863580e+01,2.813878137739146723e+01,2.935761004120877260e+01,2.716962296399532306e+01,2.830711694082299346e+01
2.920057123978256186e+01,2.811477229174681725e+01,2.948855844575160745e+01,2.826290751128135526e+01,2.923443211616057624e+01,2.711629020107977794e+01,2.921883790184136842e+01,2.829666651713768033e+01,2.756247920486129033e+01,2.850147711207256407e+01,2.875610330998568998e+01,2.900932266392425163e+01,2.847482020064217068e+01,2.855698916651988384e+01,2.820432655832041746e+01,2.786591893780735063e+01,2.897145038015599994e+01,2.888572903265281866e+01,2.823397837132472432e+01,2.875245662656845980e+01,2.934633725689474204e+01,2.881045302488286097e+01,2.913979246171345494e+01,2.888452724427997964e+01
2.805336582815385782e+01,2.807682204426072303e+01,2.823357007246164585e+01,2.803671991487317428e+01,2.868105503756009966e+01,2.805103109533030192e+01,2.886607613732701338e+01,2.824096302788342427e+01,2.878495315262557597e+01,2.725671605368364681e+01,2.861333481023882541e+01,2.858245608167953833e+01,2.944068889911881115e+01,2.773630777911091627e+01,2.854897031981062128e+01,2.892197933988086334e+01,2.903564103932649232e+01,2.862463500169332065e+01,2.837155289229968957e+01,2.812242506697788258e+01,2.838509279104567895e+01,2.854171416705150932e+01,2.880574627429803058e+01,2.778650856532561875e+01
2.866976227632989094e+01,2.828684608785107457e+01,2.921241877708075663e+01,2.780513751720189930e+01,2.807308819413344736e+01,2.833455407472240495e+01,2.878019554503782729e+01,2.812007956979999790e+01,2.878836244937565425e+01,2.849816005221350679e+01,2.750579114415580761e+01,2.809430379516891207e+01,2.860123542295502830e+01,2.867835104841987004e+01,2.752435592463842795e+01,2.774171088180719380e+01,2.858408411857675446e+01,2.884072718963665238e+01,2.829833922386421818e+01,2.780554009331825682e+01,2.761487448290608882e+01,2.858801215442997545e+01,2.780269670854346487e+01,2.857666197947099818e+01
2.804952969347181124e+01,2.820886184330066726e+01,2.715552565978725852e+01,2.796088537527856488e+01,2.847640312953626562e+01,2.861458010313032219e+01,2.799680242956145548e+01,2.797726207182353164e+01,2.837859901469153101e+01,2.866422596918857835e+01,2.813297539593202146e+01,2.839632029977440197e+01,2.852298155018434045e+01,2.844360713978420563e+01,2.877077792205284368e+01,2.846765735167230105e+01,2.884200733404287575e+01,2.927891512473047442e+01,2.806300693599206397e+01,2.847601172875715747e+01,2.811685057898097284e+01,2.766019910251969804e+01,2.859602732504873757e+01,2.857397954108932936e+01
2.782386409564685437e+01,2.711051673674285212e+01,2.871389172069712004e+01,2.922448787589354424e+01,2.783959574615818156e+01,2.938064948577670066e+01,2.920377916738959811e+01,2.801166799482427905e+01,2.880814673141622961e+01,2.817893518128431651e+01,2.860043830257188802e+01,2.793851622748508134e+01,2.873982482867683075e+01,2.864373056476068768e+01,2.967563096074167106e+01,2.831693127296387047e+01,2.911322880324638618e+01,2.879466754575895493e+01,2.921862855220280153e+01,2.726377731416113193e+01,2.892279309506909613e+01,2.883940503909246900e+01,2.787843366689480717e+01,2.803485382475901133e+01
2.824174797902134060e+01,2.846101794226035508e+01,2.880403696278796133e+01,2.732774338671055148e+01,2.867306229518567307e+01,2.791107452992088156e+01,2.881100527215028251e+01,2.824295534615140468e+01,2.843263533188081738e+01,2.822958082276687719e+01,2.823110701201909478e+01,2.837150963629051148e+01,2.848673512179556155e+01,2.861200610189609961e+01,2.876968898109220163e+01,2.872529394392290669e+01,2.776348189668021860e+01,2.806529446259503402e+01,2.873817101469558111e+01,2.730569745403789739e+01,2.766927993957489207e+01,2.871256877049597733e+01,2.828184387038868408e+01,2.847710286920175804e+01
2.936515082808324451e+01,2.782362485464420843e+01,2.844317612898430525e+01,2.836755585493148146e+01,2.971317415440944387e+01,2.812008320726198463e+01,2.948972451978352183e+01,2.706304209695014151e+01,2.868638236303155509e+01,2.859400397214898248e+01,2.910810781201820419e+01,2.929913395209126747e+01,2.857449129765041107e+01,2.876378605301209745e+01,2.820936163034974697e+01,2.793629126954476760e+01,2.869363816322419325e+01,2.722962112971322313e+01,2.790396917877853866e+01,2.810463677559414464e+01,2.775029451346205178e+01,2.775784963864475685e+01,2.899510177267740119e+01,2.867270298852065480e+01
2.779192143008083349e+01,2.794147689792754363e+01,2.829032810464684644e+01,2.941603150046358905e+01,2.799818535893211902e+01,2.825653605699358195e+01,2.887231230186722541e+01,2.814983019238331963e+01,2.803116492746937638e+01,2.848178455732124803e+01,2.798249935046931114e+01,2.805657423764995428e+01,2.853572551193792606e+01,2.826776215654854241e+01,2.824484734810084774e+01,2.915040115444230651e+01,2.900356108476893269e+01,2.785859018950378641e+01,2.932391276536378655e+01,2.800716905618963892e+01,2.934420498242201347e+01,2.834681963124290860e+01,2.901835442314592228e+01,2.843471338776208768e+01
2.909402381699999296e+01,2.803030639640371646e+01,2.833890754099979858e+01,2.909216461104705331e+01,2.861853293146998567e+01,2.836762057297050887e+01,2.878252860875977603e+01,2.870184600243652540e+01,2.911093066061766876e+01,2.886496360466270517e+01,2.870143738554918400e+01,2.862795102976184580e+01,2.927154247535446530e+01,2.853624571751061012e+01,2.810048743115766001e+01,2.865468879747078290e+01,2.826622108764854602e+01,2.829795719960031875e+01,2.880248570678043052e+01,2.870509552905565442e+01,2.861555434740239434e+01,2.852919414964935640e+01,2.873035248434337063e+01,2.816199521471423850e+01
2.868452566764079847e+01,2.868608149258938056e+01,2.963408923623183000e+01,2.833532379610443286e+01,2.870404909476678768e+01,2.784816937692056626e+01,2.826095366876467097e+01,2.911606792728514392e+01,2.868088575112369654e+01,2.948562845888216088e+01,2.906471243625628631e+01,2.853782497741923407e+01,2.924845432437467707e+01,2.821578716908879869e+01,2.888426363126308161e+01,2.818754526467841970e+01,2.901330595894876296e+01,2.813166416406079406e+01,2.940431828563674799e+01,2.785218910788307767e+01,2.893662405424322515e+01,2.782622963825491524e+01,2.919072661657787648e+01,2.814286526092502072e+01
2.908084106200783481e+01,2.894950210009596958e+01,2.774518826402464811e+01,2.906077869675647207e+01,2.845362355157459433e+01,2.848597736782198808e+01,2.858134361712598093e+01,2.833284243721021767e+01,2.827177143661782566e+01,2.814876276665194155e+01,2.926581724096746484e+01,2.865864046010648281e+01,2.846103550523162085e+01,2.885511108745754427e+01,2.872491165091440735e+01,2.896359713436970651e+01,2.868878737782063126e+01,2.903200282894061957e+01,2.834555403318398703e+01,2.836905829702715209e+01,2.832646323784450715e+01,2.781716016823764903e+01,2.835767594170499706e+01,2.823266636005490682e+01
2.840903222714933918e+01,2.968709994817481856e+01,2.849500287647339292e+01,2.917757308875673061e+01,2.948484278830443372e+01,2.905716287937190145e+01,2.767727107953783161e+01,2.780999385945449376e+01,2.853852917134338441e+01,2.815127450156160194e+01,2.865941098398866416e+01,2.839000650143037774e+01,2.865941098398866416e+01,2.889552239694478430e+01,2.867785486575161258e+01,2.824102173620445910e+01,2.877148986016493382e+01,2.971066987496965339e+01,2.836020567993864461e+01,2.976880796216039471e+01,2.808364416972551680e+01,2.869096681377214964e+01,2.897226877764086339e+01,2.858603813212562272e+01
2.864797842306222719e+01,2.893443817655440853e+01,2.932006539867109041e+01,2.865372634573412824e+01,2.794001046276736133e+01,2.888084163198323040e+01,2.846177498681100815e+01,2.924037018681553945e+01,2.796269842935390670e+01,2.818915539151026906e+01,2.884763358689053803e+01,2.910017084477937033e+01,2.811864745019676093e+01,2.896093621813713526e+01,2.879298640668037024e+01,2.935923106974257735e+01,2.833489337285203646e+01,2.940873884704768670e+01,2.931622108680448946e+01,2.834320668440938107e+01,2.866869249025836552e+01,2.858912989687985373e+01,2.898545990380944204e+01,3.020184879697092128e+01
2.913771052178685750e+01,2.819508923312628212e+01,2.931129152575988428e+01,2.927968702917218025e+01,2.856073220821792802e+01,2.865948804124843718e+01,2.936165640339874017e+01,2.878107965101810350e+01,2.843610413929292235e+01,2.889706722406054951e+01,2.863843576822631576e+01,2.795504878153315076e+01,2.842120254337868346e+01,2.841356641920577886e+01,2.909289653653092955e+01,2.824194435218618082e+01,2.847284918871383752e+01,2.892771973004647634e+01,2.961276728852692486e+01,2.924344614075772597e+01,2.921821444704045234e+01,2.759313128311447372e+01,2.907032721050887858e+01,2.839058970610881261e+01
2.976932094411114349e+01,2.814175067526610974e+01,2.783773413821307940e+01,2.879556835948505977e+01,2.782718112732072768e+01,2.890468375112379817e+01,2.856784977767966893e+01,2.917751010784530763e+01,2.823027036687199143e+01,2.827763150868599951e+01,2.806005494815428847e+01,2.844079308978302834e+01,2.895768915190785719e+01,2.789106235537155953e+01,2.899185226923208347e+01,2.819984424020861979e+01,2.907564217053982247e+01,2.907330150386269452e+01,2.847927846818072339e+01,2.919922133512460505e+01,2.855252584578670394e+01,2.837991681288599466e+01,2.941362241745810024e+01,2.863267643971710186e+01
2.862087569409737853e+01,2.931669812790909191e+01,2.848593796410318646e+01,2.784743070822253230e+01,2.857787935917497180e+01,2.783126223728726245e+01,2.876244676280248314e+01,2.868695212246745996e+01,2.901199965252777702e+01,2.892960302650993754e+01,2.903117271255234755e+01,2.945093779059078543e+01,2.806515415277448255e+01,2.893727573822388877e+01,2.885557171527779019e+01,2.844085023016464220e+01,3.007264170375071899e+01,2.995527474447823124e+01,2.910994555012439378e+01,2.861909547590931879e+01,2.892209309589901522e+01,2.851163826116800237e+01,2.882630273608663174e+01,2.860343018679520810e+01
2.860357206468734148e+01,2.856207235617216611e+01,2.880395121279337900e+01,2.851167205031543972e+01,2.835936596191862691e+01,2.917667348188825827e+01,2.896087202611141720e+01,2.922110362773901215e+01,2.843025969848747536e+01,2.897499299730753819e+01,2.848347928357014780e+01,2.924361836621221755e+01,2.880607299714375813e+01,2.867093261929386472e+01,2.985454564873231220e+01,2.976626857651086766e+01,2.961427615852221606e+01,2.934988388367730749e+01,2.837563643271619185e+01,2.896741573257952496e+01,2.848362469013392229e+01,2.856185810842094952e+01,2.947997601291262981e+01,2.872734585676340657e+01
2.862043311841046034e+01,2.920009657853978524e+01,2.820089639055066755e+01,2.890515786753837801e+01,2.839393472862553836e+01,2.889838780221799652e+01,2.938349176223630366e+01,2.899421420446145703e+01,2.906383471322237710e+01,2.919886700699271387e+01,2.925511283743287549e+01,2.869340223562386427e+01,2.931879317438989574e+01,2.830301507573051367e+01,2.933169246256511542e+01,2.813318445182972027e+01,2.895132927010706680e+01,2.991267670814846724e+01,3.009258195491202059e+01,2.838660903843543792e+01,2.963365219587780075e+01,2.974014058683417261e+01,2.986758754438744745e+01,3.000625052976857887e+01
2.804543614085616809e+01,2.735002088871897286e+01,2.784357544935255646e+01,2.828117213150142106e+01,2.808031114321306632e+01,2.833844326124039981e+01,2.898535537146238994e+01,2.866619058247590601e+01,2.903433568063013581e+01,2.922026909383322391e+01,2.928698986736236520e+01,2.966982942085809327e+01,2.846490504829034762e+01,2.832519504431024870e+01,2.949776656175873768e+01,2.966992082440441436e+01,2.836613992145947805e+01,2.986613262206418540e+01,2.925734153216359346e+01,2.943032386238741083e+01,2.933307260599127630e+01,2.917502648510901508e+01,2.986109675353014836e+01,3.105431603412370123e+01
2.775659406801713658e+01,2.918194589401366557e+01,2.832377959101103215e+01,2.790239691695700230e+01,2.914740563265900164e+01,2.832806016556554596e+01,2.852510797956040278e+01,2.861529862475913433e+01,2.865111588021443367e+01,2.890134800470906384e+01,2.925217276013279388e+01,2.898938425681501485e+01,2.899599978256691202e+01,2.839269619632034392e+01,2.848459718653157324e+01,2.876930243266042453e+01,3.096631290488926425e+01,3.191988249672220945e+01,3.196753961468164107e+01,3.122160314576251494e+01,3.037734596922706487e+01,3.050486450411284522e+01,2.974595357090856851e+01,3.100354656221657024e+01
2.899042775480592127e+01,2.828657086043574509e+01,2.829835438194407971e+01,2.824302806876880823e+01,2.817789957282360547e+01,2.773685030922734995e+01,2.912697593180428157e+01,2.792242490093502738e+01,2.912239360947330624e+01,2.881530648840271169e+01,2.930934796200489245e+01,2.952299254972007247e+01,2.960982158204353709e+01,2.955043671674047800e+01,2.920712311474136413e+01,2.941416244234284250e+01,3.083541706488955469e+01,3.255358812930450085e+01,3.167880392473034590e+01,3.124756339554437545e+01,3.056941925416197137e+01,3.011984651922148259e+01,2.992496759662509476e+01,3.060924744023907351e+01
2.788505264487224622e+01,2.707668215996812933e+01,2.843319649500307378e+01,2.760419389426567705e+01,2.857037004304555694e+01,2.871824256240989826e+01,2.903344733147275747e+01,2.930638961753925287e+01,2.807213583020421765e+01,2.904906186259961487e+01,2.903285716615368983e+01,2.789650869465327787e+01,2.878716951331614382e+01,2.857463624755814635e+01,2.965439247508192011e+01,2.888584527254209888e+01,3.017310950038734063e+01,3.081479758361871291e+01,3.077777605342220113e+01,2.927410871180416052e+01,2.966656723141051089e+01,3.033725861884488495e+01,2.899367618210715136e+01,2.916743080125456800e+01
2.844110059740938823e+01,2.789989511253526189e+01,2.762085595839954522e+01,2.752105900763842783e+01,2.909577556631609241e+01,2.824782699848640277e+01,2.766354846666433787e+01,2.840334706541540299e+01,2.802790193832606747e+01,2.881777515076589680e+01,2.838777253145303803e+01,2.874940241799532714e+01,2.831948821128145255e+01,2.924465609401403299e+01,2.879219729955985940e+01,2.948685517622908492e+01,2.965633557223890193e+01,3.017782435092448168e+01,3.008815868546099637e+01,2.973610420049232062e+01,2.909025669630199218e+01,2.926309897759006162e+01,2.926576148377137088e+01,2.899050900750461324e+01
2.856829958548098602e+01,2.762984209902828070e+01,2.723193233679921832e+01,2.759537940466168493e+01,2.760592919205777207e+01,2.733869602508434582e+01,2.856873715006116754e+01,2.829171503024497270e+01,2.866250041012648353e+01,2.780679678202551486e+01,2.901457026259788563e+01,2.780206383918738311e+01,2.796978982793245905e+01,2.875424385831809104e+01,2.856535253229225191e+01,2.827951519582484252e+01,2.993399121833215304e+01,2.961429559505887710e+01,2.941077807533201849e+01,2.876656333450063130e+01,2.956650742100612206e+01,2.904276964779080572e+01,2.881845592213363716e+01,2.824004437442539484e+01
2.749214987472947769e+01,2.771331624329042143e+01,2.779289399690475193e+01,2.772910368213990751e+01,2.740267733087580382e+01,2.751593683305026161e+01,2.879814849730320248e+01,2.886378862603299922e+01,2.931669272795261350e+01,2.823999081401791500e+01,2.808590217924040644e+01,2.839403261534670264e+01,2.830815884257702919e+01,2.913573701855148101e+01,2.868117220148940305e+01,2.949078708718752750e+01,2.957835753814413238e+01,2.947407717922118309e+01,2.961503598361809964e+01,2.970261440340681247e+01,2.852548330970910229e+01,2.938857666265499802e+01,2.867701115423369629e+01,2.923093869769905950e+01
2.847060554879624306e+01,2.894479997636926782e+01,2.799243004225814957e+01,2.798140912166985572e+01,2.838696635409553437e+01,2.710801624368502871e+01,2.973551766662399132e+01,2.826614994988301532e+01,2.971704272645706624e+01,2.790325545386843942e+01,2.883139875844290145e+01,2.822352200858523474e+01,2.818487000680772780e+01,2.809209548449604199e+01,2.913998083037347442e+01,2.830700960871905636e+01,2.816221250083526684e+01,2.900167734601751590e+01,2.897104360737768047e+01,2.825398420960289059e+01,2.938967095001743246e+01,2.906763801138117742e+01,2.916262165921693850e+01,2.895714910950425747e+01
2.858634984125762912e+01,2.795292324096237735e+01,2.750540293920164459e+01,2.787424211955777764e+01,2.823192783087489488e+01,2.750712190286981240e+01,2.837009627248630750e+01,2.926225117919983632e+01,2.720384701894482760e+01,2.788745068339346744e+01,2.847909407816860039e+01,2.886490846977966385e+01,2.817110850395465604e+01,2.876364278749571213e+01,2.831732216147378267e+01,2.754845406068920965e+01,2.708811804829485936e+01,2.863859102560013525e+01,2.853159722738303117e+01,2.851883774977153507e+01,2.793770632436047663e+01,2.954969628543830140e+01,2.898247980292546799e+01,3.072158018562504367e+01
2.762518691590690878e+01,2.834720891877981330e+01,2.787743259706775234e+01,2.708198675406043776e+01,2.821830960060265170e+01,2.865415588040360717e+01,2.807186222601416148e+01,2.868242130895043829e+01,2.911044138981435481e+01,2.838344506761558250e+01,2.882828760470772522e+01,2.853997037464466757e+01,2.911247057392989745e+01,2.758521791576197302e+01,2.780094444691877698e+01,2.932294216799641617e+01,2.751107623515440537e+01,2.761677272181316312e+01,2.892453532777273040e+01,2.984602859910029338e+01,3.071550765774850333e+01,2.967618641724249073e+01,3.052466431342128317e+01,2.976829111311269571e+01
2.795089763820476492e+01,2.782754244682303124e+01,2.737876469647994782e+01,2.786522771009265398e+01,2.735462073329051691e+01,2.794337382541334591e+01,2.899451410449773903e+01,2.971933254489027831e+01,2.852586905445224374e+01,2.821980590453455306e+01,2.902534964675527362e+01,2.864493403362899926e+01,2.832671740018344053e+01,2.902876704365633032e+01,2.864193502992424101e+01,2.917092002722233701e+01,2.820843466439771419e+01,2.853364935001457070e+01,2.957921776692785443e+01,2.960711104659077364e+01,2.823564585885497991e+01,3.035860464830426508e+01,3.015522861058195758e+01,3.073413103260998014e+01
