2.976216498124313148e+01,3.095249115393647799e+01,2.988209732257382711e+01,2.970664982144649002e+01,2.849810298302236333e+01,3.002177568973547750e+01,3.031504998089923220e+01,2.957003018614000212e+01,3.079399851788059550e+01,2.989993935946523607e+01,3.022291993773336571e+01,3.040461781974681799e+01,3.024178154848573286e+01,2.938848151323031743e+01,3.056066431961374974e+01,3.026265823227760166e+01,3.109865792088061198e+01,2.928969236275037247e+01,3.110990321548609927e+01,3.035795211204356292e+01,2.992967901260453800e+01,3.016140722549596376e+01,2.965798847603167587e+01,2.990332233277581508e+01
2.755688809326528599e+01,3.070364571584866553e+01,2.905528115590414018e+01,2.941650213330507313e+01,2.890901020255250842e+01,3.112265447551891384e+01,2.912152492379851765e+01,2.967043867035499716e+01,2.995692873620924956e+01,3.029197864743855462e+01,2.914347091359468322e+01,2.928805395647043497e+01,2.958309846984002434e+01,3.142575562180405768e+01,3.032933950524392230e+01,2.978867958469942323e+01,3.043181204423325426e+01,3.027412484593764930e+01,3.038702914813262623e+01,3.043693481808537626e+01,2.986947158898595944e+01,2.932891871781930604e+01,3.007725401207136429e+01,3.032497422963297140e+01
2.930138474320000341e+01,2.875839245788768039e+01,2.778733840526376753e+01,2.848266178874433763e+01,2.998527887408039305e+01,2.948395828405807606e+01,2.814529761733268742e+01,2.989378989046429069e+01,3.048308118691579693e+01,3.043939161508023972e+01,2.807705221713996480e+01,2.963593975585973794e+01,2.919131865607596410e+01,2.990743252613964387e+01,2.926705776149503890e+01,2.895949473263652862e+01,2.966500654643095913e+01,2.870515534059245510e+01,2.963636532201883256e+01,3.052233456175099491e+01,2.996450790261894781e+01,3.009704238696002676e+01,2.939068824534348323e+01,2.940036102039289290e+01
2.826084580407382418e+01,2.998365574099841524e+01,2.952747882308972294e+01,2.954331386024580297e+01,3.008464796633683136e+01,2.845984741061840850e+01,2.974450842396424832e+01,2.952582424192070221e+01,2.963687425839447087e+01,2.919397325057656190e+01,3.046750175757119905e+01,3.035108327311166931e+01,2.943400391102369440e+01,2.936272795336185482e+01,2.973115323469318128e+01,3.021516761111053029e+01,2.968498697051256840e+01,2.984984218883386120e+01,3.093621940817530458e+01,3.047329010837239593e+01,3.076574236284068320e+01,2.898627215699139015e+01,3.025023606264659293e+01,3.006093773165372340e+01
2.879672420122159338e+01,2.866898220870587011e+01,2.980629985534437765e+01,2.859382040680492310e+01,2.928481867925887627e+01,2.912429686618514779e+01,3.062745753665370785e+01,2.887434621804101198e+01,2.925124976395289877e+01,2.908863367121608690e+01,3.060259002947725548e+01,2.909691564680400688e+01,2.901821134875768848e+01,2.959577105697007937e+01,2.982530510039276805e+01,3.005919910511261151e+01,2.971685190963478362e+01,3.065469923565262889e+01,3.015820374078077748e+01,3.051623987746131661e+01,3.131475690174454485e+01,2.949989523084707344e+01,2.965114544852269773e+01,3.035284160729906944e+01
2.946050740699519110e+01,2.912115733146640650e+01,3.016174834890796319e+01,2.985652777544180481e+01,2.833816268693470874e+01,2.904900867288193922e+01,2.911324318762552821e+01,2.988945393210968859e+01,3.018959415736981100e+01,3.031418443050733913e+01,2.953155093281509380e+01,2.921461207354457201e+01,2.969950016413076810e+01,2.981024771561266107e+01,2.863165207562053638e+01,2.942081293199174752e+01,3.004453991665565127e+01,2.995622566922480701e+01,2.934367853579692564e+01,3.021927600478710474e+01,2.959419446549770782e+01,2.958888119935488703e+01,2.948290513740823826e+01,3.051085399891144334e+01
3.090953247079670518e+01,3.018818668307540065e+01,2.857715497733778420e+01,2.981940846219902141e+01,2.917970192247315708e+01,2.994372696339723916e+01,2.921350571052647638e+01,3.016542397117927976e+01,3.003346313587047689e+01,2.977632015525773568e+01,3.036429943246179164e+01,2.990599223813211438e+01,2.877377429609566661e+01,2.924870123759353646e+01,3.030823498683395201e+01,2.946000995831144564e+01,2.979485833920705318e+01,2.968167161915630459e+01,3.028507268514749740e+01,3.012952986179112713e+01,2.974839578189727263e+01,3.025748491219957259e+01,2.933087324172970511e+01,3.093676827130474294e+01
2.894570672503294873e+01,2.937058010491716686e+01,3.034697112980552447e+01,3.009038548589211359e+01,2.956580960828631532e+01,3.003570567493653698e+01,2.910580737333214074e+01,3.003600207294221036e+01,2.991425946266485880e+01,2.969525004308229654e+01,2.850782023529382059e+01,2.966819743410297860e+01,2.935437160853609839e+01,3.036824342580877101e+01,3.013515127007360661e+01,2.987272091390576634e+01,3.008711668434096964e+01,2.997122489099115228e+01,3.088356326867682355e+01,2.897059633412641233e+01,3.017485806665717973e+01,3.013473547989957524e+01,3.041442598664372099e+01,3.062917594085513429e+01
2.987988493872398976e+01,2.912429686618514779e+01,2.898040103696075676e+01,2.971539992933918484e+01,2.937049907131591908e+01,2.995121196373679595e+01,3.066579470732204982e+01,2.941086950960078639e+01,2.980206527093315572e+01,2.945632912881967513e+01,2.895895861611734290e+01,2.913318623920480377e+01,2.976218707459918278e+01,3.025048816385560713e+01,2.985011843305414914e+01,3.000252789836338252e+01,2.954173965641717814e+01,3.037888717732465693e+01,3.032075386069283240e+01,2.891863194726397523e+01,3.028165759088847153e+01,3.062486202053338502e+01,3.009545612731193387e+01,2.918020710253671268e+01
2.934684630737842781e+01,2.951191588909341590e+01,2.978808400199915241e+01,2.976241129028960586e+01,2.972135372108550655e+01,2.979725640931582120e+01,2.941907653956542390e+01,2.950158615380360061e+01,2.901306232102439253e+01,3.000930337612828680e+01,2.965442952313185287e+01,2.969498702891269204e+01,3.003388198238150153e+01,2.973452733640385759e+01,2.881066191002582855e+01,2.992000361722523394e+01,2.945459247048870566e+01,2.921317234304711974e+01,2.948803994160920183e+01,3.039584362520463401e+01,3.018751130149320261e+01,2.876246686395711549e+01,3.009001790175727820e+01,3.034221256323644411e+01
3.049159287408025421e+01,2.904267615260482671e+01,2.947458644997868760e+01,2.950879724688928718e+01,2.965213529536640635e+01,2.972237165764948941e+01,3.010024747049169491e+01,2.991749350176633016e+01,2.892060539728510093e+01,2.886947161279107377e+01,2.943136510795926597e+01,3.018162762832514545e+01,2.932361164757594452e+01,2.955996070755713845e+01,2.921768218450836230e+01,2.945584357256996100e+01,2.993926806303187504e+01,2.997991542675157461e+01,3.007775196494384318e+01,3.012297509041803778e+01,3.106740451670083303e+01,2.971028533889352730e+01,3.014202206678675111e+01,3.086763210102344601e+01
2.937261203613780935e+01,2.957497049817186507e+01,3.028240048008063923e+01,2.979635081975226285e+01,3.081387551746621511e+01,3.024644841083267011e+01,2.959726984459831556e+01,2.868714240372236191e+01,2.983010535024664023e+01,2.946605871526531928e+01,2.896049555488144733e+01,2.927676270940418135e+01,2.924433430882032781e+01,2.905187426413237972e+01,2.990248693159264803e+01,2.981385908345441749e+01,2.989852780884922367e+01,3.028465683838129507e+01,3.124534722750917126e+01,2.998138842529823478e+01,2.984787260088694438e+01,3.066859772360550096e+01,2.986485928570061787e+01,3.045009294221028995e+01
3.006343229163127262e+01,3.049239893089628595e+01,2.943773662954379233e+01,3.001618582449827954e+01,2.986552051770490834e+01,3.012332553120717193e+01,2.968803893401559435e+01,2.923831013475262353e+01,2.963048956576324144e+01,2.980436997143749522e+01,3.003804085970040205e+01,2.937723203686999796e+01,3.030514296175232403e+01,3.024880842437221418e+01,2.893943958022600782e+01,3.038303264165415385e+01,3.003148241902118798e+01,3.031776589613207307e+01,3.070533874678420716e+01,3.069205336528108319e+01,3.052652379231960822e+01,3.048289965273170310e+01,3.021572601913914013e+01,3.062521376908483717e+01
3.005486309955750812e+01,2.900284667189214360e+01,2.923091921282758676e+01,2.984835031909881309e+01,2.981202911695419289e+01,2.898431181627711339e+01,2.929212718503760016e+01,2.909191152463290564e+01,3.024175200005487341e+01,2.963917156409308973e+01,2.940241200716042158e+01,2.965610599147919402e+01,2.966750355421390850e+01,2.993444925891890307e+01,3.104452331875808113e+01,3.066499813672413666e+01,3.133731236527927422e+01,3.020750013032261450e+01,3.066801883342094470e+01,3.070202867157570381e+01,3.061768686695432962e+01,3.098017731589015966e+01,3.185200160122644775e+01,3.034158169991133036e+01
2.995582568061058737e+01,2.972169238316706696e+01,2.882916182443346997e+01,2.973824267101042551e+01,2.908146932090340897e+01,2.938826667154177130e+01,2.908491303555007335e+01,2.958036862457748839e+01,2.983429635505427768e+01,2.996250039041518676e+01,2.900952199140624543e+01,2.956179544742155940e+01,3.016308576373660344e+01,3.023637119651601779e+01,3.116405587428107538e+01,3.121436252112727061e+01,3.075201070967375472e+01,3.137078215194219410e+01,3.133216431339076280e+01,3.104936114070727626e+01,3.175773437986362069e+01,3.132747167811180589e+01,3.068963505930543079e+01,3.139538809216787740e+01
2.979415600912682294e+01,2.955823729109789610e+01,2.948496288193632608e+01,2.941755505733152631e+01,3.018114579087563243e+01,2.975379881707141294e+01,2.953641316301633424e+01,2.935782622126384922e+01,2.943858545590239828e+01,2.952938117211522240e+01,3.001207925919214858e+01,2.966078362578997485e+01,2.947740538249905740e+01,3.050174716006989684e+01,3.032120146826696327e+01,3.156235129809289219e+01,3.129266019836290980e+01,3.125542787468396000e+01,3.095886865439041458e+01,3.199000939699527635e+01,3.094931544199994278e+01,3.209744619682385292e+01,3.157752784345257169e+01,3.142495015511423162e+01
2.959087027011446480e+01,2.908833423805492657e+01,2.932078402047903865e+01,2.953116256356054237e+01,2.928399014313725957e+01,2.871934826861098600e+01,3.015002015642602373e+01,2.840717277124656448e+01,3.008796213460283298e+01,3.024734021261201633e+01,2.898328843876271321e+01,3.013726826955672777e+01,3.043769742369357800e+01,2.982015217226575032e+01,2.950844965922584606e+01,3.060637791554722753e+01,3.046776504980505251e+01,3.028360368849683937e+01,3.060458868944425603e+01,3.042337595924931293e+01,2.999791735182560615e+01,3.043240221505374166e+01,2.977449786353668060e+01,2.983231620192293576e+01
3.023067070466237283e+01,2.977239859085113949e+01,3.022371781987646955e+01,2.972277754071876643e+01,2.973796321255059638e+01,2.944122006851443984e+01,2.918479017306003698e+01,2.935855214874811736e+01,2.941081384618109951e+01,2.964635876796984348e+01,2.940258039351510888e+01,2.882770103267091599e+01,3.033004060880944053e+01,3.025446519634795095e+01,3.085670390979515787e+01,2.975598798317167848e+01,3.059154629941991743e+01,2.960875412128922335e+01,2.995896405882268709e+01,2.903902847580599200e+01,3.068205751364735079e+01,2.983156069640062924e+01,3.061908148678276120e+01,3.039760347628350701e+01
2.880256031406088368e+01,2.935415045890073316e+01,2.899582234656043056e+01,2.948598130253134286e+01,2.922645477363232658e+01,2.973926650065692456e+01,2.932665729745423278e+01,2.961071173102953935e+01,2.995896424374842582e+01,2.988728968200916825e+01,2.998736231492114257e+01,2.975314825474919189e+01,3.296440594489337172e+01,3.364414518995289427e+01,3.373978292355292297e+01,3.364473294599753217e+01,3.021456836723643846e+01,2.924134969072207468e+01,2.924745420825638575e+01,2.940340880007556734e+01,3.050756276362750441e+01,2.993402922351862117e+01,3.037961437361326489e+01,3.016760147753092269e+01
2.933383020020852427e+01,2.918003091150740147e+01,3.063799675728733973e+01,2.928765004640899861e+01,2.931859275771250850e+01,2.966280514520980205e+01,2.985792453996293716e+01,2.966172561135755359e+01,2.938803983558693744e+01,3.029776897002346914e+01,3.041651898186324843e+01,2.952726281684005016e+01,3.323373155555094627e+01,3.455059185533838217e+01,3.518853241173945889e+01,3.465640711836823584e+01,3.091247709747415229e+01,3.001329370848173994e+01,3.049811959880776158e+01,3.010799886237930423e+01,2.955676561447791073e+01,3.070778758593229441e+01,3.062596366831076011e+01,3.047319113878768349e+01
2.997748284710650069e+01,2.945692808744007607e+01,3.041050994958908404e+01,2.932072857613417227e+01,2.885685941456750925e+01,3.029167801040352970e+01,2.851785633717099699e+01,2.921437954774592072e+01,2.936454719402416913e+01,3.037193255173440321e+01,3.056963651871166121e+01,3.035882586440357045e+01,3.371728650078028977e+01,3.495100275084217856e+01,3.451800028184612756e+01,3.479670025461177829e+01,3.143318432532407769e+01,3.060349909717467654e+01,2.990993520427258545e+01,3.005667726871297418e+01,3.053294685406291364e+01,3.065605156365410267e+01,2.979855806158315090e+01,2.959268844286481226e+01
2.958460768749557701e+01,3.008972743080516921e+01,2.892804354581983262e+01,2.903555786345850720e+01,2.960943240658542663e+01,2.990179898746163190e+01,2.919677670614714771e+01,2.941955640867143984e+01,2.927710738868188400e+01,3.016687650851258695e+01,2.909287031548478808e+01,2.985157848701612693e+01,3.324595572931576726e+01,3.471063983211314508e+01,3.391864218369772743e+01,3.408603026149495463e+01,2.953219837287520022e+01,2.922729077332377301e+01,3.020672236767029517e+01,3.021471987359649347e+01,3.040320475377558296e+01,2.938281140983991691e+01,3.029815933613991774e+01,3.009517801398862957e+01
3.025114601641479339e+01,2.970235626089129255e+01,3.028647803461524290e+01,2.950879724688928718e+01,2.989609215313964796e+01,2.981876482500729253e+01,2.950359813297421852e+01,2.960475694639791300e+01,3.003423365203190087e+01,3.046145881708144998e+01,2.893654022148871263e+01,3.125891876104316225e+01,3.111491002040759213e+01,3.415987693845369222e+01,3.443163964330284443e+01,3.290800735061702653e+01,2.980175401348213882e+01,3.044490753098818914e+01,3.023947328348640440e+01,3.018219673108097822e+01,3.085238533044793030e+01,3.081541487860573625e+01,2.995212312913065489e+01,3.050895468311477998e+01
3.022497333727926616e+01,3.019528443731547895e+01,2.945657278530268286e+01,2.946810092015709870e+01,2.943201747172832938e+01,2.978330480316026296e+01,2.992379277067652765e+01,3.053682233982789285e+01,3.052556736722789310e+01,2.920974925338822459e+01,3.071902889242193169e+01,3.079013528978447312e+01,3.339968592122892233e+01,3.436379221626566505e+01,3.382449036984871782e+01,3.320677678677537870e+01,3.154634309698684547e+01,3.055853251418176342e+01,3.098262760995044118e+01,3.042241881152438054e+01,3.011295311025270394e+01,3.005385776529425357e+01,3.008601499474048069e+01,3.026762055690034003e+01
3.037802057389103538e+01,2.960940727289965935e+01,2.979480318983820553e+01,2.919443465555502826e+01,2.930419355721852526e+01,2.967737486645205536e+01,3.017779544635970979e+01,2.956863197298338264e+01,3.015337967229635296e+01,3.165677221609092840e+01,3.198882797650117027e+01,3.225034286369213987e+01,3.226178041741036395e+01,3.307991014798204787e+01,3.261115803509062516e+01,3.219825130475845754e+01,3.194496977572248397e+01,3.177098882284906267e+01,3.146462472326226134e+01,2.995491150645636935e+01,3.102046569846254442e+01,3.027453525819220204e+01,3.040840264773015633e+01,3.042158041632688992e+01
3.005551667016271722e+01,2.934164869809313814e+01,3.036237257210399321e+01,3.066338585805226558e+01,2.959292151618177513e+01,3.028158532247317680e+01,3.045278747463157742e+01,3.011017675712929531e+01,3.097724606350732302e+01,3.194988106913535830e+01,3.187591642299111072e+01,3.240250974762750502e+01,3.214074928762806849e+01,3.254611475726375147e+01,3.175901698594634581e+01,3.159210933095641849e+01,3.192629810104028820e+01,3.159058942917943114e+01,3.109638317208333547e+01,3.110426465608890112e+01,3.113685847198735246e+01,3.039486539956089928e+01,3.012079819561597560e+01,3.025918961319183609e+01
2.875663268095433978e+01,2.897741475914494913e+01,3.014947341444764106e+01,3.091143361284338198e+01,3.073360616464873374e+01,3.026785848960878411e+01,2.997530146138490181e+01,3.140386132738029801e+01,3.196243469873610366e+01,3.258329928512279139e+01,3.141394073069034221e+01,3.182617260661766068e+01,3.217247198850833456e+01,3.186919912075080674e+01,3.223985051481207620e+01,3.213394971204672856e+01,3.268471050891207597e+01,3.254006973143543746e+01,3.252168212783760737e+01,3.320381381390893694e+01,3.174348294566812001e+01,3.102335402388285956e+01,3.115573372889252823e+01,3.123082141208061557e+01
2.965466115703588912e+01,3.083611977294884809e+01,3.110055912184094495e+01,3.250783515494077847e+01,3.251183190889213392e+01,3.143896257777788605e+01,3.304499268166023285e+01,3.365916376880693406e+01,3.297494529987301348e+01,3.265530118912698754e+01,3.194686739492601646e+01,3.263157902734991467e+01,3.252028007161482037e+01,3.210476188782433837e+01,3.180447299982392906e+01,3.209659371506074876e+01,3.250790792030920784e+01,3.334317237787172417e+01,3.309451744218745262e+01,3.284627046827665708e+01,3.086763798833146666e+01,3.117681103591075953e+01,3.179263088575356733e+01,3.096270570844365011e+01
3.037726271742684503e+01,3.159162752958110332e+01,3.261917299263342329e+01,3.365640244884684762e+01,3.129446467382177843e+01,3.303321679101270547e+01,3.342891384735037263e+01,3.354084745651874755e+01,3.245111122995638198e+01,3.237187569163768330e+01,3.268709224259976054e+01,3.155530323333670140e+01,3.114367616548310025e+01,3.161058592399427880e+01,3.149373035767814599e+01,3.201784083504088585e+01,3.242544323996094136e+01,3.214615903591959523e+01,3.343256743527979324e+01,3.369950114226975302e+01,3.152435734285421631e+01,3.100988731135521448e+01,3.081774718888812004e+01,3.065724888750321497e+01
3.098619417304456647e+01,3.060576308119715350e+01,3.195216711192273351e+01,3.230153635733603323e+01,3.197098000108837823e+01,3.189251633135995689e+01,3.286554094511012636e+01,3.257354905311837001e+01,3.225773098001565131e+01,3.065229014778515193e+01,3.218222702544511549e+01,3.124126280451889670e+01,3.243248605408507501e+01,3.134266628860217452e+01,3.164659076306679708e+01,3.221044168147437858e+01,3.101848698816922933e+01,3.253524549171538638e+01,3.360194280119316090e+01,3.398011270616234469e+01,3.087909671001415290e+01,3.165948560871942163e+01,3.231887639843591842e+01,3.174432883521586746e+01
2.859308754044263878e+01,3.166681887577709631e+01,3.000426796442553723e+01,3.112626399931627930e+01,3.199146212295926262e+01,3.329625899903487607e+01,3.351742005720723228e+01,3.388473304359513349e+01,3.427647006169007682e+01,3.375670360562298811e+01,3.193338159834343060e+01,3.166246854565787316e+01,3.223016068676037094e+01,3.192593282654189579e+01,3.175803163049590694e+01,3.203132237048356501e+01,3.190164517158007129e+01,3.321977629023706413e+01,3.473260857364726917e+01,3.316309391484480784e+01,3.402532475503204523e+01,3.235003987477466580e+01,3.155187507972982530e+01,3.127126890943571880e+01
2.970433398493617005e+01,3.067919401414934555e+01,3.095572687211915763e+01,3.193356246449025093e+01,3.208473351036809618e+01,3.285715435979756194e+01,3.382206262103977679e+01,3.387803502610523765e+01,3.393173125107659871e+01,3.344565794467581554e+01,3.234093389802961838e+01,3.197989680304465310e+01,3.225854618908118709e+01,3.218130133646576496e+01,3.258115427880193238e+01,3.252442070532026719e+01,3.338725825181575146e+01,3.292891692121236247e+01,3.418683676048323150e+01,3.507014050054351628e+01,3.268495837402440429e+01,3.305153102034120138e+01,3.187016790162493862e+01,3.225647815124960971e+01
