2.733150864252678502e+01,2.751884573955294400e+01,2.758125426128384561e+01,2.693672240393050288e+01,2.700481704715843989e+01,2.637513165927663294e+01,2.675164701093746089e+01,2.767911793516100261e+01,2.803462026729238232e+01,2.827075956381929700e+01,2.836746954364224393e+01,2.745558958912226899e+01,2.794957235484366720e+01,2.709581601881990309e+01,2.871200379379729384e+01,2.730336333237727331e+01,2.834053385658341995e+01,2.877119748745400329e+01,2.854984101840881294e+01,2.801203348524779813e+01,2.775873102750881571e+01,2.869917198756871812e+01,2.764826443653100796e+01,2.788687099299141892e+01
2.626342509426530114e+01,2.731545109264641269e+01,2.857856920978127846e+01,2.743136483658889802e+01,2.745350862915069001e+01,2.633975705514654919e+01,2.724788696890868778e+01,2.780374564487112821e+01,2.742667192284562816e+01,2.866694696128382702e+01,2.667908317589035505e+01,2.659965874914900041e+01,2.672902645031933844e+01,2.647666305119003027e+01,2.724977857775411394e+01,2.797723908327833442e+01,2.664785654612336430e+01,2.734721282375141982e+01,2.701458089328338019e+01,2.792611993201211362e+01,2.705832240309217696e+01,2.856228210819830338e+01,2.790983326086995930e+01,2.835052265390999082e+01
2.621305085193023388e+01,2.624164565698453089e+01,2.679535515719999239e+01,2.775359571902311018e+01,2.742695162370057460e+01,2.786360231845037561e+01,2.762530978114602931e+01,2.723462280604121588e+01,2.699441366705087830e+01,2.782543492761601556e+01,2.754236552718521125e+01,2.705928353764852545e+01,2.742821658845969068e+01,2.775789656513177306e+01,2.791837530225961927e+01,2.700371379708673203e+01,2.704013701533529002e+01,2.775913635272081592e+01,2.763019523308673797e+01,2.661459038213735084e+01,2.834138275402631280e+01,2.802115870615659787e+01,2.770940729685946735e+01,2.699840690869910986e+01
2.676409061480029550e+01,2.678692882095919003e+01,2.856840145158111000e+01,2.787695812241247495e+01,2.733336952035256218e+01,2.704872713756031999e+01,2.816295395862977102e+01,2.899872450828752335e+01,2.788302609468496485e+01,2.659286110870021957e+01,2.793136168663386343e+01,2.740390566206997391e+01,2.630985109989171633e+01,2.763571257569446971e+01,2.800320747729216464e+01,2.827951924652438720e+01,2.794843939723955373e+01,2.829546778984030198e+01,2.773038614027001358e+01,2.743231578118525249e+01,2.790907590683053741e+01,2.779084490498473770e+01,2.794968916270704540e+01,2.839236187240248910e+01
2.781893325455052945e+01,2.700736754943579854e+01,2.731172055093594508e+01,2.699795642053936717e+01,2.664782288617601580e+01,2.694363889023145475e+01,2.773792582985811350e+01,2.618578311064464970e+01,2.755936055565041443e+01,2.741196864434652980e+01,2.681287618234028969e+01,2.760578119425525756e+01,2.733087497441152891e+01,2.735863987416627197e+01,2.703353871363759708e+01,2.746574111394221518e+01,2.783677370589020938e+01,2.783369231867942517e+01,2.766553267265408067e+01,2.743154323497225278e+01,2.857277730661854775e+01,2.773669436413001677e+01,2.848347814631006258e+01,2.727301736072297444e+01
2.780567498737320875e+01,2.677366422049038874e+01,2.682416569232844950e+01,2.805835650171781026e+01,2.740787897361849446e+01,2.729964753317057102e+01,2.677899259545421273e+01,2.797424639243325828e+01,2.735509903752006267e+01,2.805984059219662186e+01,2.713775250814751416e+01,2.774185333078821714e+01,2.786752540439675840e+01,2.796438347619880460e+01,2.696736256615935190e+01,2.737514836696794873e+01,2.762971531838354622e+01,2.713041182154529452e+01,2.842763852579366812e+01,2.812903760890571903e+01,2.709536337510496651e+01,2.704910241506456714e+01,2.706414285343419124e+01,2.700180448181072279e+01
2.838161669811535148e+01,2.724612477569792190e+01,2.546877930112691502e+01,2.764688334551163962e+01,2.681975228928575916e+01,2.703782957507604578e+01,2.752156024307373627e+01,2.755445565497643656e+01,2.781254447163212262e+01,2.738532906748434925e+01,2.689178502973601326e+01,2.736238736408546401e+01,2.785721057951047896e+01,2.651799499153770512e+01,2.760120639198430581e+01,2.673683558803406868e+01,2.702626801160982950e+01,2.747680563595304193e+01,2.843912702248752566e+01,2.733664268385024343e+01,2.708795632429871603e+01,2.681637884319405885e+01,2.715785095805046012e+01,2.713617345631894295e+01
2.711218884803986384e+01,2.799001426439912166e+01,2.773887884414119753e+01,2.688045696645752969e+01,2.667579723711202178e+01,2.756519750538012659e+01,2.685211267938728952e+01,2.646993960116509470e+01,2.679340638207480652e+01,2.749743253197067361e+01,2.723962475997711863e+01,2.658871535649763018e+01,2.773374729519900939e+01,2.730153183590090293e+01,2.743216823102562785e+01,2.770227953259404785e+01,2.681178222008389866e+01,2.832932754912366136e+01,2.888325752996621532e+01,2.728618678937556297e+01,2.793556309240085511e+01,2.767278803778697238e+01,2.769107275019541703e+01,2.685795691144505781e+01
2.851925882533424783e+01,2.777820416855047370e+01,2.705466842502130476e+01,2.666121202954468572e+01,2.769516738558070301e+01,2.679883226137923202e+01,2.662658549935827068e+01,2.722582918947131247e+01,2.746562637888439440e+01,2.659298183020274564e+01,2.629583841573634118e+01,2.701771400274816415e+01,2.696411462593442820e+01,2.642888741143150355e+01,2.773009836618678037e+01,2.666405700245650223e+01,2.724649832084469381e+01,2.705455882123663969e+01,2.712254130058772716e+01,2.783085938590551223e+01,2.773020131471270133e+01,2.770627845366999509e+01,2.743392129529644308e+01,2.668208804991894567e+01
2.862515721761798204e+01,2.649963248647929959e+01,2.689653784479298793e+01,2.767660526993921621e+01,2.751796566170196456e+01,2.704653137704355004e+01,2.725853067508080585e+01,2.734731263351972075e+01,2.633124044832356958e+01,2.734767791838493167e+01,2.719097084887806659e+01,2.722883974062608559e+01,2.625235605880880030e+01,2.748319239840145656e+01,2.671576250879445524e+01,2.713939437068938787e+01,2.683994577054744468e+01,2.692319716188779921e+01,2.646029381153931581e+01,2.754952520290140683e+01,2.656094157890890983e+01,2.783163424592800084e+01,2.728567164285641411e+01,2.769809029181203641e+01
2.668340120014420336e+01,2.587738940659261289e+01,2.638918010420354676e+01,2.705717126593134481e+01,2.628847551810986261e+01,2.603197303982119593e+01,2.657163260651088876e+01,2.624162774585761326e+01,2.714180798307324949e+01,2.622038515951129511e+01,2.680453536123201275e+01,2.741464418444081730e+01,2.670987857788776410e+01,2.644517543569349982e+01,2.678293878929258653e+01,2.686589151651770635e+01,2.713846637819165153e+01,2.700869403221247467e+01,2.744096978560816069e+01,2.801022341849102304e+01,2.765523039628305924e+01,2.753772229589463905e+01,2.678542655012620344e+01,2.770021114317728461e+01
2.618592472753789480e+01,2.765031508892917600e+01,2.666595988152681684e+01,2.639721714610556091e+01,2.621197432524826354e+01,2.732772786032944623e+01,2.708489351501225428e+01,2.705844314901958114e+01,2.632095371130128569e+01,2.752810365804879211e+01,2.652646816446383582e+01,2.632913231628884887e+01,2.598465300812171108e+01,2.781432451691267715e+01,2.680346258178548169e+01,2.722308571900248353e+01,2.662104219335571997e+01,2.802756308430377885e+01,2.880391229027384270e+01,2.854296057547259124e+01,2.824949988616231167e+01,2.782178765223994787e+01,2.803540511808046176e+01,2.951300836597772559e+01
2.738639078577608643e+01,2.729497190223378311e+01,2.626637882839287386e+01,2.634493642207513631e+01,2.642455057673362262e+01,2.655284644150833628e+01,2.618731293915755032e+01,2.593088245558988092e+01,2.632868726514891478e+01,2.653334963709727390e+01,2.643031445008091396e+01,2.663211380119207661e+01,2.713391190468257719e+01,2.693392109099841036e+01,2.787778873397007828e+01,2.686576907548186455e+01,2.813767687602233991e+01,2.760451155215542940e+01,2.896718916645994568e+01,2.810642107381505639e+01,2.716640183488613047e+01,2.746384754471688439e+01,2.786942707107260730e+01,2.719426405495545396e+01
2.716499200616169674e+01,2.631231436300669202e+01,2.665355348771072386e+01,2.711146250085676002e+01,2.657671271620637299e+01,2.646422511117901877e+01,2.664040888407816965e+01,2.573725862772761275e+01,2.579711093409821387e+01,2.656115164715100718e+01,2.596474977567908127e+01,2.587571544103400356e+01,2.632580052826745032e+01,2.790777736693104316e+01,2.687722428858484136e+01,2.781308084994776664e+01,2.729096698530059939e+01,2.830697431168880485e+01,2.641280402312560227e+01,2.762208411587749879e+01,2.675884991502312005e+01,2.798855589390217347e+01,2.703355370121772694e+01,2.834177395795688881e+01
2.644822709391939952e+01,2.567397034200359940e+01,2.697469710407398225e+01,2.791944615570827182e+01,2.708986301187962908e+01,2.742737353565593139e+01,2.678120515780130972e+01,2.660510396551774193e+01,2.725041207848261138e+01,2.671831574449663549e+01,2.592495656226287792e+01,2.667358193908916064e+01,2.677193101628654404e+01,2.703311015263875561e+01,2.730438272930274479e+01,2.584473326007923788e+01,2.784743170233861065e+01,2.831491387539432480e+01,2.737288858666101987e+01,2.794433830275443142e+01,2.735740470703450455e+01,2.726391441108097524e+01,2.742258918242998789e+01,2.721811663144512750e+01
2.688833765122740260e+01,2.648213211465747463e+01,2.783394169120776951e+01,2.683998187278319847e+01,2.679172495041058255e+01,2.655158954595844989e+01,2.708853753822711496e+01,2.708346174657020811e+01,2.719777314717481431e+01,2.712292209801734089e+01,2.680774356032378591e+01,2.694913947984736069e+01,2.677602687283831528e+01,2.781643233343993415e+01,2.681818257124405136e+01,2.693748373723951772e+01,2.693085642969106175e+01,2.789187914979652305e+01,2.789334780849731033e+01,2.775217241392732603e+01,2.868097880193653282e+01,2.722110725435067025e+01,2.632474260529284038e+01,2.779161026936617418e+01
2.711577011912515900e+01,2.568040011876070139e+01,2.728738080602869331e+01,2.697431583172573255e+01,2.644752504172345198e+01,2.625439884517106748e+01,2.652242260681651942e+01,2.683362353146929991e+01,2.718526556515894299e+01,2.652874011722735759e+01,2.691706963233485794e+01,2.660670036339598710e+01,2.710193625753890956e+01,2.682561501833851025e+01,2.648659793468766566e+01,2.646985916084804558e+01,2.705670364821617113e+01,2.686962094754710506e+01,2.820679816249770511e+01,2.751728560037372517e+01,2.857614778449902815e+01,2.780916426227406646e+01,2.744574336053534580e+01,2.732375322356534753e+01
2.582574756473201205e+01,2.637945459241376511e+01,2.611895076553378203e+01,2.675941871622285362e+01,2.562816188641318149e+01,2.695209849072131192e+01,2.745327563657195924e+01,2.761985031621696862e+01,2.634582634716286975e+01,2.693045038293729476e+01,2.533924821316753651e+01,2.592456633413303280e+01,2.568451251462192886e+01,2.626659280546914488e+01,2.655332603460897190e+01,2.606983632471377632e+01,2.722446499324115621e+01,2.669945290920588832e+01,2.739094505616372999e+01,2.829759163227390673e+01,2.702542538520742710e+01,2.787544790918542503e+01,2.687558644068735703e+01,2.769403124815221418e+01
2.767372260470818901e+01,2.629280906196453316e+01,2.694011616504877793e+01,2.727978989380852681e+01,2.688103176198831079e+01,2.617107535004203100e+01,2.632175782219178473e+01,2.682001737183122714e+01,2.735284183411272352e+01,2.678818458166034588e+01,2.670024751960517051e+01,2.614375203599348652e+01,2.654154426446353909e+01,2.610851396806873481e+01,2.766104182946241963e+01,2.608041386073489321e+01,2.830618583314844727e+01,2.766636305656913919e+01,2.782835848439458459e+01,2.782441808966626695e+01,2.714200213815342977e+01,2.779221383109114640e+01,2.837922348456521604e+01,2.780066017597317796e+01
2.659884364076981456e+01,2.745791768509218400e+01,2.520173204686807367e+01,2.594834351762875713e+01,2.695605740088177527e+01,2.658380089014571013e+01,2.617730054959793051e+01,2.738237998482816238e+01,2.644342326727382897e+01,2.703881236292994572e+01,2.642891489990182663e+01,2.673188032567873051e+01,2.652365790878820917e+01,2.657453017300576903e+01,2.682028464668582046e+01,2.709177595034418573e+01,2.714736872761631048e+01,2.842902963180267761e+01,2.702405207331361225e+01,2.747241074368048430e+01,2.760817093920877596e+01,2.769921907618584100e+01,2.807700205109807712e+01,2.734129049453895277e+01
2.604913119778979080e+01,2.558583988858094926e+01,2.726248192296139905e+01,2.655844508085220923e+01,2.794633826139516941e+01,2.600316751770986912e+01,2.707758780905999174e+01,2.567020487048444011e+01,2.693541102526296527e+01,2.714174677308113814e+01,2.610953289955835999e+01,2.627073374717542720e+01,2.660776933066091487e+01,2.578013244909510604e+01,2.696868013247092222e+01,2.644162244213015356e+01,2.786330596399665183e+01,2.769663173896492481e+01,2.748665688280465247e+01,2.712789832377927723e+01,2.822011776383811821e+01,2.764733010114940726e+01,2.796753233749956280e+01,2.646532315074426833e+01
2.705544254502382273e+01,2.720149411512204551e+01,2.534789828942092527e+01,2.737412757084734949e+01,2.671684053222901412e+01,2.647985578174075272e+01,2.653758661041052846e+01,2.746895805349993225e+01,2.716567018796604316e+01,2.667708530477585782e+01,2.598883620968121022e+01,2.676438153965040101e+01,2.684311652721692099e+01,2.671543996130037613e+01,2.622075776241138101e+01,2.742513148655757504e+01,2.763388343531607916e+01,2.764779173865167650e+01,2.742477510839205479e+01,2.827662773866643420e+01,2.792629133719066203e+01,2.810931675326827417e+01,2.811066698207980608e+01,2.897403112787685586e+01
2.662082513242188497e+01,2.695359210905689906e+01,2.644452298917116195e+01,2.782971383170053059e+01,2.730827882238924076e+01,2.576493635503567248e+01,2.713251771989968120e+01,2.652813269840743260e+01,2.609086653920797971e+01,2.584124622037870722e+01,2.608518678161158277e+01,2.638065934785271338e+01,2.661521228786193660e+01,2.601399088547441352e+01,2.642947950974632931e+01,2.744338104499615838e+01,2.837191692136167376e+01,2.744421888798945020e+01,2.809016908951531377e+01,2.767362027286145576e+01,2.886753019837192369e+01,2.864783846438461978e+01,2.921316960956664843e+01,2.809691102403695595e+01
2.630823689818106459e+01,2.697994747439770435e+01,2.635016577409385263e+01,2.697908990140939522e+01,2.643798383325884060e+01,2.699957152711141362e+01,2.719616018006223612e+01,2.710480750569621478e+01,2.610155936267523202e+01,2.653985666670234878e+01,2.649669622502875654e+01,2.640873408464972272e+01,2.657168756552596278e+01,2.641693227096078544e+01,2.716047400119526856e+01,2.860909215610831779e+01,2.873969240550638915e+01,2.842402354558538491e+01,2.849598759554459093e+01,2.844483566295230048e+01,2.902602102850170240e+01,2.930583100272883712e+01,2.879586771840718029e+01,2.800119103680953003e+01
2.690432630524998103e+01,2.597191734629194571e+01,2.706068485372748000e+01,2.689387586284095732e+01,2.745073622087829790e+01,2.673089186239940318e+01,2.816570072921444989e+01,2.608665022359298291e+01,2.781125543506271924e+01,2.612514584027053388e+01,2.649547608778760832e+01,2.644835934127007704e+01,2.686991269021592643e+01,2.722308741086288819e+01,2.793717461147468839e+01,2.753013308535332726e+01,2.933161454686904790e+01,2.847119969814565366e+01,2.949981021712028451e+01,2.869058944714049630e+01,2.956578291534623304e+01,2.972155749186345020e+01,2.754125620498575699e+01,2.773930004447532838e+01
2.672149435360086045e+01,2.711509602778357930e+01,2.699919428439312696e+01,2.775289211458277805e+01,2.715276924240345124e+01,2.805036292170950674e+01,2.697545654535531412e+01,2.791873659932042528e+01,2.790975714567537125e+01,2.709948095971117255e+01,2.745478164479169436e+01,2.818228447343722110e+01,2.699577842602178634e+01,2.813009889051130585e+01,2.736363479620155204e+01,2.842402354558538491e+01,2.841661261627706381e+01,2.840968982578601754e+01,2.912189298422549655e+01,2.965293542537182248e+01,2.894296650236447022e+01,2.946611009583381247e+01,2.824662604551554068e+01,2.816062462534290489e+01
2.846647938397893540e+01,2.623211218100243514e+01,2.729694329342873971e+01,2.686471089057937434e+01,2.660291597741968417e+01,2.718073120609096804e+01,2.730651979823528563e+01,2.783948244660820137e+01,2.727908330082323118e+01,2.871547878655894692e+01,2.757486105316831981e+01,2.783869118460103209e+01,2.801919758874851141e+01,2.679802189537673485e+01,2.790065818161917832e+01,2.725315525445699905e+01,2.850859707058020831e+01,2.928138799547798499e+01,2.935178464728795689e+01,2.909645492373164188e+01,2.848825630726105373e+01,2.852860681424687073e+01,2.759984078058749901e+01,2.723771359955577509e+01
2.680626457968031673e+01,2.759518560002305776e+01,2.737638683525784700e+01,2.565491351341597692e+01,2.676601081060994147e+01,2.653524764940050318e+01,2.731722160929348320e+01,2.782645706095098603e+01,2.777453268578352663e+01,2.708894949891379156e+01,2.732907991587029528e+01,2.825198666322791041e+01,2.795112888646730198e+01,2.863918233233619048e+01,2.758207416088259833e+01,2.861726550513304801e+01,2.791075303639888716e+01,2.913201918800609747e+01,2.876426885524625732e+01,2.867921929045081697e+01,2.796085275536199788e+01,2.824246835121573440e+01,2.774244997048344885e+01,2.747199973022310360e+01
2.746534945152342289e+01,2.615818375970786747e+01,2.588976922423256610e+01,2.531516179806470745e+01,2.661736175614316835e+01,2.706133012905763735e+01,2.809584021674078258e+01,2.604759188388698021e+01,2.766269807857088381e+01,2.664415903185420120e+01,2.781203123342703520e+01,2.685745230112820536e+01,2.758856766706287544e+01,2.637573687560893632e+01,2.806937885572961022e+01,2.705887654483615279e+01,2.715465349592005850e+01,2.840825112546940545e+01,2.865985762806616322e+01,2.753911025390272016e+01,2.876397664524807851e+01,2.802844307563447046e+01,2.599643477521647128e+01,2.560838511299010634e+01
2.585051572844588463e+01,2.700733192057680299e+01,2.554167074501680190e+01,2.692327825773003269e+01,2.562250153376646722e+01,2.692537420673841098e+01,2.649469026142622852e+01,2.645705843422592807e+01,2.566550095433620982e+01,2.700485744234975982e+01,2.722058142217377963e+01,2.761849345138966783e+01,2.617784323673640756e+01,2.680522351226397859e+01,2.648412092271200891e+01,2.687350563294876338e+01,2.716961606329545020e+01,2.852540195785411470e+01,2.715850524768518426e+01,2.873729787269172675e+01,2.724940285984229149e+01,2.864138552145698213e+01,2.664190045046643718e+01,2.797819871580492190e+01
2.594350169324661692e+01,2.678716005658179711e+01,2.779006683353543394e+01,2.679460628244078180e+01,2.594107853307923506e+01,2.533523263639364131e+01,2.626810892931911212e+01,2.740668986852671196e+01,2.745744458034340596e+01,2.718893629565201309e+01,2.688197837578343297e+01,2.661379495459050304e+01,2.701213928828428834e+01,2.692996100548674576e+01,2.664967760784031725e+01,2.651730239185428672e+01,2.780361487426426947e+01,2.834927960371322797e+01,2.833480364192598699e+01,2.840688387789208491e+01,2.733612901891643787e+01,2.804247475438626225e+01,2.799610353947326757e+01,2.768135226252553593e+01
2.537653841324379300e+01,2.593374046772532893e+01,2.698842024776575954e+01,2.685018168909385849e+01,2.548160659989326859e+01,2.641466928906288558e+01,2.669477172647339103e+01,2.708361949461118456e+01,2.769937482763157277e+01,2.700822205333946613e+01,2.825832502725450013e+01,2.789511004440691977e+01,2.636852162992528292e+01,2.816330676484614060e+01,2.703184831073082250e+01,2.762441547397639852e+01,2.657710566200665880e+01,2.822389919400052349e+01,2.871409411179058679e+01,2.808169343167122634e+01,2.650831773179237416e+01,2.708580088393409824e+01,2.705851752934694332e+01,2.815575944482367277e+01
