2.818764644728531721e+01,2.758718449555544794e+01,2.747547514754461417e+01,2.866184867595706010e+01,2.863731472778067655e+01,2.687825070416732842e+01,2.856139314562182108e+01,2.797047762893362233e+01,2.846130750618220873e+01,2.902319009479901979e+01,2.960213800364073222e+01,2.795478617280843991e+01,2.917111928542260557e+01,2.908823717046061574e+01,2.792053404928407190e+01,2.888122866072114903e+01,2.961517950433039914e+01,2.928964236489224504e+01,2.942438394862489304e+01,2.974519368269210418e+01,2.886378406934687746e+01,2.878008846897716921e+01,2.925914563177707350e+01,2.967481493793968639e+01
2.830722938055049553e+01,2.788228827991565595e+01,2.707391463280339394e+01,2.789408502238796927e+01,2.822179601493689916e+01,2.874559204569033000e+01,2.818383655009182576e+01,2.846824075611306171e+01,2.936563220443360933e+01,3.007784378846696427e+01,2.880880741979791537e+01,2.868692834635845657e+01,2.807465781572790320e+01,2.953016744862117093e+01,2.928435839839301025e+01,2.873095326286306772e+01,2.860665680384931875e+01,2.888123771067529333e+01,2.880729385882585802e+01,2.930134707431381003e+01,2.891170997056849501e+01,2.903706584443199290e+01,2.881421952816623389e+01,2.830383059276539370e+01
2.666419645216382150e+01,2.706560703688961667e+01,2.910620201547715169e+01,2.683509796507951251e+01,2.860769439669303438e+01,2.869925731529122004e+01,2.832248385775102406e+01,2.782155120426330086e+01,2.882730240947142875e+01,2.768521214470456471e+01,2.834148217852651896e+01,2.781430375333445681e+01,2.757289439221074190e+01,2.865472507612253139e+01,2.861548991229716421e+01,2.808976232285334618e+01,2.995385069325112681e+01,2.694490687294984355e+01,2.831947331827439029e+01,2.775027285993502346e+01,2.968263361779850129e+01,2.849832586344564334e+01,2.846680580823408491e+01,2.841810197930055892e+01
2.855624789596976143e+01,2.865590063848594582e+01,2.782273441354180932e+01,2.818595115049947708e+01,2.709975445791087623e+01,2.829190902613180469e+01,2.879009097654221705e+01,3.013546615499473091e+01,2.809676139658535021e+01,2.778980015821741745e+01,2.781468136930118362e+01,2.886247987918682156e+01,2.731156203975689323e+01,2.875313778039634371e+01,2.903762825102455736e+01,2.928972717068262455e+01,2.782830840321304322e+01,2.853392874952902503e+01,2.875700966647337964e+01,2.927113227622754721e+01,2.867780264567988979e+01,2.941789817935438123e+01,2.898196871411079201e+01,2.850232848894523840e+01
2.780328451840415482e+01,2.728999980875278197e+01,2.893444497981300856e+01,2.779970532023355645e+01,2.966239444478333098e+01,2.712812239536498282e+01,2.810140848115645440e+01,2.801011232412952268e+01,2.874371558281882244e+01,2.829598472764865846e+01,2.856505062503964609e+01,2.886143445525027573e+01,2.880742972731133023e+01,2.836458196844358781e+01,2.900898389482597395e+01,2.786289690542702147e+01,2.860333565687386681e+01,2.946376141405994531e+01,2.836339411920602060e+01,2.808301421802252662e+01,2.845450856732060174e+01,2.817226410541303494e+01,2.874937410761197043e+01,2.893666113110162996e+01
2.813134941089077756e+01,2.774601383157931878e+01,2.878667020247576147e+01,2.905523201820062695e+01,2.734882806649522990e+01,2.821004844569114312e+01,2.901017103705891031e+01,2.910067493846230491e+01,2.760204273237286543e+01,2.919048210772331231e+01,2.812519908497029064e+01,2.906862829720910213e+01,2.902982933681334998e+01,2.910245808372820875e+01,2.777699832471483887e+01,2.818760771090148864e+01,2.903477054773821919e+01,2.911367233909192009e+01,2.899046176624983673e+01,2.926892786959552950e+01,2.856486276476618968e+01,2.860132936715342566e+01,2.834559544365885131e+01,2.912133258861706508e+01
2.928481483128882701e+01,2.849304814315303247e+01,2.881865293250399418e+01,2.788714766874875295e+01,2.815718892206882629e+01,2.786070125910543993e+01,2.834483525075097532e+01,2.733643696455862937e+01,2.901503727915951458e+01,2.780642238974428437e+01,2.996171481760450206e+01,2.805668941160524810e+01,2.979674567318772915e+01,2.862484336326986067e+01,2.930368221720721067e+01,2.828799193318042171e+01,2.835277201041571971e+01,2.841070510369206659e+01,2.942355774428290260e+01,2.928665099798018900e+01,2.900697453411919469e+01,2.778372990164285739e+01,2.746405664562968241e+01,2.861214905443307543e+01
2.765340923882013158e+01,2.818805924068169588e+01,2.699481357861014885e+01,2.853108713883295877e+01,2.805506025103187540e+01,2.839688613857447308e+01,2.763948671074899721e+01,2.848440425831341827e+01,2.886017232989934200e+01,2.803879109267012382e+01,2.824403224435894799e+01,2.864550132060855958e+01,2.750198515140635891e+01,2.829002564280779097e+01,2.789621873926944318e+01,2.954167018073593454e+01,2.912299184729010904e+01,2.916845009305302483e+01,2.744241336590260971e+01,2.916248288201654759e+01,2.827954252998665652e+01,2.894338791724288740e+01,2.967542622055918855e+01,2.904724123358141696e+01
2.841868595165010447e+01,2.753817427959251063e+01,2.805297313443821849e+01,2.880101535233154664e+01,2.859787690048034392e+01,2.760327875576609813e+01,2.777692504368587834e+01,2.806946746745177279e+01,2.842458264054118899e+01,2.869958914197485456e+01,2.834063753997446611e+01,2.860773658030001343e+01,2.822849035874583024e+01,2.831868735959807282e+01,2.836103595160545865e+01,2.811098302533042670e+01,2.888834287829007508e+01,2.881279999489180454e+01,2.852147876564555418e+01,2.845263085183711382e+01,2.877848967970879812e+01,2.888458068984590454e+01,2.918259960080729343e+01,2.914923437304031495e+01
2.701400950962545267e+01,2.895369855999246056e+01,2.864805878848721932e+01,2.854308159401790590e+01,2.849442727470153613e+01,2.799573032108992265e+01,2.824259376194169135e+01,2.829018315498791480e+01,2.777312108442731642e+01,2.802508946726027261e+01,2.886179297774543784e+01,2.888989512238310908e+01,2.827953695718952076e+01,2.847910275504580113e+01,2.859775114918778627e+01,2.899723796185031688e+01,2.723220528607578217e+01,2.832132781353641349e+01,2.784538036793264837e+01,2.806197522056817206e+01,2.881548169144963367e+01,2.867646831908621152e+01,2.833121141075758942e+01,2.933538646916633752e+01
2.811004438289677410e+01,2.800466215362365574e+01,2.924536887127692353e+01,2.822509295271640894e+01,2.882359961781577340e+01,2.795404479874162007e+01,2.813599793960747775e+01,2.703720239345540222e+01,2.849268856217184975e+01,2.805708017041592939e+01,2.890456636433845006e+01,2.744019854580318452e+01,2.876031394577211131e+01,2.814410736206292540e+01,2.862386987315539955e+01,2.867688465612695836e+01,2.857602060141073252e+01,2.810789386378684185e+01,2.890451504043585373e+01,2.758477984721344001e+01,2.916263805785285967e+01,2.815921623713376221e+01,2.927227214575015068e+01,2.848672693451692339e+01
2.716167541844930611e+01,2.865697391272954064e+01,2.926326347920524995e+01,2.901501512998135013e+01,2.740104575323437075e+01,3.018010196571714232e+01,2.859630006762739640e+01,2.884510569109210110e+01,2.784042763745475213e+01,2.927460628488910288e+01,2.825327525633377945e+01,2.916053441742440100e+01,2.846903345067340751e+01,2.871215988860723201e+01,2.763721673118959643e+01,2.818992204644649746e+01,2.830678150450978592e+01,2.884804385320188658e+01,2.940996713470616442e+01,2.982772729820419499e+01,2.820711056448618592e+01,2.846822857582981214e+01,2.804092707646009330e+01,2.891831212407828389e+01
2.849054460966306124e+01,2.823814604345852786e+01,2.844029575688875866e+01,2.836833012911279184e+01,2.854325615218073153e+01,2.780553061228073375e+01,2.886265618429246160e+01,2.831166471901428849e+01,2.857537243171827868e+01,2.833856743692950886e+01,2.810837148680582231e+01,2.804184575590528539e+01,2.776918321890644847e+01,2.831469297962411247e+01,2.935029273802132366e+01,2.830525406923214859e+01,2.868944567115363498e+01,2.892637796557653473e+01,2.945258807360391984e+01,2.854931701659035070e+01,2.956655972646450437e+01,2.896935707219910228e+01,2.900529507964688491e+01,2.792036857847762121e+01
2.849633324364702958e+01,2.836059317982847006e+01,2.816081377158269561e+01,2.856042299033629206e+01,2.808488360420324170e+01,2.916171994298338177e+01,2.817014609900638789e+01,2.858982895849277384e+01,2.763491877679018671e+01,2.931978855698599773e+01,2.779774403389382087e+01,2.901158575170046561e+01,2.905680200427758564e+01,2.864577261697485255e+01,2.789229412824539622e+01,2.829212987621400544e+01,2.836110309085790959e+01,2.904710523725492521e+01,2.785941421753045688e+01,2.889132507873273426e+01,2.807024888751095659e+01,2.896095917344644022e+01,2.938321768708129866e+01,2.840443047964930656e+01
2.824352177177991052e+01,2.833061969534043101e+01,2.822858262715004685e+01,2.759844807590559412e+01,2.964630985296702192e+01,2.849215057063065615e+01,2.865624736980765874e+01,2.840434032424906263e+01,2.825625253282169069e+01,2.899542951723572060e+01,2.899150011246024405e+01,2.789340663481664251e+01,2.882893496877227335e+01,2.823071152856499566e+01,2.916649291787183529e+01,2.839739731314722349e+01,2.913445223907166337e+01,2.839433073480427083e+01,2.910138230796957259e+01,2.914937957602143115e+01,2.924306912760647492e+01,2.879394064068281978e+01,2.845229799292542339e+01,2.821636368861817346e+01
2.847012439729422795e+01,2.948759132371549185e+01,2.847795545831593245e+01,2.834940376380086491e+01,2.739436175305530696e+01,2.918596638494824447e+01,2.837734569217360558e+01,2.862717854696330733e+01,2.881828929646570714e+01,2.886043205590937077e+01,2.867864103429542411e+01,2.923618427087251348e+01,2.841451950132409365e+01,2.844838789721012517e+01,2.875185948782831247e+01,2.993869538660044327e+01,2.801561610979030092e+01,2.923846913696036154e+01,2.850786221070387683e+01,2.904142409816432746e+01,2.892544094784665276e+01,2.935392413583895177e+01,2.916466561765605547e+01,2.930510415191429274e+01
2.796643889526973226e+01,2.828653900552455980e+01,2.919647299314704014e+01,2.839415327863974881e+01,2.884267920224749560e+01,2.822349543046289000e+01,2.924727786167272825e+01,2.814126890151442240e+01,2.862661963575419577e+01,2.871492860138778269e+01,2.945846415145746278e+01,2.889947928132227162e+01,2.839402808330061134e+01,2.865731853419595154e+01,2.921086589924237842e+01,2.849499790590493831e+01,2.882277858752053135e+01,2.792381298806583345e+01,2.897918441032010151e+01,2.841254166070831388e+01,2.861319174865320747e+01,2.867700525687735080e+01,2.816469988117256662e+01,2.796432301289547695e+01
2.820291074438807755e+01,2.844956145106641543e+01,2.865827713353877471e+01,2.941123692883991225e+01,2.761410842897061002e+01,2.817047150829642987e+01,2.877120304319601019e+01,2.853474550838814139e+01,2.870920550286496109e+01,2.858739692872887872e+01,2.885940657328859515e+01,2.923142038030914591e+01,2.810755238802966005e+01,2.880461151263006059e+01,2.765122509318945276e+01,2.896015871837153099e+01,2.856493680107212185e+01,2.874634204775776425e+01,2.816735341169186313e+01,2.839670522799048058e+01,2.878788265740769248e+01,2.915502242065002747e+01,2.902398240426447273e+01,2.878174458560630455e+01
2.844935908502714028e+01,2.776586085863965536e+01,2.822656266828533944e+01,2.829192398360527250e+01,2.857697764482821867e+01,2.883881990986310484e+01,2.920157733168474579e+01,2.942614815169383746e+01,2.924146077294926727e+01,2.896515178583030092e+01,2.908519640139030571e+01,2.914429430302072888e+01,2.918598336300510709e+01,2.858378802576567068e+01,2.868956838353113881e+01,2.922723683032597819e+01,2.895367667250206978e+01,2.899131458710900233e+01,2.931709691410776486e+01,2.883140962129590434e+01,2.921581742646958446e+01,2.878975906035492471e+01,2.953777163235116632e+01,2.893837211255697639e+01
2.824706333675538872e+01,2.817211245361437477e+01,2.832397187794288129e+01,2.892276271231241935e+01,2.891642425979688369e+01,3.090477398867312786e+01,3.056226125087317769e+01,3.045128894686075682e+01,2.930058302733277742e+01,2.867499629308031217e+01,2.889631466465300491e+01,2.846495705888804650e+01,2.882577161658377918e+01,2.885885059030732691e+01,2.821307882930142341e+01,2.910049317093665877e+01,2.864786272824721891e+01,2.888209828845623406e+01,2.844332304310597692e+01,2.902834010449373636e+01,2.823644849844799865e+01,2.934402914573723820e+01,2.878250934240116976e+01,2.945843225098445828e+01
2.786639200214978018e+01,2.838930348252648628e+01,2.883421774765429291e+01,2.856819410173642382e+01,3.136264889950223278e+01,3.310882299354210545e+01,3.320348129756916933e+01,3.325137189582585506e+01,2.943443850255539473e+01,2.787658320119243172e+01,2.895659056054512348e+01,2.918684769877359031e+01,2.915769439224311554e+01,2.843457891012326400e+01,2.884227077989692134e+01,2.794367424015308643e+01,2.815153680705827810e+01,2.874723207637310907e+01,2.863969764548431840e+01,2.872938918930788077e+01,2.888868855325648610e+01,2.896559066815046890e+01,2.791349206332279209e+01,2.855744334892676761e+01
2.748309827994006582e+01,2.814115994456716408e+01,2.848417287986256952e+01,2.889198470453578693e+01,3.018823401833441267e+01,3.278914092598984098e+01,3.374913936710254347e+01,3.292139359384475483e+01,2.909991241655046679e+01,2.878639861120313981e+01,2.881080646608518236e+01,2.837159614521897311e+01,2.849208457540538575e+01,2.835951000664528010e+01,2.801801820174665636e+01,2.886850613868341497e+01,2.804108013989934989e+01,2.707729000817329279e+01,2.880115851852258402e+01,2.882726444956693967e+01,2.787668983621841789e+01,2.860542582290196378e+01,2.897482934025401846e+01,2.909941886441464476e+01
2.849876561957523791e+01,2.863450279502677631e+01,2.850511180646373077e+01,2.841332045716580978e+01,2.957524658607349011e+01,3.068936842669899079e+01,3.411392152015872625e+01,3.362026153600811540e+01,3.035511653604140747e+01,2.988331985506704314e+01,2.970038687452063186e+01,2.788197057265574585e+01,2.923868581238031084e+01,2.828393158655160278e+01,2.789002378546609862e+01,2.814619204155542320e+01,2.868608827959525343e+01,2.773494411525626901e+01,2.917657548200855899e+01,2.821295886763562066e+01,2.896983808727469523e+01,2.764256212812250624e+01,2.853853557824044174e+01,2.830387621693279243e+01
2.892726903187224252e+01,2.920153285960412859e+01,2.791811713630363556e+01,2.897610985042234688e+01,2.937996652543489517e+01,3.052899540206794882e+01,3.366166294351927490e+01,3.347911499689308812e+01,3.143430014863190536e+01,3.111339856489570366e+01,3.076022646023477591e+01,2.944257341463645616e+01,2.886375556928356900e+01,2.980936336122709918e+01,2.774858045857138222e+01,2.998121555260314608e+01,2.853558782162775742e+01,2.891847042065842288e+01,2.903813921119729002e+01,2.946924660826709896e+01,2.861580834163027021e+01,2.959469636766391432e+01,2.815444810254837193e+01,2.883946512441571031e+01
2.990269626760363053e+01,2.919866013587301268e+01,2.924330780336924818e+01,2.912316487713547986e+01,3.100229006539166221e+01,3.247684577959466878e+01,3.382309682519030503e+01,3.280875912834852670e+01,3.309440492783892296e+01,3.210842369335631474e+01,3.341983286142823317e+01,3.177645166798828313e+01,2.973575383312726217e+01,2.948426078153255503e+01,2.957552895714462693e+01,2.861363481599113356e+01,2.873265509265786477e+01,2.900169848557823116e+01,2.988059021350136391e+01,2.853174982603201215e+01,2.897006557697574181e+01,2.960518269940661185e+01,2.934439945141980388e+01,2.814452055856332890e+01
3.053650180066080111e+01,3.054835570010351375e+01,3.083383214342660494e+01,3.122521901885653506e+01,3.176489232322990119e+01,3.268222092428754877e+01,3.352807283712451181e+01,3.282693992778308711e+01,3.157968511122663813e+01,3.092393567675122767e+01,3.229594064839653811e+01,3.213426674432673735e+01,3.021246166934446364e+01,3.094522233017181634e+01,2.993114063608965125e+01,2.994698778439385478e+01,2.941664472093958693e+01,2.874986539731202129e+01,2.918654158340893900e+01,3.061636649243763486e+01,2.949283068073270897e+01,2.987834900551462169e+01,2.882414812453248487e+01,2.912761404527464038e+01
2.845265128916213371e+01,2.898745205940883807e+01,3.051758771177054541e+01,3.235534116093657531e+01,3.362149694769027519e+01,3.287911977914836825e+01,3.282773813455662548e+01,3.102297030959624635e+01,3.316593034490705350e+01,3.283295341707338366e+01,3.191184798663937272e+01,3.053123113800711508e+01,3.277666801504778959e+01,2.948598798746218108e+01,3.125070863172851432e+01,3.006874427619112566e+01,3.122756810383890524e+01,3.214619824820476879e+01,3.339390556491622419e+01,3.402628024760741710e+01,3.181202137009012176e+01,2.998055071131517479e+01,2.986249735767796665e+01,2.945548063140773820e+01
2.905491404676405409e+01,3.006485042387686235e+01,3.031318378389232748e+01,3.180186178468494518e+01,3.218249262397955590e+01,3.330931009665727061e+01,3.345100328643940202e+01,3.434034839330502109e+01,3.304356758061487653e+01,3.233247052184572112e+01,3.071216735838675049e+01,3.184688534198733123e+01,3.249392762860600214e+01,3.131720257374104222e+01,3.054340903943221974e+01,3.150241269725489701e+01,3.108411551814253926e+01,3.346966749612050762e+01,3.272477029417865424e+01,3.207331567248189685e+01,3.067074955263757374e+01,3.056763783493420306e+01,3.062794056757428507e+01,3.097905986222536967e+01
2.919283070728033636e+01,2.863454858972698958e+01,3.046415993703675440e+01,3.033933836918561155e+01,3.252983263717567297e+01,3.274275538890424286e+01,3.059144192960502551e+01,3.122376917704860944e+01,3.120536809860135463e+01,2.975412080975127083e+01,3.100609812531968146e+01,3.307442922936382956e+01,3.104930794453338194e+01,3.271142728632412400e+01,3.303381683248181844e+01,3.347239260902523483e+01,3.252413685423937295e+01,3.094070705318819137e+01,2.972669568459843958e+01,2.958393945291447835e+01,3.044993454248321996e+01,3.031669299527339945e+01,3.017187020546020904e+01,3.053582583195372990e+01
2.881385530475438372e+01,2.839707976003933254e+01,3.005420986805995653e+01,3.033293117413143136e+01,3.157966123994629015e+01,3.283001728620871518e+01,3.158996273218753004e+01,3.162608666104296162e+01,3.102985338950304595e+01,3.144680960541154491e+01,3.237205495453036974e+01,3.273919189965391752e+01,3.218077335386607274e+01,3.362768841370706241e+01,3.274000998644470428e+01,3.293177537046773296e+01,3.089188702404879905e+01,3.128341646484540206e+01,3.049275107275860819e+01,3.128659573233289848e+01,3.105882963867992430e+01,3.108388957210343051e+01,3.083491858619072445e+01,3.132697240333578748e+01
3.021865821973364064e+01,2.876752379381764513e+01,2.961673492448807110e+01,2.922098876616422558e+01,3.151966326909337113e+01,3.116173738945639116e+01,3.110695835870734527e+01,3.139813382274923015e+01,3.074333375958445913e+01,3.038993337999909272e+01,3.233418945362382146e+01,3.299510908545579468e+01,3.294592571109359369e+01,3.279889184675391789e+01,3.337167462508267590e+01,3.124218845301209058e+01,3.200330819937721571e+01,3.002755728666960522e+01,3.242819695643515843e+01,3.208200282774032530e+01,3.311251027195169172e+01,3.168600307215712064e+01,3.339168971160205501e+01,3.220540991007811726e+01
2.793391678289816582e+01,2.777959977182507600e+01,2.843975144734048399e+01,2.930696813390039779e+01,2.982442440463057665e+01,3.098413881587566721e+01,3.077667172256070671e+01,3.037969402132972618e+01,3.080858941980955024e+01,3.067702250930915397e+01,3.122987855484268493e+01,3.185736278653308773e+01,3.282442969841815739e+01,3.347937710922184351e+01,3.245110071043217204e+01,3.192206928684834111e+01,3.164595132376786069e+01,3.093307032004406665e+01,3.316732617164552721e+01,3.383300528177056776e+01,3.381346905656471336e+01,3.370954093060771584e+01,3.285801123506888644e+01,3.343060219005059253e+01
