2.460192697779569926e+01,2.382332970782630355e+01,2.519876901018187709e+01,2.493875755500431524e+01,2.525796864381572959e+01,2.450300572372026409e+01,2.510420341950288048e+01,2.407153867450062990e+01,2.374951573746540134e+01,2.483315431442679255e+01,2.520424433161252864e+01,2.376687968929053341e+01,2.501791157873083193e+01,2.474449368010834860e+01,2.417621220401724713e+01,2.473361937556006751e+01,2.495465737036289511e+01,2.464577379365823617e+01,2.517101163449279966e+01,2.526828482059289627e+01,2.396177135689646320e+01,2.554474811244341481e+01,2.587634627847978663e+01,2.654935337779829752e+01
2.342335008569148158e+01,2.393910256210796206e+01,2.484997375461540514e+01,2.447275984585024844e+01,2.587381391411503273e+01,2.452091059593084310e+01,2.480788516802618915e+01,2.492063091115193174e+01,2.493300661118951211e+01,2.438299766499613952e+01,2.432906796169118024e+01,2.314118816747196661e+01,2.452196355829636332e+01,2.368013000580737071e+01,2.420432054218139228e+01,2.474511824577638208e+01,2.407208791520179147e+01,2.458590276239107197e+01,2.400933195974164391e+01,2.384149033358454517e+01,2.576678378830996508e+01,2.494775372041357286e+01,2.505677244567704065e+01,2.476071214224492678e+01
2.411298820819894217e+01,2.199237344536908267e+01,2.355153595927555443e+01,2.545718215883186986e+01,2.315948798324575364e+01,2.450840659657484366e+01,2.423313998297311400e+01,2.552540946018621071e+01,2.421269761962514622e+01,2.414249882561398408e+01,2.405489208779317778e+01,2.479745369213264894e+01,2.371764085223168195e+01,2.424159647663617534e+01,2.295800855754652048e+01,2.532440400596772179e+01,2.504747619888240706e+01,2.448535703145728348e+01,2.243215923877119167e+01,2.399144806466443924e+01,2.582800891901320028e+01,2.434329436550649461e+01,2.412867934424832583e+01,2.547781865948593349e+01
2.406885161736721557e+01,2.405299444794559349e+01,2.504358592575852072e+01,2.477462598973249897e+01,2.511706654575408493e+01,2.547606079178132177e+01,2.606016321269652281e+01,2.535173906529166743e+01,2.483509686888316992e+01,2.434337876250475574e+01,2.420282002080563188e+01,2.510942999558596966e+01,2.517635172625807627e+01,2.408530426579881123e+01,2.508648162841024032e+01,2.475976198145372109e+01,2.421805021371227440e+01,2.434204925617530080e+01,2.529171331611183859e+01,2.433725208195153300e+01,2.423190470764092197e+01,2.409235427564243537e+01,2.409291040329037514e+01,2.519362921005944145e+01
2.502186473837190306e+01,2.480039195220359716e+01,2.504837621111732915e+01,2.549310737568822560e+01,2.491576146098117306e+01,2.426694108206976352e+01,2.480152520459495236e+01,2.515544543332998728e+01,2.459171072359811205e+01,2.436798709461510271e+01,2.440496944590881867e+01,2.454915703599823473e+01,2.470505310720943726e+01,2.579994986857212780e+01,2.401866639661335512e+01,2.436373542634675005e+01,2.561714077972482073e+01,2.340557145635114011e+01,2.431050368863077438e+01,2.420501472934267895e+01,2.424882176158968150e+01,2.456394972033353952e+01,2.417134448792836565e+01,2.456953493215667095e+01
2.374858035042990423e+01,2.413478049605663500e+01,2.471439031872347414e+01,2.572413780649594628e+01,2.514421999674601693e+01,2.503906691345332547e+01,2.487039815358292572e+01,2.523541913291779792e+01,2.494885411208070991e+01,2.487266453623220741e+01,2.539745889681074686e+01,2.527244013888685004e+01,2.481785626534735911e+01,2.491631047895316442e+01,2.521746480399900747e+01,2.451697097085815358e+01,2.476693506608324924e+01,2.503573654901589407e+01,2.404451805289244248e+01,2.413328783069596284e+01,2.509714452234737792e+01,2.328722848025910253e+01,2.546988628182123193e+01,2.412232428878382962e+01
2.366776579513322076e+01,2.477875396754205894e+01,2.592288877091317545e+01,2.545507871971915392e+01,2.579203211625389258e+01,2.493488972111947533e+01,2.514194242499456777e+01,2.663684272781932805e+01,2.497471330458665761e+01,2.508119712676062818e+01,2.586056185699573007e+01,2.611894186735332823e+01,2.534022617966166990e+01,2.562181116625180266e+01,2.596717572099413474e+01,2.454997225769693614e+01,2.490573233931661434e+01,2.571659125765370391e+01,2.522148658363056484e+01,2.524713608592929859e+01,2.467369056076711331e+01,2.514813458328171691e+01,2.528866847039034838e+01,2.460240251145461343e+01
2.348514918477400215e+01,2.545668223178387279e+01,2.599548330258045326e+01,2.612892299465789847e+01,2.595385197292750945e+01,2.537037921147964425e+01,2.559743706175896705e+01,2.610934124340059270e+01,2.505472910845276147e+01,2.590598979117481804e+01,2.559728158033561840e+01,2.548515716129958264e+01,2.574975695744848281e+01,2.511274055080878043e+01,2.615106110345743673e+01,2.514468098168845245e+01,2.592870215885847074e+01,2.543511849422998239e+01,2.583077162265010429e+01,2.420493478423338729e+01,2.530013007323520924e+01,2.540252412514132629e+01,2.657411252561553283e+01,2.632703315069176142e+01
2.467153464464502122e+01,2.468805453448521803e+01,2.514373329788139699e+01,2.578510411512621658e+01,2.583293760132659145e+01,2.635424958476971824e+01,2.525107749161577431e+01,2.612804809162503261e+01,2.508808608843099819e+01,2.611433135732511346e+01,2.526783872998890956e+01,2.556256586199833691e+01,2.588475369480181598e+01,2.563821838430868638e+01,2.581628678336130633e+01,2.574245266415891820e+01,2.514599262320393791e+01,2.577009554185241313e+01,2.488341669563880032e+01,2.570598314907175563e+01,2.594158071241764674e+01,2.659252945650069933e+01,2.522602486031843227e+01,2.518103658703591918e+01
2.495003352184278356e+01,2.532787931712078944e+01,2.536347157998687862e+01,2.492607397246297296e+01,2.558943739400268669e+01,2.548805930423384325e+01,2.524260420458512044e+01,2.569046601469301550e+01,2.570482914748515668e+01,2.527512002739109676e+01,2.509279838399112350e+01,2.584761629268126626e+01,2.494208737426987454e+01,2.550626456657818153e+01,2.559475191809474381e+01,2.532960006897440053e+01,2.573833732657323026e+01,2.564834587504464025e+01,2.614338196718063045e+01,2.619054562280638265e+01,2.617846687133152273e+01,2.547987561663683209e+01,2.670112608600419435e+01,2.544382514889690583e+01
2.529540967678127572e+01,2.483640002099741650e+01,2.582124369945813669e+01,2.580218761852870557e+01,2.477555767172344758e+01,2.505620380966252014e+01,2.539819294291953611e+01,2.535598909603066886e+01,2.507271304211320739e+01,2.551770259810353991e+01,2.606455693365012394e+01,2.509633846176154748e+01,2.490900991555952260e+01,2.480020355948391853e+01,2.615732568853940165e+01,2.571177142386363812e+01,2.502121061238136690e+01,2.488490422055150475e+01,2.568843097432636569e+01,2.590688990668178349e+01,2.673112562621565758e+01,2.643025057959152946e+01,2.619326975059317419e+01,2.594239082602763347e+01
2.599455267646203538e+01,2.474792817294451197e+01,2.509311972417793868e+01,2.472860871486153655e+01,2.597662513292107178e+01,2.609745106049348351e+01,2.543983775681971338e+01,2.572999574868595118e+01,2.493679434388872096e+01,2.626778671263008391e+01,2.593417079443196371e+01,2.569677596749596660e+01,2.500244380561304069e+01,2.578122085571169464e+01,2.565713448990692314e+01,2.572548625646209075e+01,2.616552686004615680e+01,2.620954410171270865e+01,2.618297390597035701e+01,2.678270687850732656e+01,2.528023742957680042e+01,2.607603309812014913e+01,2.552146533973433407e+01,2.642348023684490954e+01
2.524032299269458690e+01,2.543367318573223201e+01,2.457680877307012679e+01,2.567743255807238256e+01,2.518129054190728766e+01,2.447053307302428493e+01,2.479223340864331249e+01,2.547348170099866138e+01,2.574349100331733098e+01,2.483893889369738872e+01,2.443638824039402380e+01,2.659505870912039427e+01,2.553966275170910194e+01,2.545727477360230750e+01,2.498344946533097755e+01,2.557476331247085000e+01,2.508232734644445827e+01,2.584605558296374284e+01,2.562757513464219983e+01,2.589894992536710561e+01,2.597884014450602308e+01,2.552055312381486374e+01,2.549567152394320146e+01,2.601236855217950961e+01
2.580495866609743416e+01,2.493445586830989669e+01,2.545299864513333432e+01,2.442533227578860533e+01,2.527488518771639292e+01,2.462357087135728761e+01,2.507885843347924038e+01,2.537739498928135617e+01,2.566453616662408876e+01,2.606989760031160586e+01,2.463653845350864913e+01,2.505512034524446108e+01,2.521516236504282915e+01,2.579867871247796529e+01,2.530476155198113020e+01,2.507072277300193264e+01,2.455679950852311322e+01,2.544029065050540339e+01,2.504997169120446188e+01,2.560543088743963835e+01,2.604095074351749872e+01,2.501755556900678812e+01,2.570477316431072268e+01,2.541873105674784483e+01
2.513928768602397668e+01,2.568082466001555986e+01,2.435731140075364465e+01,2.544327306382962206e+01,2.580135616777153018e+01,2.555252814731369426e+01,2.488854075852242431e+01,2.553535096720656838e+01,2.510363438759605970e+01,2.503839578942711341e+01,2.473466378981680691e+01,2.512588874744722034e+01,2.473466378981680691e+01,2.480702926256685714e+01,2.542905551377128859e+01,2.564420659914708267e+01,2.499507622309749877e+01,2.542788344349474983e+01,2.524006530182180086e+01,2.493911554789679030e+01,2.580668493236066752e+01,2.640721102325636593e+01,2.598507696938196432e+01,2.482158806700732612e+01
2.496669704087389619e+01,2.452011445304952986e+01,2.574995980880174784e+01,2.547442063379827459e+01,2.548763717563650744e+01,2.610687794032401143e+01,2.550656384590507741e+01,2.493771176679473456e+01,2.568951373124014026e+01,2.542847833967641691e+01,2.560160469389057880e+01,2.587049982290130856e+01,2.485518654149899476e+01,2.507161841984333250e+01,2.505218039962375087e+01,2.514669159745579918e+01,2.574361743888158571e+01,2.483532779817676328e+01,2.604618538229101432e+01,2.540617436127922701e+01,2.587360158897234896e+01,2.526573300136249145e+01,2.598156448293644871e+01,2.521486128074428734e+01
2.453354146369338196e+01,2.474076930593372481e+01,2.481257123347768356e+01,2.516040231470782373e+01,2.471993564947518962e+01,2.552061156919029372e+01,2.489591445142707471e+01,2.481297491076588813e+01,2.500123895533471341e+01,2.528934328656151820e+01,2.471330972162400030e+01,2.517332572807242741e+01,2.501954186914116463e+01,2.450301834750587204e+01,2.505404764889618718e+01,2.547290815562905664e+01,2.485751226812948289e+01,2.512262780083267444e+01,2.586172724459487426e+01,2.545095374579796044e+01,2.592370735928034264e+01,2.511447486170760612e+01,2.593021259418691216e+01,2.519667877077921503e+01
2.517768504347884573e+01,2.395828106561071991e+01,2.459495164070295914e+01,2.467246841426674564e+01,2.482795386241917868e+01,2.436438118782763240e+01,2.546323615488682890e+01,2.457688792239071063e+01,2.477843345845786871e+01,2.469407017493608691e+01,2.478951642098934371e+01,2.469407017493608691e+01,2.523181435307253651e+01,2.465088691062550197e+01,2.508894251873073244e+01,2.545564949139213695e+01,2.497464078051774550e+01,2.448357167239345245e+01,2.451330595419580050e+01,2.492538932773038596e+01,2.469980419144121697e+01,2.524365990066615950e+01,2.608152067912072880e+01,2.511207398240901512e+01
2.455913450891205230e+01,2.530403948449628615e+01,2.508501022539974201e+01,2.538377401812550715e+01,2.452016913276293053e+01,2.447673407883161190e+01,2.546101672395957394e+01,2.451547140849845619e+01,2.521841008110311577e+01,2.444958624650399770e+01,2.472752890107079793e+01,2.499778966648756295e+01,2.481223639442617923e+01,2.469849388144143632e+01,2.477532805940415983e+01,2.501709019688405533e+01,2.563936708202317050e+01,2.447048247235295548e+01,2.565904525897354915e+01,2.532615789751372404e+01,2.578558447414468446e+01,2.569367816882879652e+01,2.472558456128876969e+01,2.558090474516194490e+01
2.591579973897273703e+01,2.549332734540735146e+01,2.501271053266054878e+01,2.419413520731126255e+01,2.535594542272303897e+01,2.493630029941789417e+01,2.548825943852347109e+01,2.438098669145489339e+01,2.547763708791075032e+01,2.503235478467701114e+01,2.587851339090508418e+01,2.545489061712277135e+01,2.552792763591446601e+01,2.506756893709575706e+01,2.611282083266206655e+01,2.518835887223667669e+01,2.549024699161481067e+01,2.418318004564162038e+01,2.506029482033869726e+01,2.583883393454527777e+01,2.638377341818738842e+01,2.540685918598796889e+01,2.665931496714711102e+01,2.515260543873580446e+01
2.493826520523020918e+01,2.514310933673732507e+01,2.517379254392068333e+01,2.475982600751899554e+01,2.430956614200101740e+01,2.392104294067337378e+01,2.430279603565674051e+01,2.496147263209064704e+01,2.494611269317448432e+01,2.490805574820603852e+01,2.581776960755075834e+01,2.523456683712498716e+01,2.490765853054466561e+01,2.418116644266189041e+01,2.526146679272011397e+01,2.534906525642639963e+01,2.567899557722000736e+01,2.493611817620615057e+01,2.463733170070958067e+01,2.626888282715759715e+01,2.632053999581785320e+01,2.658440313281482759e+01,2.615493996866541693e+01,2.608201368352700911e+01
2.370756002907370430e+01,2.466867188642606834e+01,2.459758930960174439e+01,2.452811945469539978e+01,2.525102705134139569e+01,2.408571197312721779e+01,2.477426144691673926e+01,2.518870402924682139e+01,2.484644745754849282e+01,2.559387773789222820e+01,2.534104858527922488e+01,2.405826540924755363e+01,2.567644021888315820e+01,2.521957323972401355e+01,2.622559451772053762e+01,2.490040946262683974e+01,2.473198324504551238e+01,2.426276045495973221e+01,2.543510461645212217e+01,2.580541333246674185e+01,2.653023387012058265e+01,2.550815878255701818e+01,2.667047898420315732e+01,2.698083701656037192e+01
2.378456586077561496e+01,2.588470749316445563e+01,2.428519956414106673e+01,2.366163411236527736e+01,2.426491892804318695e+01,2.512258777404264265e+01,2.442315284437120226e+01,2.507254169862841309e+01,2.549850570751641499e+01,2.592925406951883360e+01,2.524978132044464019e+01,2.568390508927387827e+01,2.519148214891015414e+01,2.421991982438589730e+01,2.501238449314621448e+01,2.528484225828776744e+01,2.542225654292775516e+01,2.480296956676562559e+01,2.641506572502947847e+01,2.650127888643191909e+01,2.669891234207290154e+01,2.643952827806469941e+01,2.674775162544051454e+01,2.726025461306153375e+01
2.476385937164212692e+01,2.390090054567775724e+01,2.581233756900218168e+01,2.419536536677293270e+01,2.494787453113184483e+01,2.451470819621704322e+01,2.594216559679790635e+01,2.473753236489972096e+01,2.526716317279942814e+01,2.533269195932143703e+01,2.581966789769995785e+01,2.553865373164029506e+01,2.540049008995373470e+01,2.519020388832848312e+01,2.520785908134865849e+01,2.596507115869638938e+01,2.560514396361099898e+01,2.600524456170450094e+01,2.519269835430930016e+01,2.565646589834034330e+01,2.686372120314496215e+01,2.676379059027897256e+01,2.652519417011603764e+01,2.665331855232864200e+01
2.429936823801580204e+01,2.410547737624028741e+01,2.371137661140306818e+01,2.408884672268158056e+01,2.441660784869640111e+01,2.474986956350431910e+01,2.491156700842458349e+01,2.444955765620971988e+01,2.488564690083450159e+01,2.496871997022731193e+01,2.426104871830392540e+01,2.452705863701328326e+01,2.476656147608008496e+01,2.575525236832083920e+01,2.513006495276977148e+01,2.555725944759211643e+01,2.601168191111690930e+01,2.630087599762396167e+01,2.621789603260708645e+01,2.734412828359393188e+01,2.667428394844688455e+01,2.749935199523525853e+01,2.729904954059827560e+01,2.685419053065226080e+01
2.458996761904717232e+01,2.389197099668615465e+01,2.426364737660730952e+01,2.482123193440190789e+01,2.586142623666825102e+01,2.502391679163258686e+01,2.554413559494389574e+01,2.372773132612019253e+01,2.463501702990004105e+01,2.583074390745764504e+01,2.502192856687463518e+01,2.416126456432868963e+01,2.550012401134949869e+01,2.538023450475856180e+01,2.473031008319037483e+01,2.511749356582777182e+01,2.597158300924093055e+01,2.582069205117363708e+01,2.619160713423337938e+01,2.621824087750786703e+01,2.661356562357798339e+01,2.718393539839178175e+01,2.563372595551754785e+01,2.690761878358762260e+01
2.372760577626871736e+01,2.485222675029785933e+01,2.470363683043160563e+01,2.549078505262241379e+01,2.429470735136095527e+01,2.463146100256756199e+01,2.472866570377686912e+01,2.503761115993353314e+01,2.524157377978485783e+01,2.608522349367899551e+01,2.452145077708513554e+01,2.532978345953233656e+01,2.532629443685084425e+01,2.666327709191199347e+01,2.573716171688732857e+01,2.653533866643255124e+01,2.639427133824256089e+01,2.862776564736884666e+01,2.618716012587799469e+01,2.685172397374549291e+01,2.689561669356561424e+01,2.594840051336331044e+01,2.653395418856814558e+01,2.671297318339048843e+01
2.491832384498746933e+01,2.538767511552009637e+01,2.438669558120233205e+01,2.456218940247606497e+01,2.549354232014582067e+01,2.601968558275115129e+01,2.433510789883058578e+01,2.445073989365795342e+01,2.513210233036119234e+01,2.539380430546015077e+01,2.616895789960545926e+01,2.703262030065076260e+01,2.620583023374086906e+01,2.630502047266145382e+01,2.713922576204100778e+01,2.591896400196571904e+01,2.655777508765714856e+01,2.682475856195929964e+01,2.656078819967183335e+01,2.664910641383841039e+01,2.602363235135862851e+01,2.629581832064940272e+01,2.657556063673058588e+01,2.692136348570085147e+01
2.467955964560627535e+01,2.493317998628123178e+01,2.522612698991372326e+01,2.607698054691479683e+01,2.398328819402587442e+01,2.519402959349986304e+01,2.437309950154082117e+01,2.594510913490563553e+01,2.587744534554997244e+01,2.538892004770758604e+01,2.617557439288214027e+01,2.629465127043516759e+01,2.494045561270348799e+01,2.710148726043865963e+01,2.550343300466931851e+01,2.676957628433279979e+01,2.644468265077318847e+01,2.669660695121785920e+01,2.609232518643779031e+01,2.612914970261488179e+01,2.648545735368759324e+01,2.674367766676840574e+01,2.558498590830527064e+01,2.618746754557446366e+01
2.499437432683384941e+01,2.417480881580411278e+01,2.446807584142254655e+01,2.510590548975648062e+01,2.459537110717189989e+01,2.497893858992046034e+01,2.462213038801741050e+01,2.638251595961634166e+01,2.607834982521268330e+01,2.422123230515978776e+01,2.636612816975952001e+01,2.542250407262304179e+01,2.586211529262641307e+01,2.667952967867682901e+01,2.620222891574064761e+01,2.447224106060787108e+01,2.633956156448965658e+01,2.616096134773863469e+01,2.520723501949913725e+01,2.562513226898408902e+01,2.767934925865182549e+01,2.580254532920758948e+01,2.643670330426317605e+01,2.629030222330760580e+01
2.633480445766684852e+01,2.598744514247778170e+01,2.553762787521304745e+01,2.618486430940311038e+01,2.519610225342216836e+01,2.540350799173336327e+01,2.642264801353502435e+01,2.679246287653370473e+01,2.594913745200574340e+01,2.627349192898981300e+01,2.653964757939320407e+01,2.643176885530078835e+01,2.620141995562664761e+01,2.649400632912772835e+01,2.590690012096035844e+01,2.596806322613934981e+01,2.752500344965221757e+01,2.570849085975874004e+01,2.640041667146999771e+01,2.559142954806873149e+01,2.731084355788715357e+01,2.644821265434563884e+01,2.587814168105421686e+01,2.647677622120767182e+01
2.583541467990090723e+01,2.492977681251687727e+01,2.552954700459105197e+01,2.577031810169478376e+01,2.594641198823131845e+01,2.538630721115265487e+01,2.644812622647299349e+01,2.655168771384427373e+01,2.620555310178389163e+01,2.675442842671537846e+01,2.650257689416338280e+01,2.760882844087331023e+01,2.663661023552054985e+01,2.734201384741106722e+01,2.780203822818799608e+01,2.623432296432224575e+01,2.610075771523037247e+01,2.685086863578504790e+01,2.724974602245015376e+01,2.729297389838984600e+01,2.862188978870165101e+01,2.713678598447648938e+01,2.828464982755127721e+01,2.769636379629264411e+01
