2.469601658510089237e+01,2.451069630829101698e+01,2.508407713231514435e+01,2.408594637142829242e+01,2.418367051044828031e+01,2.470929807182869808e+01,2.578268782578226137e+01,2.405474962608303713e+01,2.420236063286876060e+01,2.392729646995661597e+01,2.406509549260329095e+01,2.469485655869164020e+01,2.273375622958980102e+01,2.340518901242950278e+01,2.417724048665422742e+01,2.429395616895413923e+01,2.402493973623506918e+01,2.441955692892611296e+01,2.421770072095193882e+01,2.478720215263820137e+01,2.486824870463982506e+01,2.501790657817304009e+01,2.401776923556184329e+01,2.545041887718991802e+01
2.439458463261615861e+01,2.461005947798776106e+01,2.477263854843278068e+01,2.539748767328200074e+01,2.485602720517306352e+01,2.398184689083086596e+01,2.480787079484423430e+01,2.375629778354772270e+01,2.517727850020600044e+01,2.574172578169248027e+01,2.325765372231381889e+01,2.426777995316416536e+01,2.371043996532256415e+01,2.435797009319912831e+01,2.403257179892261775e+01,2.411871503352023183e+01,2.320783249130710146e+01,2.370178021746266950e+01,2.403412360899301348e+01,2.383582288775272673e+01,2.412049571592592656e+01,2.443993386449994887e+01,2.477552671807893603e+01,2.517388886771567513e+01
2.425897120832939891e+01,2.293514044352582459e+01,2.423250171515394413e+01,2.467950996996961521e+01,2.454491318761267848e+01,2.404550387749003448e+01,2.447323732984409617e+01,2.534242752794813214e+01,2.402965524088364191e+01,2.331729597742537408e+01,2.411187138103781535e+01,2.360084820582738985e+01,2.356940991595217838e+01,2.283803153977873990e+01,2.427204858240872909e+01,2.373728811720491194e+01,2.338581219543630141e+01,2.345519833118464703e+01,2.462840768554048054e+01,2.423393687386879947e+01,2.538873125004187159e+01,2.433625191982076785e+01,2.408825691191583473e+01,2.423971053290347299e+01
2.345883679764057206e+01,2.372667767522614213e+01,2.380209599215629623e+01,2.498886030654102797e+01,2.350241950345770192e+01,2.525952720958150621e+01,2.478374815838736822e+01,2.517508718942906398e+01,2.341105419900338802e+01,2.461373436949656934e+01,2.428133474690338289e+01,2.415720686109159487e+01,2.446149540517700416e+01,2.437056280498677552e+01,2.455515219496572854e+01,2.462814619814582784e+01,2.429435819803359209e+01,2.337178861817812958e+01,2.471634704117741421e+01,2.544239675581150095e+01,2.382667223867315442e+01,2.455024004874957200e+01,2.500868386334508386e+01,2.517181346022664457e+01
2.449817719711955988e+01,2.455724321938811272e+01,2.438877340621741041e+01,2.510260608816162176e+01,2.453346883722832672e+01,2.496950467754345482e+01,2.408455259306299467e+01,2.347867084661504578e+01,2.410724530246557151e+01,2.351851625262389689e+01,2.451454754288300819e+01,2.409122474599377028e+01,2.462510304790691862e+01,2.478765166162577316e+01,2.355686441608440873e+01,2.430510135495040913e+01,2.495056054001577195e+01,2.508372947642601503e+01,2.499418494419188619e+01,2.470115179888540524e+01,2.409945448798993084e+01,2.442386379157369447e+01,2.484599784275235379e+01,2.460207577662720269e+01
2.539338735460910357e+01,2.458287481908001837e+01,2.452707845807913145e+01,2.511025631391675006e+01,2.438811465581426319e+01,2.387305281601732077e+01,2.516696465416760020e+01,2.391790103132274226e+01,2.368600626206921334e+01,2.380935880521087711e+01,2.325950535690071774e+01,2.445939316909050376e+01,2.438644675590217048e+01,2.371524087878231057e+01,2.440838818192440840e+01,2.387504392963427335e+01,2.393529528707972531e+01,2.514919679639206151e+01,2.553251196222112185e+01,2.482006466762339869e+01,2.500201956067564879e+01,2.437185729087133268e+01,2.424507787532212433e+01,2.500808824861508128e+01
2.388746052971578138e+01,2.410243259563765150e+01,2.445641793760006522e+01,2.295789269735575999e+01,2.484146128156800160e+01,2.400478128602270544e+01,2.446654639337361914e+01,2.368260614923730145e+01,2.414592281705000687e+01,2.407655158431856535e+01,2.414173471476823352e+01,2.329056986327009326e+01,2.399552153960610212e+01,2.410637368313331308e+01,2.574822770162489860e+01,2.394996137741253506e+01,2.446910047518116471e+01,2.528224064749383615e+01,2.439145556555541816e+01,2.478590148795944970e+01,2.339808198592658073e+01,2.465487065105628517e+01,2.493596173165343544e+01,2.402217091226015100e+01
2.395174748503399087e+01,2.373188936924179870e+01,2.281689903306101996e+01,2.409664621057277145e+01,2.283081354240704286e+01,2.370011557208363229e+01,2.377192894805574497e+01,2.374532836198136465e+01,2.311161495276684263e+01,2.324618569643314459e+01,2.372607439320603362e+01,2.343375439438455032e+01,2.350558447056812383e+01,2.378820636156422097e+01,2.391949052753540172e+01,2.474012437338706150e+01,2.459833522524365890e+01,2.446137102299110211e+01,2.540470864889863378e+01,2.508348202008801309e+01,2.366852303645799793e+01,2.492626813609587089e+01,2.339791984183511886e+01,2.497185746081703428e+01
2.428117398299406204e+01,2.370072331275412125e+01,2.381767581990243343e+01,2.354169603018937096e+01,2.422859766577960272e+01,2.327154252147596480e+01,2.388570445535606268e+01,2.406590170576964738e+01,2.322884608069352907e+01,2.303119126260736493e+01,2.401776976560796584e+01,2.380758878707342774e+01,2.289805523249322050e+01,2.495442377963979652e+01,2.457038060246594569e+01,2.468809838152765224e+01,2.389774242071763410e+01,2.454126899776929349e+01,2.431671928435463315e+01,2.479920151629818292e+01,2.328940703091927844e+01,2.376539759380381156e+01,2.375197225078295560e+01,2.330361308320522085e+01
2.371390683917195474e+01,2.433883513398529885e+01,2.344681226711793443e+01,2.443128046621609428e+01,2.268639721868635206e+01,2.412759834514253043e+01,2.319209679359869369e+01,2.348672264554022604e+01,2.352938535236074813e+01,2.328257778073617601e+01,2.384439756811678990e+01,2.371803430795625900e+01,2.392069034537382777e+01,2.396146247335070711e+01,2.387162971069847117e+01,2.376624321158328712e+01,2.382551514186053510e+01,2.407479659327407262e+01,2.398990534142120623e+01,2.509573948203393456e+01,2.468511574949241094e+01,2.431438713874553059e+01,2.376413219250144948e+01,2.320907747336843840e+01
2.410364302552812887e+01,2.325898805609517694e+01,2.413588659280787851e+01,2.357360867885751077e+01,2.356212148106357063e+01,2.424673152430688106e+01,2.269634143411548166e+01,2.286960806147436642e+01,2.399395436515186475e+01,2.320825475003056226e+01,2.309165470951705856e+01,2.352534953859498046e+01,2.369530320795661282e+01,2.341200647952683767e+01,2.410716349831835714e+01,2.400192767045342634e+01,2.536315048101448610e+01,2.609757178602609429e+01,2.462185241067589914e+01,2.500848832799266575e+01,2.451203911306214422e+01,2.345140010949972975e+01,2.384656809040427561e+01,2.490933600637930567e+01
2.209878331203452717e+01,2.401696356479823180e+01,2.401259429743333840e+01,2.445776479890690780e+01,2.309387103050192991e+01,2.401383971976144949e+01,2.395157230058731557e+01,2.353840492433397458e+01,2.278933215094815523e+01,2.346958984392523462e+01,2.316527128556413118e+01,2.398859148059563040e+01,2.330043701461971750e+01,2.410155689908128807e+01,2.324759127120501034e+01,2.453739300981965243e+01,2.411026573001839779e+01,2.552636308367664242e+01,2.493932016593549861e+01,2.571237110519325597e+01,2.310261951044628859e+01,2.390255839609557142e+01,2.320221755312991263e+01,2.316236730950470246e+01
2.493861414379762209e+01,2.419492571938354786e+01,2.526763686739752757e+01,2.545358309715209089e+01,2.329985130183604269e+01,2.463981578691186769e+01,2.355100807735738044e+01,2.410274104884285862e+01,2.313866155547884773e+01,2.330037783470169188e+01,2.375565216962024806e+01,2.287308971697473226e+01,2.357876766743584085e+01,2.318269226596680710e+01,2.383263210765824169e+01,2.343487943735027557e+01,2.442340129622181166e+01,2.503800053669226600e+01,2.580096713687333931e+01,2.453151073256492509e+01,2.399576566124915189e+01,2.370322261414588638e+01,2.287999940699779700e+01,2.359444417440010966e+01
2.450570850698846925e+01,2.384328015397022682e+01,2.447002902808912950e+01,2.566704496912313971e+01,2.434118218290484492e+01,2.441183237205314072e+01,2.418475504111864893e+01,2.449436767617106625e+01,2.362603360566936317e+01,2.336566029717823767e+01,2.362240311764082890e+01,2.369525106256492109e+01,2.376119532684077740e+01,2.418715430675496236e+01,2.433427501673014604e+01,2.459562200432230838e+01,2.406969552668914503e+01,2.408559228472284985e+01,2.490357534160187924e+01,2.441398263153200787e+01,2.337454105460312803e+01,2.283946249807365803e+01,2.292551216029693251e+01,2.334081338733989242e+01
2.442144775116730671e+01,2.459924597609779084e+01,2.466640532019005150e+01,2.312821513847654842e+01,2.339767838351849605e+01,2.372961546541216649e+01,2.380903241006478765e+01,2.430524571338617079e+01,2.355873918448804716e+01,2.263988352780097557e+01,2.407650764974641788e+01,2.328076838504307489e+01,2.441671581962253867e+01,2.313136761998640623e+01,2.460927843393665171e+01,2.431759119492733134e+01,2.379890884583949173e+01,2.492839105538826061e+01,2.488914471404797268e+01,2.440636991836959169e+01,2.363183334835355254e+01,2.278068007682793450e+01,2.315821374770939656e+01,2.438935422419689303e+01
2.384036944749163922e+01,2.441594630222090245e+01,2.398073729418865696e+01,2.392091298784924902e+01,2.123776599322900438e+01,2.358182182250288861e+01,2.356713335544429810e+01,2.354369415364749329e+01,2.312593323214315433e+01,2.408729487948835413e+01,2.326103158970386175e+01,2.439841732584903866e+01,2.388229353939919974e+01,2.476745102664614251e+01,2.442287092019586225e+01,2.484902784484722815e+01,2.390093687160845093e+01,2.535558145148127096e+01,2.434852079514405432e+01,2.403191667902996187e+01,2.356044377666535183e+01,2.256893731124165470e+01,2.259147468616157539e+01,2.310854414485817188e+01
2.364842644963090379e+01,2.351511034970127412e+01,2.361404116607229753e+01,2.344479423123198103e+01,2.291816548003504295e+01,2.197944020187372871e+01,2.315778489309371935e+01,2.292682057348071112e+01,2.365010685422339520e+01,2.650081511724630445e+01,2.591692504764660043e+01,2.605032944867087963e+01,2.405412860065246150e+01,2.339191283384764120e+01,2.325694068658970082e+01,2.420029238584152154e+01,2.384607760134514365e+01,2.464044185858017499e+01,2.416521950909134375e+01,2.479030922671284998e+01,2.327813246991058804e+01,2.316371435335014439e+01,2.264528097950136498e+01,2.317961067874659875e+01
2.470230029947288131e+01,2.522151961688780375e+01,2.357480936017213935e+01,2.365747987586104273e+01,2.354463779696681058e+01,2.326160446319545372e+01,2.218264853659781011e+01,2.217579282160301091e+01,2.413282440638141679e+01,2.704166141901754372e+01,2.732082722871984970e+01,2.654796894424083575e+01,2.461551417790821006e+01,2.285078758502902474e+01,2.346690841309680309e+01,2.366046873591540134e+01,2.382128570609012286e+01,2.432631893265022427e+01,2.435987887207079439e+01,2.406976504103852221e+01,2.363751749618251097e+01,2.308738043717960409e+01,2.260045232023446715e+01,2.286635023496364738e+01
2.404054702514974906e+01,2.481502184997071936e+01,2.482061050342360886e+01,2.437870390205398508e+01,2.356957064762383425e+01,2.336503140689717384e+01,2.510200287134239261e+01,2.642941261915223095e+01,2.863398489918165524e+01,2.837209458817068253e+01,2.814636600321210835e+01,2.738811082046396450e+01,2.534057213409187170e+01,2.405517006123807278e+01,2.309813251375493337e+01,2.249705130949888598e+01,2.444073760444854315e+01,2.360061593529627544e+01,2.497426565649016084e+01,2.358105391118300531e+01,2.379347984115054260e+01,2.295960308881427636e+01,2.299996186414171007e+01,2.311477797864887407e+01
2.355467606352846133e+01,2.399105177871865635e+01,2.399224242223544934e+01,2.375767575384270458e+01,2.270391481670083067e+01,2.453428296473748560e+01,2.670458024401932562e+01,2.816613142327071273e+01,2.904370850024832862e+01,2.741187751455436228e+01,2.622836767495152799e+01,2.648751270143327474e+01,2.537658227569119163e+01,2.456576191040699086e+01,2.308101235626486414e+01,2.436174744921328283e+01,2.463875196723432737e+01,2.504999705008430055e+01,2.418023029457509665e+01,2.408084026048351234e+01,2.298877239917442239e+01,2.287374318004088991e+01,2.286709500644502668e+01,2.302092368038580616e+01
2.339915437233167950e+01,2.426782063085261143e+01,2.223395751005705279e+01,2.396781357704691118e+01,2.408997852950665219e+01,2.678811457984409117e+01,2.729893512119775778e+01,2.914018749370450223e+01,2.716910223433859528e+01,2.679769242281770403e+01,2.651439385409122451e+01,2.745609120693393379e+01,2.660593055907895632e+01,2.539583010066252200e+01,2.578730081245237216e+01,2.605542287163103765e+01,2.518103427752828338e+01,2.581615191941529019e+01,2.464048515436877551e+01,2.370822855971499621e+01,2.306225831931959647e+01,2.334924054030580010e+01,2.276014595049451827e+01,2.229731059264668147e+01
2.420324891339606665e+01,2.415397535048293776e+01,2.434166943667298710e+01,2.408529414081954201e+01,2.721533747842363482e+01,2.675749066326801540e+01,2.758336524712467508e+01,2.829688571276341236e+01,2.746148270238410305e+01,2.662676683174714753e+01,2.688884137220611592e+01,2.694826045165820005e+01,2.672068581229325446e+01,2.607778724957836403e+01,2.675917217833904260e+01,2.694037204163100796e+01,2.628511891419628910e+01,2.664127994209673034e+01,2.491979689402518261e+01,2.386432693858631637e+01,2.365854849305145535e+01,2.258576729066157895e+01,2.250537959816756484e+01,2.203109767767875837e+01
2.341122203988896899e+01,2.473612449324531326e+01,2.575955803150066004e+01,2.706771985219961607e+01,2.993921138192587250e+01,3.000034703089664845e+01,2.767082286254225210e+01,2.685435748801342015e+01,2.743258180366098031e+01,2.750267131879155613e+01,2.699388858710085515e+01,2.689881058808447278e+01,2.709022543995416754e+01,2.715866122797575599e+01,2.657014194347829061e+01,2.632654855394252991e+01,2.681449712001744956e+01,2.743420194678833468e+01,2.458552805640107408e+01,2.394027914953909431e+01,2.315879620633751301e+01,2.381646560470630902e+01,2.132368540031484372e+01,2.242943574441403598e+01
2.480793741194770519e+01,2.458801729684637394e+01,2.570345335685732380e+01,2.837297199799888858e+01,3.011016261347907630e+01,2.999354053729149427e+01,2.880307683437877131e+01,2.812930947992589381e+01,2.737195607357466542e+01,2.810646782978909641e+01,2.773718451461820678e+01,2.761220594547933160e+01,2.751214259491047187e+01,2.762804395650198330e+01,2.607832296274108330e+01,2.716320267622688789e+01,2.612158258257505850e+01,2.686202032196752043e+01,2.370529716700514200e+01,2.418041102414082388e+01,2.404133377506633451e+01,2.297955124537691063e+01,2.318088892702957082e+01,2.231136187456627340e+01
2.455890958090424192e+01,2.627354407464105179e+01,2.542378124961419417e+01,2.716782726057795117e+01,2.754425758738904051e+01,2.620322754440582003e+01,2.690269939255767895e+01,2.717990355688056070e+01,2.863087737043173320e+01,2.905677024675651410e+01,2.833782236371729368e+01,2.824027821800359561e+01,2.704001444745739491e+01,2.750352513589422188e+01,2.774171160807810566e+01,2.695723558335714642e+01,2.687570441782361286e+01,2.630683967279634317e+01,2.528016153635024921e+01,2.478837693358667593e+01,2.271246784350370262e+01,2.261056732011604709e+01,2.246155099980694558e+01,2.298932095341223203e+01
2.528029256078770004e+01,2.478520660544558041e+01,2.578610704399534370e+01,2.690142728483544943e+01,2.655447166317122765e+01,2.570885248427441638e+01,2.661296272685098074e+01,2.663307972341021923e+01,2.752875680277429637e+01,2.866480599444105337e+01,2.978343857199928379e+01,2.892051413885303646e+01,2.886105113222777163e+01,2.749053183000177114e+01,2.825705558998492961e+01,2.668594167252723537e+01,2.613729069941820171e+01,2.649929962398363159e+01,2.597764337893511311e+01,2.451361813463620365e+01,2.430087361046713568e+01,2.293292289691572705e+01,2.218697804992279998e+01,2.207310040322204259e+01
2.324656470287493448e+01,2.463650372113619369e+01,2.517422905860479432e+01,2.554700064772129053e+01,2.437282628787215799e+01,2.552316399393896518e+01,2.678206320816644848e+01,2.630830106785839462e+01,2.876747289085221837e+01,2.901869165009486551e+01,3.050644550156476953e+01,2.912185503398245601e+01,2.945761682024891570e+01,2.897130344400829927e+01,2.752064371137345233e+01,2.740526307210001278e+01,2.558990967547180162e+01,2.561846954432911616e+01,2.551616685534719409e+01,2.482472918338419277e+01,2.461102043898057445e+01,2.382008837571584081e+01,2.413730251703702834e+01,2.325449960628338886e+01
2.416230627285023047e+01,2.629033819659366600e+01,2.463011374536830544e+01,2.416451819973411830e+01,2.494972690502459045e+01,2.509322508464885004e+01,2.582020009248128645e+01,2.688205654342073103e+01,2.715673145869800464e+01,2.850955717136662315e+01,2.797520979730700219e+01,2.789652347581380809e+01,2.800468101156906187e+01,2.863551837192460425e+01,2.689855453510438110e+01,2.641588210316268714e+01,2.574029964929565040e+01,2.524700250015865777e+01,2.430529990723363198e+01,2.557323755801809284e+01,2.469067454571904818e+01,2.433746577858846649e+01,2.364170395532670454e+01,2.418305384096214539e+01
2.412572245147197236e+01,2.297750840249301518e+01,2.363080311931355482e+01,2.500290700086344486e+01,2.381894566075209241e+01,2.422651516645913716e+01,2.609673534901043013e+01,2.603806394986031592e+01,2.458559318554847550e+01,2.589509957804915530e+01,2.570516545828195376e+01,2.603918747797661126e+01,2.601293349057823434e+01,2.591205585721235138e+01,2.500809124407680883e+01,2.413465834631972484e+01,2.559236657929250214e+01,2.449981192376225181e+01,2.518789106916648279e+01,2.522817571069720088e+01,2.531009087066337315e+01,2.368341701313198655e+01,2.320202191421856242e+01,2.404908632600876217e+01
2.293542476006700781e+01,2.338635218674374983e+01,2.492244035628169740e+01,2.304836126015965192e+01,2.440264354451198869e+01,2.457526793904395390e+01,2.654638463423373196e+01,2.564556457460264483e+01,2.478540746060440370e+01,2.647132329862108691e+01,2.647484647813519132e+01,2.590546214348444209e+01,2.674910662976202502e+01,2.582572274193290696e+01,2.592306827437613492e+01,2.495522458282437128e+01,2.465949017745037963e+01,2.624371284650226244e+01,2.508892545748926750e+01,2.446412806195178291e+01,2.482347453272052462e+01,2.349031209064372661e+01,2.338377849044707091e+01,2.408662518145388276e+01
2.320454577815308994e+01,2.267001148110779241e+01,2.371470406808532516e+01,2.368418870642682350e+01,2.351327537458661254e+01,2.377545442611767612e+01,2.555495892000186586e+01,2.507576999844405918e+01,2.641828646693926430e+01,2.567962287454332682e+01,2.534552064760526946e+01,2.545540888494218734e+01,2.522901928654317771e+01,2.553341888276440841e+01,2.511256993608992616e+01,2.432176051767663694e+01,2.479506250151058566e+01,2.381517574730531805e+01,2.556169220396509445e+01,2.473897754876281851e+01,2.528186004631533024e+01,2.274385316988804107e+01,2.486824870463982506e+01,2.448896884875188107e+01
2.316775865325075756e+01,2.424218520116249920e+01,2.518218866126153443e+01,2.397424066641292484e+01,2.471712948469951243e+01,2.512239849849305529e+01,2.509145018166429963e+01,2.567278356205025602e+01,2.623082117129013113e+01,2.592680710666979849e+01,2.589724264157575817e+01,2.552883073152571569e+01,2.564520556537036100e+01,2.489459879565646361e+01,2.572563281663423140e+01,2.435635145927227541e+01,2.419657221863934637e+01,2.496323769286158267e+01,2.481601615738168221e+01,2.619118693728898961e+01,2.330798904252270631e+01,2.339192734079597358e+01,2.387072922141845766e+01,2.422781947548708104e+01
