2.895278109715434312e+01,2.839297970979174579e+01,2.932747366376713671e+01,2.977403292598609141e+01,2.817750804285384447e+01,2.740775067499674833e+01,2.927610169146839780e+01,2.796438135545378145e+01,3.021323056544906649e+01,2.943997438596181837e+01,2.919182503601143708e+01,2.906378940794741084e+01,2.832733578831317800e+01,2.979989033604044835e+01,2.886630392910592491e+01,2.825316947947391100e+01,3.051332510306787071e+01,2.927471546092925792e+01,2.871315027712489609e+01,2.898994728874322391e+01,2.981484066450400405e+01,2.852790677364930616e+01,2.957160955617530362e+01,3.068761405183010993e+01
2.824863672774949919e+01,2.805212322187645668e+01,2.812463265332814899e+01,2.885511273219020723e+01,2.798887419524737652e+01,2.891061711305258086e+01,2.821584916964587819e+01,2.796269404034643458e+01,2.883064232245720859e+01,2.859881937033486565e+01,2.825091149415072778e+01,2.890313131110997347e+01,2.890432669534675370e+01,2.937908402210081249e+01,2.901527345754709586e+01,2.918825978849980629e+01,3.018517261225775883e+01,2.967879768895539883e+01,2.839503092686152286e+01,2.918622057698331673e+01,2.896030541123462854e+01,2.896223553511885029e+01,2.915915009966585103e+01,3.044176650767866477e+01
2.951976938181928745e+01,2.884052834893657291e+01,2.965423577163005575e+01,2.947610592960535314e+01,2.940946890470922881e+01,3.145652036029923693e+01,2.821076721267212406e+01,2.943200976786573619e+01,2.947468743666928503e+01,2.955843308756493570e+01,2.932595152941365768e+01,2.896083258219277923e+01,2.919634974049262155e+01,2.923281372064184325e+01,2.886214622272308361e+01,2.988921021877814610e+01,2.989008922032076043e+01,2.906777684933086903e+01,2.882568416136973610e+01,3.005601362442695290e+01,2.980558568067073111e+01,2.941437435690744451e+01,2.994831372316605211e+01,2.940662767698063362e+01
2.834311768551788191e+01,2.966392789904574556e+01,2.932389354853120267e+01,2.942192463214132658e+01,2.941366868727675410e+01,2.898023276144692773e+01,2.971477120412708928e+01,2.977224048529416223e+01,2.999035181533520245e+01,2.940475564788391694e+01,2.838470852134508959e+01,2.914731936706789384e+01,2.895574767722052911e+01,2.952964669258847152e+01,2.985314607604544790e+01,2.861121976816116330e+01,3.041122453994455554e+01,2.963559178859708254e+01,2.964810786027203449e+01,2.965767347183196989e+01,3.072335679527566299e+01,2.859196350443897927e+01,3.046092423413762162e+01,2.900787719949164511e+01
2.846091927207868366e+01,2.982275411319363911e+01,2.900430375751153633e+01,2.962640429050384228e+01,2.848202262201095891e+01,2.885822419925108306e+01,2.865366673486511218e+01,2.916250550777135686e+01,2.806505717488715845e+01,2.897623204306376010e+01,2.828250915177642355e+01,2.822504634255824385e+01,2.915446235689950072e+01,2.891465074507209465e+01,2.790450811077801063e+01,2.845113472410753275e+01,2.966917639138512186e+01,2.921959430760574605e+01,2.973894693533026157e+01,2.964088159619444696e+01,2.890976410706855404e+01,2.982323710128656558e+01,2.778429345252339999e+01,2.924582382905776967e+01
2.808756051095315343e+01,2.762722232723137950e+01,2.818778543561489869e+01,2.841604405776541853e+01,2.929540364306598121e+01,2.884789212207823539e+01,2.863755367348812797e+01,2.849508361433390746e+01,2.894342131423161391e+01,2.913227953607133713e+01,2.867233364720510735e+01,2.859475362360063855e+01,2.921046564086674380e+01,2.881960448534283614e+01,2.795155404616514261e+01,2.898234528791294906e+01,2.843034481046089468e+01,2.876763724557002888e+01,2.904758848854760345e+01,2.921422445461428197e+01,3.008053418688695047e+01,2.857643863638554649e+01,2.984424754412981429e+01,2.989569987581336363e+01
2.899051433681825074e+01,2.929910341313694744e+01,2.883223249882422579e+01,2.894324310708140047e+01,2.918302376218395011e+01,2.927441664865222037e+01,2.974587532957065150e+01,3.024008540456156879e+01,2.978695189785156572e+01,2.910281748213611763e+01,2.956509932171928767e+01,2.868956293125506818e+01,2.887661799572947530e+01,3.000881678621499304e+01,2.932908254141722182e+01,2.950221502622503067e+01,2.825446215199423250e+01,2.937291270492522699e+01,2.911179975968912004e+01,3.019610523925581447e+01,2.950973522357668344e+01,2.938694551920428921e+01,3.052349219168206673e+01,3.025600135998769247e+01
2.893135297915716819e+01,2.984527017780891356e+01,2.905062935483266529e+01,2.908554587628731269e+01,2.967766865896726358e+01,2.999546342519653308e+01,2.862314579792115410e+01,2.979087940980616622e+01,2.979126735521964520e+01,2.870833694019091809e+01,2.998616789931901394e+01,2.992942448075388029e+01,3.029080878954533773e+01,2.903117963821364356e+01,2.946190062504399521e+01,2.977752917734153471e+01,2.995316844366806208e+01,2.898418101116624257e+01,3.021181323108817196e+01,2.981735007079583966e+01,2.950049844998528670e+01,2.969615049001134821e+01,2.894546402498593807e+01,2.901314963789468493e+01
2.802523469381816312e+01,2.865231664074570972e+01,2.797847911056805970e+01,2.807190210354309556e+01,2.894398629841202819e+01,2.890315286030113384e+01,2.895765824495668994e+01,2.873155308284276543e+01,2.935614760032666481e+01,2.877705661923818070e+01,2.919564772240482853e+01,2.862571433702817103e+01,2.998149878332958451e+01,2.957269551437957489e+01,2.990938430960909500e+01,2.932367325500456445e+01,2.856543746329759870e+01,2.901369533021630787e+01,2.864355683847509226e+01,2.928728822491586925e+01,2.857255377157116527e+01,2.976376661593900508e+01,2.909774561723583020e+01,2.887755623845430364e+01
2.803879360708538115e+01,2.952490972455319707e+01,2.833120193616809956e+01,2.857549496655502708e+01,2.830708291827693301e+01,2.899698458337411466e+01,2.838564965327617529e+01,2.870021818439033723e+01,2.939387853979400234e+01,2.850789087857737059e+01,2.880734895325491607e+01,2.889442494125211169e+01,2.834894639831020413e+01,2.943625028352715844e+01,2.983012438300045233e+01,2.877635262331045851e+01,2.860903349784439342e+01,2.857450010002958152e+01,2.881011150194854054e+01,2.889127291129017294e+01,2.861195142639627420e+01,2.885468672830734249e+01,2.903723091776714682e+01,2.858551660857739307e+01
2.908485125661667325e+01,2.897303032429539371e+01,2.964117054730974132e+01,3.016098396461831044e+01,2.977606912512891313e+01,2.923581992871311286e+01,2.947691231696120440e+01,3.060879428222597198e+01,3.019124195835161117e+01,2.888592049782022286e+01,2.998910033114998441e+01,2.883130056030580590e+01,2.953537307319760430e+01,2.989571854062552347e+01,2.891921250939282118e+01,2.995254657750842853e+01,2.896589865183074153e+01,2.913537572204495518e+01,2.927529990697672702e+01,2.893142037683617218e+01,2.866567669501779392e+01,2.974898501057174371e+01,2.915003204252155911e+01,3.055694878159471273e+01
2.869991512140489931e+01,3.014808828795543150e+01,2.999730712808661792e+01,3.030175248621537776e+01,2.959878589771835777e+01,2.980544327511853453e+01,3.034187280189826197e+01,2.981905548622125934e+01,3.001795324601260972e+01,2.951490473250822788e+01,2.930454025951939911e+01,2.914333290948337662e+01,2.907357221624494059e+01,3.039438079865863074e+01,2.939687137830219399e+01,2.900912841295388489e+01,2.989660719191823546e+01,2.931207961448905053e+01,2.971545449328095856e+01,2.968981814714220491e+01,2.952128417344414402e+01,2.933530166246748649e+01,3.010075765620246102e+01,3.017666360895645994e+01
2.868319767754292116e+01,2.830021937433201629e+01,2.863747875970841505e+01,3.006726880431824611e+01,2.853015135201320618e+01,2.944654870084133336e+01,2.957338928358558405e+01,2.889875804647721225e+01,2.950697132483213636e+01,2.979660466844200073e+01,2.940695814963294197e+01,2.986131186145860283e+01,2.982907959420248289e+01,2.860837235640633480e+01,2.977146034072580960e+01,2.938084738860777634e+01,2.922824507300737196e+01,2.914596206743453877e+01,2.957013624961086862e+01,2.883426602221334178e+01,2.833021980317397492e+01,2.927920032515618232e+01,2.833934968832022605e+01,2.923150299301011046e+01
2.898985831474004726e+01,2.973753069275829830e+01,2.855545892022104226e+01,2.904814645816742313e+01,2.949357968042221501e+01,2.835815235724072636e+01,2.756681491073686630e+01,2.948737201214964898e+01,2.956991769369312806e+01,2.833949945671361093e+01,2.889615433837201408e+01,2.885203148581905452e+01,2.947936394452142395e+01,2.977298200843364384e+01,2.939875700563379723e+01,2.888938252760152636e+01,2.934495085014231108e+01,2.857066128108289149e+01,2.849223374594163261e+01,2.923326529022870091e+01,2.907998704070092799e+01,2.931394748182583498e+01,2.941644550322445184e+01,2.809695863641911728e+01
2.974390778523280687e+01,2.827784479525536199e+01,2.933059113348195979e+01,2.997916642187260550e+01,2.987790625848964510e+01,3.011565154477250417e+01,2.880546972591207577e+01,2.873523518630480567e+01,2.853268286089087269e+01,2.978847885917070926e+01,2.870364051713113440e+01,2.888833979749978198e+01,2.853781804714367354e+01,2.989181110552232212e+01,2.971589150325434048e+01,2.972888916172286145e+01,2.978821778826824129e+01,2.903563939474707922e+01,2.969381416484833380e+01,3.071514163599181302e+01,2.992142436601716327e+01,2.943596078451957965e+01,2.970697325248028164e+01,3.036137502399662935e+01
2.971112941477161939e+01,2.971811982615349734e+01,2.918361042772494329e+01,3.043249026751021802e+01,2.968724983617062207e+01,2.930285352898334850e+01,3.006089154415280973e+01,2.940040438204493967e+01,2.976656411179254746e+01,2.938838349658698235e+01,2.999652086548167063e+01,2.983358155936463163e+01,2.994233638718964130e+01,3.002417394578668564e+01,3.029400338250417235e+01,2.996128336537270798e+01,3.029908753614984107e+01,2.980324005915394991e+01,3.028748249157968075e+01,2.903270723494296135e+01,2.924688076543827719e+01,2.993058279738494321e+01,3.037287525397067611e+01,2.971836624258662596e+01
2.859513513978174615e+01,2.935022535088450013e+01,2.907261748987485817e+01,2.975951188301712591e+01,2.969392479239820659e+01,2.890387545985402085e+01,2.884487337988417721e+01,2.907890119864458711e+01,2.862382985657211520e+01,2.874631972474713848e+01,2.884480516660573812e+01,2.929772069683394875e+01,2.915551497341670029e+01,2.962342896736328157e+01,2.919239517861478816e+01,2.896532819232174916e+01,2.933548885772313497e+01,2.976906975228166630e+01,2.963989211420334868e+01,2.891163944085690218e+01,2.953314971189598737e+01,2.941102594244711099e+01,2.967018918940101457e+01,2.932411898102679970e+01
2.917534693212104457e+01,2.971935011157108875e+01,2.955095070791679746e+01,2.892165240880802912e+01,2.835900023878451748e+01,2.898816164399715944e+01,2.968658468550131602e+01,2.888610014930401348e+01,2.939427760776089826e+01,2.818444939341418376e+01,2.905721865963135997e+01,2.916932906051181362e+01,2.981907475984337452e+01,2.896974036317431000e+01,2.937856555376993128e+01,2.862659802784520480e+01,2.909627207377263858e+01,2.896716027140200822e+01,2.928552110740713488e+01,2.973264405061109983e+01,2.983636812589344345e+01,2.953828614245225026e+01,2.871187096973164898e+01,2.993804059182593846e+01
3.034615567128616931e+01,2.964421298491015477e+01,2.987557133009232757e+01,2.936888559318907710e+01,2.913786427909212762e+01,2.976700223714090043e+01,2.887012986184856800e+01,2.978916351909083460e+01,2.966722048683777757e+01,3.005268149931532662e+01,3.036411533528257678e+01,3.057974328130251251e+01,2.960401565360194809e+01,2.978427534452873715e+01,2.924190738177082949e+01,3.058331238002466534e+01,3.025054735643777803e+01,2.991418447859035723e+01,3.012535448710957553e+01,2.838784918566381066e+01,2.935830202983015624e+01,2.925532821861480670e+01,3.010820204423941959e+01,2.966670149918968491e+01
3.044069124142436067e+01,2.934489534272023548e+01,2.996533919025489467e+01,3.084466217721137582e+01,2.972825249125151004e+01,3.045379416728627575e+01,2.918715426561294635e+01,3.004603728277174923e+01,2.955605034222480754e+01,2.966295780029440721e+01,3.042432574120834943e+01,2.973883857364558025e+01,3.060526834982243827e+01,2.953250748282448512e+01,2.969959469701677790e+01,2.935038672891261058e+01,3.057458426612578251e+01,3.004304032701185179e+01,2.948485086759188789e+01,2.980782574098964233e+01,2.957403155505693348e+01,2.955155459109647609e+01,2.977124586651740401e+01,3.001742556109866200e+01
3.015595249914463238e+01,2.974161296025522461e+01,2.942704796148711921e+01,3.028116552794199379e+01,2.912853117806605496e+01,3.048990402506609598e+01,3.015937272002844338e+01,2.974687131264562368e+01,2.973782268719492095e+01,2.936441937176903139e+01,2.993760559718907643e+01,2.984848830392689933e+01,2.936929986981147067e+01,2.964838014360998386e+01,3.020638701133020732e+01,2.964154071283297753e+01,2.897036499987569869e+01,2.959072088169153858e+01,2.927510684053311252e+01,2.904140195717496908e+01,2.990228134664221216e+01,2.980338076863938568e+01,3.006942107743225279e+01,2.981215373504346644e+01
2.989906480672635780e+01,2.928828662827896778e+01,3.011374433288852970e+01,3.024294611243755071e+01,3.035954501438487796e+01,2.980334041428886849e+01,2.990497176080094732e+01,3.015816959850531020e+01,3.031104444814599219e+01,2.987376949584705699e+01,3.008880686467756504e+01,2.937992850930061195e+01,3.010406487102119399e+01,2.934837162044783554e+01,2.981489270734613228e+01,2.970437287823648376e+01,2.885439719973243200e+01,2.891872443779499235e+01,2.884804228054395026e+01,2.837972339311949099e+01,2.885347326242504096e+01,2.979367486292920830e+01,2.925708123083757073e+01,2.963936119984907691e+01
2.965651404059212837e+01,3.022521882856335651e+01,3.006343099807480712e+01,3.034915385991416770e+01,2.946253936046508670e+01,3.077486956031424370e+01,3.014047486881997884e+01,3.053282399226009147e+01,2.993644441249318788e+01,2.979040980697527630e+01,3.038373678787519339e+01,3.126849740830232349e+01,3.048840603586126008e+01,3.018082144135803446e+01,3.031762912644273911e+01,3.006085367455131063e+01,3.055708782676350665e+01,2.889982778992856538e+01,2.996450922556357455e+01,3.055859868026800541e+01,3.005143568425745570e+01,3.067268930865327548e+01,2.988252693441529573e+01,2.908926310175434082e+01
2.975899104913276005e+01,2.979643573023338377e+01,2.995590340105297855e+01,3.019344490012434790e+01,3.043332782367349409e+01,2.971337465189628801e+01,3.014871024477491801e+01,2.902091312300058235e+01,3.054427542712716104e+01,3.030190001291339286e+01,3.021928477705017713e+01,3.016023920526112079e+01,3.084916409069165866e+01,3.036267529793445874e+01,3.013952117034023104e+01,2.990261877033680094e+01,3.035749946942365796e+01,2.975422054068218358e+01,2.995954315879038177e+01,3.031127742135907965e+01,3.087728244461487748e+01,3.014345538681351400e+01,3.034188807831321810e+01,2.963437216977871458e+01
3.019913342371324916e+01,2.954287129252321620e+01,2.878998876413356811e+01,2.929361404242979461e+01,2.868602257608330319e+01,3.027487943499545509e+01,2.955738152080584769e+01,2.888995422422300408e+01,2.917331053365109028e+01,2.975604842628143842e+01,2.962647717890143895e+01,2.915306926832545287e+01,2.941619669234052026e+01,2.900809417686417646e+01,2.908234756944364108e+01,2.948262111873543745e+01,2.994968881975466957e+01,2.903766604433195653e+01,2.942780107579335436e+01,2.927462985212241620e+01,3.039619089280012076e+01,3.013327858862510311e+01,3.036788612618886418e+01,3.031428125077337654e+01
2.959420885355342534e+01,2.937421997709822108e+01,2.847621731273392243e+01,2.887544783463141584e+01,2.891731522693635270e+01,2.891773009958853891e+01,2.923133987797922373e+01,2.876085474176295520e+01,2.886552421786291234e+01,2.919997238118156702e+01,2.945617861533401083e+01,2.881994236248056040e+01,3.042564673030017275e+01,3.035981995933178723e+01,3.022237131089246986e+01,2.975422054068218358e+01,2.951791018679398348e+01,2.887032142662764045e+01,2.970727710092472762e+01,2.994312946239887196e+01,2.936069974725654674e+01,2.902918600493097756e+01,2.925507239199328069e+01,2.867674233666485861e+01
2.930111625871944625e+01,3.005997140345601792e+01,2.913509550780531754e+01,3.024045997361560012e+01,2.953856762654493195e+01,2.979027996619436180e+01,2.898033276661141144e+01,2.998289263000185656e+01,2.930003702509100094e+01,3.007304338710741831e+01,2.952840338141174925e+01,2.989779479444860044e+01,3.012760278156088134e+01,2.994935622447104606e+01,3.037132861245078175e+01,2.985409992231916476e+01,3.063231090978030124e+01,3.079139277784804563e+01,2.985118050069706896e+01,2.991079535887541851e+01,3.036335389046877253e+01,3.015198538040834819e+01,2.995237297243869534e+01,3.094450975038785145e+01
2.851418863567096196e+01,2.912589271967641480e+01,2.915552499927531471e+01,2.900731659075671587e+01,3.085632920820813752e+01,3.063731382227109634e+01,3.009408672612028113e+01,3.043700471520338624e+01,2.952716401512282118e+01,3.002366647129974808e+01,2.943825839179447712e+01,2.983939198830455553e+01,3.040074109236229560e+01,3.039889136012322979e+01,2.985702310468928999e+01,3.093111032334076071e+01,3.037817729214555129e+01,3.054252240797870854e+01,3.015991200422809015e+01,3.091105775101220843e+01,3.097549075109651540e+01,2.917601134915372540e+01,3.050522221559856462e+01,3.076013370324312746e+01
2.860985033451379422e+01,2.788067171577080217e+01,2.963871270159825144e+01,2.847836129625619606e+01,3.029115156111214446e+01,2.936411312031526677e+01,2.863709079479980346e+01,3.032980201963306399e+01,3.070101507829423326e+01,3.037335696666445983e+01,2.907973999874775473e+01,2.900552784281995855e+01,2.978245310656467382e+01,2.945234574672508643e+01,2.954821578977851004e+01,2.982208500717803190e+01,2.842880664164937343e+01,2.902990680899409881e+01,2.878677001105307909e+01,3.092399003537252611e+01,2.930667606661364744e+01,2.972121816929831084e+01,2.937522430274117369e+01,2.891283647705586191e+01
2.910285287320613179e+01,2.814003510533933650e+01,2.836300267875873260e+01,2.842688320846917804e+01,2.938633098140002176e+01,2.941709263864197510e+01,2.961029341299956741e+01,2.881591439215816308e+01,2.986009649852144321e+01,2.965453494956352642e+01,2.998698065394927426e+01,3.024743797751119700e+01,3.007336367330998428e+01,3.016484752404988967e+01,2.983192760605720650e+01,2.894040607091801576e+01,2.898750677620614624e+01,2.923887265827409010e+01,2.821902376152354464e+01,2.907234287871784773e+01,2.999635182223431684e+01,2.920297602700122752e+01,3.058745940549266606e+01,2.878847681442653084e+01
2.963776668144646464e+01,2.894128844048748306e+01,2.895122579767274829e+01,3.021810234853228394e+01,2.868068680638992873e+01,3.130585845371132336e+01,2.907536701211529362e+01,2.962760667923993196e+01,2.995201900858495492e+01,2.978608530107169372e+01,2.971407388669115335e+01,2.915781417537903053e+01,2.961668549695605179e+01,2.964624598866453198e+01,2.972306917071853150e+01,3.054070827956843459e+01,2.984910636592479705e+01,3.091019944503347006e+01,2.997881152101285807e+01,3.017850079667505270e+01,2.951439040228501653e+01,3.123479671324753326e+01,3.004769069970905093e+01,2.965212552989669348e+01
3.063378433355586594e+01,3.038199066822789973e+01,3.003926078345267570e+01,3.041364299489129053e+01,2.933579185625364971e+01,3.093717815248800207e+01,3.077065958133658796e+01,2.900462305294576026e+01,3.012116373820634863e+01,3.035555044242198619e+01,3.021484680954642954e+01,2.972435755673291169e+01,2.934662799551091439e+01,2.974702410656084339e+01,2.921237949262439315e+01,2.944926976611668579e+01,3.024263442995078321e+01,3.046988352420396495e+01,3.073797040721291296e+01,3.021478435561795095e+01,3.000422299784406732e+01,2.977587755730303343e+01,3.189167256462155819e+01,3.001577676298074948e+01
