2.443255782598527048e+01,2.604783626849842904e+01,2.565583894095544792e+01,2.529904851200387839e+01,2.524679994859275212e+01,2.612304603716148677e+01,2.609044274218518922e+01,2.449044139024852029e+01,2.497372885426352696e+01,2.482481684154367940e+01,2.483489922719047627e+01,2.399539231903492009e+01,2.396487644573477382e+01,2.452685272386963788e+01,2.517047046469986071e+01,2.473443240987762692e+01,2.640232808577945889e+01,2.463075580484604643e+01,2.522975710194504018e+01,2.499780847976410314e+01,2.469792063159258078e+01,2.546410194470882971e+01,2.609976266632151010e+01,2.615382885094396670e+01
2.455005821643266017e+01,2.491727392777971772e+01,2.571513829193594347e+01,2.469643274643635777e+01,2.405288787195030409e+01,2.550271445090834277e+01,2.593135805729667709e+01,2.475693039718561295e+01,2.491938858099581466e+01,2.446597695415363205e+01,2.501795365917763547e+01,2.479582688032996884e+01,2.370912151028795734e+01,2.423301474964046065e+01,2.358469913854253264e+01,2.421010557504979488e+01,2.542846214607271804e+01,2.512723939561118414e+01,2.446899934377108821e+01,2.504988510880343711e+01,2.408463626474963348e+01,2.475349705407455758e+01,2.496785088495994387e+01,2.450789056661886889e+01
2.403821108146809138e+01,2.440926424730503186e+01,2.478911739443094575e+01,2.510939303214672691e+01,2.368382503971639608e+01,2.538890483621082694e+01,2.411252326941036017e+01,2.490172361952113533e+01,2.433745958715047664e+01,2.440205200436963651e+01,2.442110052197887171e+01,2.445562675605231107e+01,2.387941371508810562e+01,2.494485380070705105e+01,2.499485198224260785e+01,2.417375026997729037e+01,2.497855442090491351e+01,2.453533704363519519e+01,2.450900353977010582e+01,2.531680544348745343e+01,2.435547186508051709e+01,2.590712477641227451e+01,2.557609518779776181e+01,2.516513348101943848e+01
2.415264761483564371e+01,2.553369073504939024e+01,2.567742772444745469e+01,2.482674695205662374e+01,2.462809875094143308e+01,2.668114851993522052e+01,2.608519233289996464e+01,2.612758300815931989e+01,2.469107560612343377e+01,2.596175595075970932e+01,2.388090739085038194e+01,2.467179724909232164e+01,2.509330896880965156e+01,2.547953055465490024e+01,2.478000117751014386e+01,2.473251004591645597e+01,2.493227514112902554e+01,2.513335209405619253e+01,2.556967256607691752e+01,2.554186839177469892e+01,2.470024950514891771e+01,2.486274857659475401e+01,2.521357357938779842e+01,2.479715499147823721e+01
2.480578515574632092e+01,2.404746410291488701e+01,2.669734249751786592e+01,2.443805999645246629e+01,2.505439228221644044e+01,2.476773976612264505e+01,2.459518231777724395e+01,2.411188478173545491e+01,2.421863781052297782e+01,2.414683370282779151e+01,2.462717230088492215e+01,2.529956888706425389e+01,2.570181893815890817e+01,2.560174384273568648e+01,2.424883205599638814e+01,2.549868536566469857e+01,2.603156923788759514e+01,2.609670000318908478e+01,2.530270560958518899e+01,2.553703208433228156e+01,2.585240788159723024e+01,2.589819088526542146e+01,2.494140790471959690e+01,2.504869935412409632e+01
2.511462330017945987e+01,2.442382961417592924e+01,2.428948132570241114e+01,2.476526117583586029e+01,2.418897750031351279e+01,2.438703425100544564e+01,2.333779071001220018e+01,2.442868146075477398e+01,2.529592356651141927e+01,2.450965514348285978e+01,2.426253034858802948e+01,2.344082365389544975e+01,2.500321264686124323e+01,2.572325017705531991e+01,2.483784205869488915e+01,2.551156906835097971e+01,2.494415763957255194e+01,2.565026589064950713e+01,2.576572726492787524e+01,2.434432188146593035e+01,2.483389902737042121e+01,2.548739822293930501e+01,2.532148617497432497e+01,2.532107460709750058e+01
2.442791481444970714e+01,2.498584126997616295e+01,2.432962652750387633e+01,2.445790576434194463e+01,2.473589172398874325e+01,2.443344963246789803e+01,2.438121612187325127e+01,2.450233949653340915e+01,2.426313318309303213e+01,2.374699453956429807e+01,2.482364551113334983e+01,2.447135478427918542e+01,2.355551329302608110e+01,2.453758777614910969e+01,2.532592803388416769e+01,2.511921681854198596e+01,2.645752997400705908e+01,2.420940226778577653e+01,2.508033174937463627e+01,2.559902311295923028e+01,2.546907106202093019e+01,2.430638730724268726e+01,2.400299918010102829e+01,2.362934147842571520e+01
2.393022886980912745e+01,2.469952030825857037e+01,2.455018315094855552e+01,2.398079651698714088e+01,2.407156101684341820e+01,2.460275959740437202e+01,2.439594374002319910e+01,2.482389035339724614e+01,2.467771927093878048e+01,2.449471058432220616e+01,2.397090113847048087e+01,2.429590371727908860e+01,2.467454247434784520e+01,2.519869785599615852e+01,2.453435003205481735e+01,2.541249444249621092e+01,2.484151724075076118e+01,2.476984061600455789e+01,2.508035799096728624e+01,2.444599454748623657e+01,2.526673856127479212e+01,2.484940816864821045e+01,2.547099216434986602e+01,2.629891255641166481e+01
2.458848739864140498e+01,2.392128648069387964e+01,2.371917541301195342e+01,2.377758395513717460e+01,2.492218124093693632e+01,2.485156446561597932e+01,2.419423168514595091e+01,2.431095844704253750e+01,2.427304467696831125e+01,2.383134979136917764e+01,2.343141089809620325e+01,2.388475093132592519e+01,2.532156500965919577e+01,2.486114488946907386e+01,2.487826150470874609e+01,2.582325649658531574e+01,2.509120390355360541e+01,2.426597343128054263e+01,2.426523858972660719e+01,2.541223810056857246e+01,2.527663318930825653e+01,2.457958649367986936e+01,2.504492106748887181e+01,2.414651268028535469e+01
2.500678617027494965e+01,2.569050735122664264e+01,2.448270398975955686e+01,2.493500518539059385e+01,2.464658501185704154e+01,2.405863673021150362e+01,2.362288864225575935e+01,2.470412783207888197e+01,2.450245730546259892e+01,2.413318247837503350e+01,2.445115279110399342e+01,2.420302635835304272e+01,2.400086176470313148e+01,2.461388616704527976e+01,2.586088433989402802e+01,2.511842045918405120e+01,2.443028487108858826e+01,2.473359197551991429e+01,2.478103536888528424e+01,2.540361466401878943e+01,2.529909001922362677e+01,2.480915662313850589e+01,2.361629979717673677e+01,2.430130797193697845e+01
2.399037403227697496e+01,2.472232327401064822e+01,2.444311453746189500e+01,2.478923307802261888e+01,2.482782575553125071e+01,2.429630200472257684e+01,2.372717691421769359e+01,2.330279769921185107e+01,2.394405395555713767e+01,2.364038786636592704e+01,2.428361744656274368e+01,2.465681351425433832e+01,2.400408494772108270e+01,2.436702965653302044e+01,2.424236081872840032e+01,2.512180570749762865e+01,2.601805589804627061e+01,2.512825281095587115e+01,2.510637949830140769e+01,2.631702775501054248e+01,2.536935331423831030e+01,2.462674348017361581e+01,2.472910413983908029e+01,2.439284247358659741e+01
2.316896179178883131e+01,2.533578675932562874e+01,2.503028487404287716e+01,2.476566738716360305e+01,2.485149723881346517e+01,2.450896757742498266e+01,2.401189460572385315e+01,2.421127317480471675e+01,2.375800560289036412e+01,2.377859368812812590e+01,2.377017796565490926e+01,2.412385402396711243e+01,2.372960246969921627e+01,2.440990951016976851e+01,2.454910461921275555e+01,2.484527521388071136e+01,2.557650339303529563e+01,2.566162642581690534e+01,2.607346674645867779e+01,2.672481085068938000e+01,2.371842534441930184e+01,2.475465898333567338e+01,2.420681364039450045e+01,2.555096780039218629e+01
2.445029964264290356e+01,2.462505602691084050e+01,2.500548126447472441e+01,2.624902961084086428e+01,2.471666589220558308e+01,2.397943333138357502e+01,2.491638304136171200e+01,2.418430918537723073e+01,2.432466385617919968e+01,2.390764211326711575e+01,2.336849987975722343e+01,2.399809321881525648e+01,2.455632428960882407e+01,2.344792051535182509e+01,2.481479541202639894e+01,2.420662876228277582e+01,2.524215667974198141e+01,2.580435812377015736e+01,2.559197999826869818e+01,2.548358917413594327e+01,2.448462418139229158e+01,2.558030877967365768e+01,2.429972558768696445e+01,2.366761200530373799e+01
2.533517001061272822e+01,2.553180117226008861e+01,2.470960872084572202e+01,2.597175601707698434e+01,2.458573183110223681e+01,2.417420956911405483e+01,2.532339851321069091e+01,2.497784821511055497e+01,2.491644434641978023e+01,2.367321611831670225e+01,2.387772654712148324e+01,2.417625851527128589e+01,2.385454989386971647e+01,2.449539086652572450e+01,2.459255574856416615e+01,2.456878107328412852e+01,2.484165473089205989e+01,2.541819962802907185e+01,2.516064833401304668e+01,2.557724529782814216e+01,2.470180448236015991e+01,2.423022965562569198e+01,2.410149763682642288e+01,2.512452687317596656e+01
2.553185148429548690e+01,2.443171738269393245e+01,2.535041688170292673e+01,2.469167499386458076e+01,2.444211950158671698e+01,2.524268356477813313e+01,2.500521242855074888e+01,2.508495883919999869e+01,2.455873420385398731e+01,2.462740022448434729e+01,2.421440252153229267e+01,2.456352595282965012e+01,2.455469492181225633e+01,2.441432070015110867e+01,2.508575095029539170e+01,2.525346839001088028e+01,2.496902173801754543e+01,2.501668178119973618e+01,2.537064434284923209e+01,2.536089703857942368e+01,2.430456321929949581e+01,2.467287508262245410e+01,2.402937576559952504e+01,2.482935697884619231e+01
2.528056598161435886e+01,2.452423900932393508e+01,2.479043130012166785e+01,2.553768755193823381e+01,2.297406840428249097e+01,2.460964665153261421e+01,2.434984015702985971e+01,2.385256520712704287e+01,2.476770118519203834e+01,2.524600852378205218e+01,2.369035140018110042e+01,2.537493957063423977e+01,2.548363063831442332e+01,2.524119890436071501e+01,2.551615707878727335e+01,2.499229872144422870e+01,2.534760328833613130e+01,2.566263171366404094e+01,2.495026564706120098e+01,2.468621932559682364e+01,2.399340934307133466e+01,2.467316107417252624e+01,2.433943939862240313e+01,2.472837859436663166e+01
2.395757493466993537e+01,2.453055254878643154e+01,2.392287961531019391e+01,2.518560116005056670e+01,2.340797050963828951e+01,2.313146535275205906e+01,2.572706563558972448e+01,2.628506508951630849e+01,2.718108132596552196e+01,2.692305706233469209e+01,2.555108516243348049e+01,2.530817667189018039e+01,2.452931903460807916e+01,2.514895539217195619e+01,2.539709176828040427e+01,2.545774110443699101e+01,2.484226604746226030e+01,2.490183207407369537e+01,2.481718338512627042e+01,2.487993677657112812e+01,2.465213836409992609e+01,2.466712160553993272e+01,2.350536944178958265e+01,2.398638145196252935e+01
2.454136714019426790e+01,2.456608915735546361e+01,2.477225762947722387e+01,2.453437169284859465e+01,2.451861746814586240e+01,2.500400235729512133e+01,2.487501672371968198e+01,2.523807587915791828e+01,2.557663403752690101e+01,2.552716566388852470e+01,2.508158313190409672e+01,2.452204576257202007e+01,2.470964683971010345e+01,2.416328928295001788e+01,2.473369010219181519e+01,2.430350170848578273e+01,2.459189402631295707e+01,2.548019247784901609e+01,2.375394621251280114e+01,2.455084268943704728e+01,2.477882229156188032e+01,2.411320864413875142e+01,2.450168201407240076e+01,2.518974939900067511e+01
2.454968375052050078e+01,2.445143857247103369e+01,2.550855591080016893e+01,2.404516378732284920e+01,2.551857031489578276e+01,2.649267073554591434e+01,2.611076195341473749e+01,2.667871145343207218e+01,2.621912748022549522e+01,2.642940540266039307e+01,2.743774513189202935e+01,2.543644519816285765e+01,2.597981845163900516e+01,2.548828597508980920e+01,2.510470685958841841e+01,2.463024815940013923e+01,2.561000289202644353e+01,2.576341025933896844e+01,2.545596474345052229e+01,2.383948503561316556e+01,2.428324196693870363e+01,2.376385332291943087e+01,2.424588536492041158e+01,2.485997216581262137e+01
2.480458942253511623e+01,2.569500670417193078e+01,2.461528278481654297e+01,2.481972330896951462e+01,2.665377607335335597e+01,2.737276444883553950e+01,2.660390835602572679e+01,2.693641960323839157e+01,2.676981452254653959e+01,2.653858143754922594e+01,2.630353657569236248e+01,2.696365620843226907e+01,2.664974817143291830e+01,2.740924265822968664e+01,2.673101221917562498e+01,2.534838704629760286e+01,2.489420626389886593e+01,2.484117224344595343e+01,2.513730682160013430e+01,2.561883363575276462e+01,2.485791504112404482e+01,2.462656797861870928e+01,2.481262760967285885e+01,2.502658972779710211e+01
2.432054086886387267e+01,2.489780709321729546e+01,2.446891921787789670e+01,2.421088648677056199e+01,2.730326395866211442e+01,2.791612263391965598e+01,2.795161501757104361e+01,2.835708824316873233e+01,2.764146106361022248e+01,2.721972033343189423e+01,2.698960037207621099e+01,2.804241437587864993e+01,2.823275688620606161e+01,2.731536256125662021e+01,2.709177700945855349e+01,2.531087258659630379e+01,2.514649578214488201e+01,2.556502800756237548e+01,2.546411111318792564e+01,2.414395127107206918e+01,2.410115378286945997e+01,2.433041563080939795e+01,2.419909797967363829e+01,2.462365860014568852e+01
2.401998093160233338e+01,2.486080135784334288e+01,2.477109502641985728e+01,2.570566024181908915e+01,2.781379109709911290e+01,2.847795160505398826e+01,2.852072477458602862e+01,2.825811551290814805e+01,2.702090564361697034e+01,2.761718081354462129e+01,2.831131971878193099e+01,2.808481590637404679e+01,2.848781370295506576e+01,2.756268492052180363e+01,2.768449810469388694e+01,2.470073722602484168e+01,2.501420723141018243e+01,2.542901037534250008e+01,2.604416585834354692e+01,2.452653983117528469e+01,2.427355185373812674e+01,2.398849276812973130e+01,2.408147493928180438e+01,2.518887462243463915e+01
2.477865997417336530e+01,2.516548748803609215e+01,2.468719948540405085e+01,2.498428875842267871e+01,2.805771547822138245e+01,2.807442631393240617e+01,2.833391064270409743e+01,2.887984794178152015e+01,2.896343259392813252e+01,2.827067219532739273e+01,2.833789630769240375e+01,2.903611174622301405e+01,2.773644992960043965e+01,2.791900157198637089e+01,2.773355264246509932e+01,2.623481089595406957e+01,2.535476924896880746e+01,2.592774918695153019e+01,2.525587250244848292e+01,2.455857220186300083e+01,2.402833900923258170e+01,2.425483779796132922e+01,2.491508385240598500e+01,2.517918968210244657e+01
2.415929967729721284e+01,2.468630688067366918e+01,2.533133252220488885e+01,2.538879925350659050e+01,2.831490736158968957e+01,2.811315981529605779e+01,2.832434413552704200e+01,2.861025955107254504e+01,2.866081054358284064e+01,2.823777389989720632e+01,2.901823056937598722e+01,2.860228897533409054e+01,2.828192710667497067e+01,2.913870209795805977e+01,2.667643875289081734e+01,2.609126044826456337e+01,2.512041801026367693e+01,2.539603619282394220e+01,2.595296732614838220e+01,2.557564082516995541e+01,2.447448286413447249e+01,2.479836353677706029e+01,2.420098347316223908e+01,2.419147817911550646e+01
2.550968129623726099e+01,2.670002342811977769e+01,2.693517511289610411e+01,2.602178279931212046e+01,2.821739216226660574e+01,2.809778431951013999e+01,2.992793393251616862e+01,2.886350780967308083e+01,2.963826367353146907e+01,2.929746557850927502e+01,2.899092081312494429e+01,2.813615993130349580e+01,2.855462004927170483e+01,2.775469466977438060e+01,2.630774910768690233e+01,2.581354122965677789e+01,2.613167024759422929e+01,2.586101173550872545e+01,2.522519796868232334e+01,2.467201213948720806e+01,2.453117516738689119e+01,2.400278666865227706e+01,2.397646623299328894e+01,2.423692122271819471e+01
2.527175319732225489e+01,2.573427096041780260e+01,2.580645930404830324e+01,2.661137053486106652e+01,2.773568469231730660e+01,2.863319489470205781e+01,2.939704239437696742e+01,2.910629797481345804e+01,2.884637205084209199e+01,2.932159185771399734e+01,2.898229422946792511e+01,2.904959297529865125e+01,2.839836726537146205e+01,2.726311932694676443e+01,2.603988512030133506e+01,2.575263999658170633e+01,2.620816737222185111e+01,2.733528997563905705e+01,2.585729269354800408e+01,2.647363997482955256e+01,2.511391133204153903e+01,2.477983133823369144e+01,2.441241191544980893e+01,2.496831737718099475e+01
2.655742855030172223e+01,2.618943232533251830e+01,2.505224693761851995e+01,2.534290626004047908e+01,2.670320910847493678e+01,2.654504986273855138e+01,2.689394050308015949e+01,2.692369278483062089e+01,2.794574582318176681e+01,2.775992580504794205e+01,2.773853670034264951e+01,2.736388307203634440e+01,2.705373939949492978e+01,2.722516279043355780e+01,2.709883258458751243e+01,2.563573697301376342e+01,2.589725666147438687e+01,2.716127868905971354e+01,2.736325243713383770e+01,2.681046440012897847e+01,2.591685686401069688e+01,2.446264625943615556e+01,2.506688133690676068e+01,2.454146293760840081e+01
2.507409078023573556e+01,2.567873994411405647e+01,2.549854660506372284e+01,2.597933714657369819e+01,2.620067204604015387e+01,2.660518925500571186e+01,2.605116651953233031e+01,2.757142895821823458e+01,2.757974526016681693e+01,2.657197572597954149e+01,2.596714284994209265e+01,2.654253043059162565e+01,2.694700359109282317e+01,2.599828501441413664e+01,2.582941940305408934e+01,2.635159662281068904e+01,2.654500194334002572e+01,2.650120218568082464e+01,2.670072948234513888e+01,2.666416948299394107e+01,2.613325338709762491e+01,2.587057724685524818e+01,2.515114188501610215e+01,2.471270103418567032e+01
2.517486840836630790e+01,2.486909222599422264e+01,2.598748496500138572e+01,2.543617041185245853e+01,2.603391316622412432e+01,2.569866443298241165e+01,2.681436303976818181e+01,2.807163237882065232e+01,2.588834230144806270e+01,2.534365309511667874e+01,2.581890289617865619e+01,2.550843250362220260e+01,2.498023614964034778e+01,2.462181474161548067e+01,2.629842523628980189e+01,2.731086030461568726e+01,2.647848351892127994e+01,2.609670000318908478e+01,2.429571770646100504e+01,2.486030776747202253e+01,2.582754215813901055e+01,2.454685015146424121e+01,2.439338104858705947e+01,2.383760483482666359e+01
2.413343332260950547e+01,2.491446125177776594e+01,2.535591171025527046e+01,2.518568650644499485e+01,2.593424198819002413e+01,2.596314837061993330e+01,2.656410575816119035e+01,2.635764215792613641e+01,2.561389335624693331e+01,2.501499970983553567e+01,2.631722870873375086e+01,2.679563198853367112e+01,2.563321216393421764e+01,2.536250817604729946e+01,2.517850315645745241e+01,2.662807364491283124e+01,2.938849381314514631e+01,2.849799538627053153e+01,2.511571777504377678e+01,2.538679496429796245e+01,2.546998579255114237e+01,2.401705947070234970e+01,2.427085852371777719e+01,2.462072519967028938e+01
2.406646565077107880e+01,2.498523921964391548e+01,2.377287889028167456e+01,2.534953575273465276e+01,2.664818878091438137e+01,2.697633202363351757e+01,2.652664920618332189e+01,2.616662243469471605e+01,2.629593766189412918e+01,2.675024878415064222e+01,2.544357575175394004e+01,2.609551112651092808e+01,2.491193064461612039e+01,2.575857781831172133e+01,2.563448944671392837e+01,2.624207065296036490e+01,2.745450430409260889e+01,2.724377012188500657e+01,2.565415638444358137e+01,2.495757695042061641e+01,2.559320448737111064e+01,2.596534053458151448e+01,2.493873654817485885e+01,2.517872578932895067e+01
2.473245235508557016e+01,2.536208211988548555e+01,2.511152192978624953e+01,2.551936602909563589e+01,2.681411140814424243e+01,2.728049038042917118e+01,2.799379156302853744e+01,2.664456368913664619e+01,2.666210767437416962e+01,2.752081571715200425e+01,2.802758209925315214e+01,2.732053754000901336e+01,2.649542167790815483e+01,2.790818686351144606e+01,2.508720579377444437e+01,2.509751345542719037e+01,2.485113334332220347e+01,2.740436999237243754e+01,2.503211001049129436e+01,2.628040845815934290e+01,2.445556223244079774e+01,2.511539603378372476e+01,2.505566696839002816e+01,2.479032126204077713e+01
