2.877293479065855308e+01,2.925462367296751154e+01,2.878818786189498269e+01,3.044601913108317603e+01,2.971214643228722707e+01,2.933279159919624135e+01,2.941747068978099833e+01,2.917144109411708541e+01,2.997052393876862197e+01,2.888060612363267410e+01,3.074520049679978229e+01,2.918978810625236520e+01,2.921816514853514946e+01,3.059643300846943248e+01,3.043083762424743099e+01,2.949364810098450107e+01,3.050780348604774872e+01,3.006055729290687850e+01,3.005375053853254030e+01,3.090019869117884355e+01,2.972806704746437845e+01,3.045777078014305062e+01,3.063361134611682246e+01,2.892737229132688981e+01
2.964023113957074429e+01,3.009125220645000809e+01,2.953514973156256929e+01,2.914532843945795548e+01,2.916806304799206373e+01,2.973160750616051473e+01,2.964560167159152115e+01,2.973488958079457234e+01,2.959524635876869070e+01,3.015565366993024554e+01,2.926170044333707665e+01,2.982878848297156082e+01,2.972389034250039686e+01,2.904671618623041240e+01,3.003659731579273284e+01,3.096270169460598254e+01,2.925026348841748813e+01,3.016191865957819118e+01,2.852173137601050712e+01,3.031297788261713322e+01,2.994070865571512741e+01,3.007816573003015037e+01,2.892318407432662752e+01,2.964000509464119659e+01
2.897724470407359831e+01,2.923304919796970580e+01,2.948451993886959599e+01,3.017151321245529516e+01,2.890475975760602978e+01,2.956721270012741343e+01,2.801688788501195404e+01,2.895387789500296094e+01,3.018220229119168607e+01,2.890762422108366536e+01,2.883996465081253291e+01,2.939458039426239111e+01,2.995250290805682880e+01,2.886574846472927902e+01,2.861476235390023248e+01,2.893369832303500289e+01,2.917834744675218417e+01,2.906549131501594729e+01,2.955893469938644103e+01,2.941255023016424275e+01,3.005987621033375490e+01,2.999004067870475865e+01,2.851654577404866586e+01,2.947667531157321719e+01
2.999496562244337383e+01,2.924173301924037105e+01,2.932840599260828185e+01,2.913029365634861279e+01,2.926599263773528037e+01,2.898057585655055846e+01,3.050103263978428458e+01,2.900919607039628545e+01,2.958066873618383852e+01,2.872784811636131508e+01,2.983859752081355055e+01,2.871619390351537504e+01,2.962266186533111068e+01,3.013247695914196811e+01,3.010912356564858783e+01,2.999021694025680063e+01,2.945506438444920150e+01,2.921551364463374512e+01,3.006465417441808086e+01,2.979591862533629865e+01,3.005060540500852539e+01,2.953489867178086570e+01,2.944749906017693775e+01,2.925119879831851222e+01
2.928829663714816434e+01,2.850259764597973344e+01,3.032841079664797235e+01,3.064178757034272849e+01,3.045032451624985015e+01,2.907579544217168177e+01,2.865496788959740115e+01,2.888867556771504042e+01,3.020926685650192667e+01,2.874825901201421630e+01,3.004998315127198794e+01,2.989246740698132498e+01,2.998163850690167465e+01,2.946024173775521149e+01,2.929956124970578912e+01,2.956621025945059955e+01,2.992197737408497460e+01,3.032034636361879620e+01,3.073364925323073749e+01,2.897609903342242887e+01,3.048363831176067151e+01,2.928015078836534713e+01,2.915239119045043026e+01,2.988703290392493273e+01
2.881931431669141830e+01,2.871765907505630366e+01,2.919406197280801507e+01,3.060232549054580886e+01,2.911482364788241739e+01,2.960787925356464712e+01,3.008840821585528147e+01,2.909046933514719058e+01,2.944337268485548975e+01,2.976468598344058591e+01,2.902843716637431726e+01,2.980744173879139680e+01,2.919441092630324874e+01,2.893275674135514919e+01,2.924232669590571732e+01,2.964674008368609748e+01,2.915187875334191858e+01,2.961595419310310717e+01,2.917716270811507684e+01,3.061820896646275969e+01,2.901492889592992697e+01,3.094500425917414077e+01,2.942331070634895696e+01,3.023732746443619135e+01
2.894761135725860868e+01,2.961805975860943363e+01,2.847744142254850885e+01,2.913953060728260880e+01,2.953548078111293762e+01,2.933717513522600484e+01,2.960008336847442934e+01,2.926174280965085472e+01,3.006928344544877518e+01,2.946430932320458851e+01,2.878344479890256480e+01,3.033860746469952119e+01,2.901156307569834780e+01,2.986590985939727716e+01,2.894523085555266562e+01,2.918024571890418883e+01,3.002592796159069621e+01,2.974453429613731714e+01,3.032560057336530690e+01,2.999293439829983754e+01,2.900048306670277043e+01,3.010073565706204590e+01,2.989501067454244776e+01,2.889682201620820479e+01
3.013928707652451067e+01,2.926181505114533365e+01,3.069180412257276203e+01,2.900171766668137252e+01,2.936002546426658455e+01,2.927387564525423613e+01,2.988865466077749034e+01,3.099478524660747780e+01,3.015287200532441148e+01,2.975104409884755796e+01,2.948705641504182040e+01,2.920506518799061269e+01,2.852514340162719009e+01,2.990774950625814199e+01,2.967836860206330130e+01,2.994720974419220738e+01,3.034061925415556971e+01,2.985507484153413316e+01,3.021322989579977047e+01,2.938831743461298629e+01,3.002231658085304389e+01,2.959699357677669695e+01,3.000595422371588938e+01,3.021766388803575865e+01
2.979104864854605239e+01,2.948810585674891627e+01,2.915297791324530863e+01,2.896908154915684008e+01,2.976910067828657702e+01,2.870579675449465640e+01,2.980671853883853828e+01,2.930588484509070213e+01,2.934358531945633786e+01,2.973360849154045127e+01,2.922831116419234831e+01,2.908219552840159849e+01,2.918657266909065129e+01,2.919003596682858870e+01,2.960346925873204782e+01,2.995251200188960183e+01,2.895215741210085980e+01,2.947379545858990468e+01,3.041188294636350520e+01,2.973293213893663278e+01,2.962195837481783656e+01,2.907651968526204200e+01,3.029798603149140490e+01,2.921628977051949505e+01
2.906597977372138075e+01,2.965450202160235449e+01,2.899460841338617456e+01,2.918223344230983685e+01,2.977442466423764245e+01,2.874981413492213278e+01,2.914134804976038140e+01,2.993098671080338136e+01,2.928397263103829573e+01,2.923108060823727783e+01,2.958922449305879354e+01,2.944887786404973440e+01,2.898574903382467483e+01,2.951976991253212645e+01,2.961704741590244794e+01,2.987138631927268762e+01,2.854820688209429136e+01,3.000790559826680237e+01,2.888993727529651778e+01,3.014128618672611992e+01,2.991276560247689531e+01,3.009180268073919251e+01,2.957377620939587359e+01,2.943155162503126121e+01
2.900806601494110737e+01,2.921315601950385599e+01,2.907569114095451823e+01,2.915151084313066576e+01,2.894088854848087067e+01,3.032463715106769087e+01,2.809823723584810296e+01,2.900090245566258318e+01,2.987923421918299027e+01,2.950105492592859946e+01,2.919875950395430664e+01,2.946119568857056947e+01,2.994685405334206507e+01,2.969159460509433757e+01,2.950732847499472200e+01,2.976098108752023563e+01,2.901899468640647228e+01,3.044163042926300022e+01,2.897492331004855259e+01,3.006614651861497123e+01,2.936486997087428108e+01,3.033110206884504123e+01,2.962873884665350488e+01,3.019018466090267339e+01
2.973871569230868772e+01,2.915239974840437753e+01,2.990959447428519979e+01,2.849684537204979051e+01,2.977399520600232563e+01,2.958177966387302149e+01,2.967908243703323024e+01,2.876769924821951463e+01,2.942135485811348872e+01,2.991677714000093147e+01,2.959403235594129455e+01,2.889485305328992126e+01,2.887782664162887158e+01,2.885185728073577138e+01,3.020445016353926349e+01,2.927104444239949999e+01,2.986315348751691090e+01,3.007189305158243542e+01,3.032655031767819764e+01,2.886405141417054665e+01,3.012770216055417904e+01,2.849279348795505484e+01,3.011187902438894071e+01,2.904867993861660125e+01
2.986262601361170255e+01,2.862356782748986461e+01,2.928364446159389445e+01,2.935206144830362973e+01,2.975037239828412794e+01,2.898622174659766415e+01,2.996170029651329969e+01,2.868945998817576992e+01,3.025184497266207018e+01,2.893364835680733904e+01,2.965910897345025887e+01,2.969171320454529450e+01,2.948845510030389505e+01,2.929509950483208058e+01,2.941085008722632210e+01,2.924612024465710647e+01,3.016936516426937942e+01,2.899005063792981218e+01,2.964772116993168538e+01,2.931722375645654211e+01,3.027563798883295476e+01,2.866581387868046704e+01,2.975785024362005515e+01,2.912323087597269478e+01
2.867758409689162136e+01,3.015434913128325434e+01,2.892075297259759736e+01,2.936044817289246112e+01,2.900588055638212381e+01,2.959130335490419839e+01,2.922362626594571111e+01,2.902433331657908866e+01,2.870217067932588861e+01,2.993470696793752950e+01,2.903417672620884105e+01,2.928468207684829849e+01,2.950707667241323406e+01,3.009360838846714614e+01,2.940749771314204963e+01,3.049365981331953890e+01,2.916842092651233997e+01,2.951081802432668155e+01,2.981615120157812271e+01,2.933592805080240851e+01,2.935252523354608911e+01,2.865601733507907056e+01,2.911568141185790637e+01,2.934975371205041483e+01
2.895010651967714921e+01,2.856589655285353047e+01,2.959936770048631161e+01,2.906083953503724615e+01,2.879424157183501620e+01,2.965971846106356224e+01,2.935079399910205211e+01,2.883633853590379204e+01,2.945069755851329774e+01,2.943660396649340782e+01,2.930997255170854032e+01,2.921642320785565516e+01,2.980622477267934300e+01,2.940377069274251198e+01,2.966829826151797533e+01,3.006079640597107527e+01,2.921070246734223019e+01,2.918718528719580263e+01,2.925023555763323202e+01,2.999333467065633840e+01,2.925190052340286684e+01,3.039877047679868838e+01,2.950119598501856899e+01,2.987051602213307433e+01
2.899453428041903180e+01,2.936043981785201140e+01,2.878613212998834570e+01,2.982902245493283999e+01,2.956393958773099939e+01,2.984005815955640628e+01,2.913428584113341913e+01,2.930352519855932769e+01,2.974414879059889927e+01,2.899788897677933619e+01,2.917331889544050227e+01,2.980823710592619591e+01,2.947293979839645317e+01,2.853737308357199254e+01,2.951112316717222939e+01,2.979932332056256428e+01,3.012796590513931960e+01,2.992883390495956064e+01,3.060117118507912437e+01,2.946419536132430039e+01,2.986347517984131628e+01,2.999266484157925561e+01,3.022984971900621076e+01,3.061227674893905260e+01
2.959383141596538280e+01,2.893883554031378935e+01,2.917422243564527662e+01,2.905542372329665568e+01,2.972545964614494096e+01,2.848987832610305304e+01,2.993023211838874431e+01,2.905001199000565748e+01,2.971958133215110820e+01,2.908072736825067750e+01,3.060149200095503375e+01,2.964367743967784463e+01,2.961849998646249560e+01,2.919216131432625616e+01,2.949941566433841444e+01,2.900918451331762071e+01,2.943673863439624938e+01,2.943865276296088496e+01,2.956900369423897246e+01,2.907135145990474712e+01,2.976731042826367002e+01,2.987770712798464956e+01,3.090881921880270511e+01,2.941909394161177715e+01
2.948701441101820819e+01,2.979424742398856552e+01,2.989972546185333613e+01,2.957813557148591599e+01,2.895355614557161061e+01,2.865566337127205543e+01,2.880945005127159675e+01,2.949102514776819817e+01,2.856599015073209102e+01,3.044423088333383021e+01,3.004760416697473602e+01,3.011871121522966632e+01,3.001354170747839589e+01,2.993291897784700950e+01,2.908809270971897831e+01,2.958875564349261822e+01,2.926795635514866945e+01,2.991298745616779797e+01,2.943144248595200452e+01,2.967081342698236313e+01,2.978053385552937016e+01,2.976437314195413819e+01,2.912630567810032289e+01,2.977744588034073558e+01
2.897658930976399461e+01,2.897573266955600957e+01,2.901803441298801545e+01,2.990242187730899559e+01,2.965184998569236541e+01,3.018592449943264455e+01,2.890494222557930470e+01,3.024219788469059722e+01,2.973364044691015806e+01,2.985176208561529165e+01,2.925861244123046845e+01,2.955344591385494368e+01,2.907686118240070527e+01,2.898345433971843477e+01,2.969008939296435301e+01,2.962079160610682038e+01,2.966461505546334365e+01,2.988018862157781541e+01,2.953820324820270571e+01,3.021048947631629744e+01,2.955648976333719702e+01,2.986846586792910330e+01,3.080843643811812171e+01,2.971893660205341803e+01
2.891418837285812060e+01,2.818901056060678911e+01,2.994798519128295311e+01,2.951999522395175291e+01,2.956843400929534482e+01,2.937843122557495690e+01,2.928001862253790932e+01,2.960296536760199615e+01,2.952004864464061029e+01,2.959099106023342074e+01,2.882666329569372010e+01,2.930188358657392200e+01,3.042256449005776631e+01,2.930045976639138416e+01,2.936595983084879435e+01,2.980955588763418973e+01,2.953652205598984892e+01,2.946633925571171631e+01,3.045177561700103297e+01,2.954176807764935120e+01,3.001449920679658590e+01,3.012307026353136052e+01,2.978777269410164763e+01,3.036116058889467695e+01
3.054471888173577554e+01,2.908499936921299422e+01,2.971064320830561201e+01,2.920356117694382192e+01,3.017571754271523332e+01,2.897888352217904639e+01,3.035347139605352140e+01,2.967496010098420811e+01,3.015700470586563142e+01,2.902366407238503143e+01,3.019527313431876792e+01,2.934106334034993324e+01,2.931541532082985668e+01,2.900896613900664534e+01,3.016198900087329093e+01,2.916372774392669953e+01,3.073642484286318677e+01,3.008995157646643293e+01,2.952944421605815251e+01,3.003489605662667827e+01,3.010408601833592002e+01,2.955057089379323543e+01,2.932054143551607694e+01,3.004127668257024197e+01
2.897125146976037513e+01,3.046609926405290025e+01,2.878329493042423337e+01,2.981211519159086265e+01,2.915174505294805840e+01,3.015787792458633021e+01,2.808144194189856080e+01,2.934976246925907617e+01,2.974099290067601942e+01,2.959675454167489761e+01,2.956572243982247983e+01,2.981775855930243324e+01,2.923794303672809747e+01,2.994675881737055079e+01,2.929669074636763071e+01,3.013987284811378231e+01,2.867262320738410608e+01,2.985954303360688300e+01,2.931090894786933632e+01,2.964414936928938005e+01,2.946476765518218599e+01,3.052215625465714766e+01,3.000740252173409317e+01,2.997740846112304780e+01
2.936576013410518726e+01,2.907366379356722064e+01,2.951406789181726253e+01,2.876843601973035902e+01,2.901307156512984875e+01,2.951685540446101186e+01,2.974345996573339335e+01,2.914600645866192963e+01,2.958673995363255926e+01,2.986284548069744460e+01,2.972542851256514496e+01,3.069229913737086690e+01,2.987093352903383447e+01,3.047238578170970413e+01,2.917979879505617191e+01,2.950402099377964760e+01,3.024147434702524606e+01,2.951481548929672272e+01,2.890519910568792739e+01,2.904070020299184307e+01,2.876666325920791678e+01,3.000870180319191149e+01,2.925116708484154060e+01,2.964880373595849505e+01
3.015646240368903364e+01,2.952576497737771888e+01,2.964719018270307060e+01,2.811321297806728126e+01,2.871876048395370162e+01,2.890112786304416659e+01,2.999776514114603287e+01,3.025319156688760813e+01,3.028463587231868814e+01,3.034556141432318555e+01,3.013763343782193260e+01,3.106590252284172493e+01,3.040554022417012447e+01,2.989511967768464729e+01,3.059179055597735442e+01,3.014059104708280756e+01,2.938802941717557360e+01,3.013033381207088723e+01,3.037629514102377470e+01,3.016410952997500772e+01,3.000450889499853702e+01,2.957339759573926585e+01,3.013036432097868556e+01,3.068093861319846383e+01
2.904179162440721029e+01,2.997877326887089566e+01,3.114973641835064200e+01,2.978740281480287422e+01,2.989576955916919587e+01,2.919195802215318736e+01,3.041303191328552202e+01,3.000546729946569258e+01,3.111270503323157754e+01,3.105406800492522734e+01,3.121189323387255854e+01,3.063373887362899950e+01,3.134917684760472412e+01,2.998690091361567056e+01,3.153293164289823380e+01,2.959338016028056018e+01,3.085448286278182195e+01,3.001934219811033699e+01,2.960043048605166405e+01,2.861435951408799383e+01,3.018437784116190414e+01,2.963015744307341492e+01,3.079560113492186701e+01,3.006465664355636136e+01
2.931641463113874124e+01,2.967305757960747314e+01,2.893065102758833973e+01,3.005894276683773114e+01,2.924746577487906052e+01,3.013153658919634381e+01,2.979725537527963297e+01,3.035092105832745801e+01,3.194248138437484386e+01,3.202480852762931818e+01,3.197740744438107185e+01,3.197891559947930773e+01,3.101288720335219296e+01,3.141929826472301102e+01,3.065742456310806574e+01,3.047849097851303668e+01,2.942223950309278280e+01,2.994429537187801316e+01,2.902721157759265225e+01,2.974342007270621480e+01,2.954664200206849500e+01,3.080606034811427207e+01,2.938336551258720419e+01,2.970268712596424621e+01
2.859097472005043983e+01,2.929601999398113321e+01,2.943340729023202584e+01,2.920933012899087089e+01,2.952102304885670492e+01,3.065617950974649375e+01,3.055240781790894289e+01,3.105828316620659280e+01,3.180337568620507227e+01,3.134070781525144866e+01,3.146663324887578028e+01,3.207360620928238859e+01,3.223500208577416970e+01,3.105184991084934154e+01,3.069800978576137140e+01,3.078821155583841573e+01,2.984317184635597187e+01,2.988154391827640666e+01,3.047992772581915233e+01,2.986058469926967973e+01,3.020479850685967449e+01,2.986380695865341295e+01,3.012794007046989009e+01,3.122619046197928583e+01
2.923514885615338699e+01,3.090217039504216245e+01,2.994865728003242111e+01,2.994395721257637888e+01,2.950752402094605031e+01,3.024954131577788985e+01,3.116395790149312006e+01,3.181831095979987367e+01,3.228536907614596885e+01,3.159960170223956766e+01,3.181909812563992546e+01,3.269255013726314019e+01,3.167752825672596373e+01,3.162574836021110514e+01,3.095458572526143826e+01,3.088420886760178519e+01,3.055164313027080425e+01,3.103337926349405507e+01,3.066297035444273433e+01,3.059635978085992747e+01,3.066665459147759520e+01,3.037493118559802951e+01,2.988587069498078108e+01,3.048810875364125650e+01
2.942870299296947678e+01,2.932515576223806875e+01,2.941781009071092967e+01,2.883847155459159239e+01,2.979448672945892440e+01,3.061267321290614518e+01,3.141771949667219133e+01,3.178374187635643011e+01,3.245674487447263346e+01,3.126499245737954880e+01,3.159374507107287400e+01,3.178620045347889800e+01,3.301782695427630188e+01,3.018218597828268912e+01,3.149849081603855439e+01,3.090771967483431126e+01,3.133924426909135263e+01,2.975257914633260725e+01,3.114821437378810742e+01,2.927486418121708311e+01,3.168725467925492012e+01,3.017485685294246878e+01,3.009570860038121509e+01,2.996468421391796255e+01
2.884047061263544265e+01,2.993110264548892019e+01,3.002628920275765267e+01,3.021103496925570653e+01,2.996939862745426808e+01,3.160566520917558364e+01,3.045681220280977186e+01,3.098719296638711285e+01,3.188770822919832426e+01,3.142126194631470071e+01,3.220762255864877943e+01,3.257269450308274372e+01,3.134932432568427885e+01,3.211296986133402243e+01,3.034424937848359605e+01,3.109609619700006533e+01,2.909592929010653961e+01,3.101361802542203350e+01,2.889183126509504973e+01,3.085178664739083843e+01,3.002035417918659732e+01,3.221115376934056940e+01,2.947479673915159992e+01,3.101193778597644268e+01
3.035812714441982507e+01,3.034055884845918172e+01,2.950795622938926499e+01,3.138967942234472730e+01,3.091045596810914731e+01,3.228671166119977443e+01,3.170430172649031419e+01,3.213011154165531025e+01,3.192729273026799319e+01,3.164680492542589718e+01,3.248246269248278395e+01,3.303092674696489439e+01,3.178787273005320912e+01,3.150182321263167751e+01,3.046638075902535547e+01,3.034543438798090165e+01,3.078856930355686927e+01,3.194228287050350445e+01,3.027063914578053527e+01,3.120219726574822516e+01,3.085637226574317538e+01,3.067993935961476382e+01,3.089538279812592236e+01,2.968323706310434318e+01
2.907342112962771807e+01,3.086624849666389991e+01,2.922299800801607716e+01,3.052661400337950681e+01,3.030243586453406124e+01,3.180906117713487902e+01,3.241698767711460505e+01,3.121823145785958786e+01,3.113792398039538512e+01,3.192782477647887163e+01,3.207128492818088716e+01,3.191036888441396968e+01,3.242166781351937743e+01,3.193800147709367820e+01,3.087134348258626915e+01,3.062099566036562237e+01,3.106210700348304954e+01,2.996935255094876993e+01,3.132110254278921957e+01,3.135801394724444435e+01,3.008625882229341642e+01,2.976827817957359912e+01,3.050065552083714238e+01,3.088408447154120040e+01
