2.942970935949432487e+01,3.118627668780368367e+01,2.836337889096131448e+01,2.898800907369462720e+01,2.832563172913444305e+01,2.865663406123485402e+01,2.903991652251318101e+01,2.898855289467212515e+01,2.916059129748623491e+01,2.847891705741994883e+01,3.016918146980242454e+01,2.879386266551387052e+01,2.841683926007135597e+01,2.911061170374864560e+01,2.897433713449657944e+01,2.998676503589058484e+01,2.925268226321270504e+01,2.876587262453318772e+01,2.946913988801247797e+01,2.959376643129814966e+01,2.841133951592928497e+01,2.909805569205735765e+01,2.950490911376715530e+01,2.973591034873749095e+01
2.969002984592003713e+01,2.806381861856817750e+01,2.832052801647932938e+01,2.948518645416623940e+01,2.921546301391873612e+01,2.911114861568313472e+01,2.900788908687854928e+01,2.892571108899591081e+01,2.919190604844544623e+01,2.913959604412264071e+01,2.930796187180368406e+01,2.927987805666896293e+01,2.913729719069618795e+01,2.871602924468214724e+01,2.901559970142471911e+01,2.829819939235267157e+01,2.864149184851515884e+01,2.873503228572423041e+01,2.945181978329253525e+01,2.820489741711298848e+01,2.860892955317711994e+01,2.832865472332406398e+01,2.825084531655005549e+01,2.926891751412080112e+01
2.881202369207130687e+01,2.877899008359537447e+01,2.908881202444655401e+01,2.903284660382570337e+01,2.899411576423045744e+01,2.894573945510040858e+01,2.984769871814802400e+01,2.900276142410746161e+01,2.984872564040188081e+01,2.979749536612246175e+01,2.872171930852641708e+01,2.882984329251291911e+01,2.983765891172339479e+01,2.932179753856013349e+01,2.890772692922297438e+01,2.817073904563466158e+01,2.885177173461858047e+01,2.911662716422006270e+01,2.944206291544958276e+01,2.904340350434540596e+01,2.949970113776782910e+01,2.982513258867817285e+01,2.838340253525603885e+01,2.766306272584154158e+01
2.853388281058755638e+01,2.810536642343993208e+01,2.890428871355663887e+01,2.968129098549036371e+01,2.863536466688617566e+01,2.818005562645527107e+01,2.926163996417375301e+01,2.952298053365399255e+01,2.942078821275237033e+01,2.943178178145456059e+01,2.867058105157184400e+01,2.920819324739727563e+01,2.907508359159601241e+01,2.963634233874637403e+01,2.935581222424048065e+01,2.968268458866958781e+01,2.909747481578745010e+01,2.930818630544916914e+01,2.886819389817384263e+01,3.050996857318324373e+01,2.881732582202113235e+01,2.984722024161857235e+01,2.949792307974308869e+01,3.002881009699854076e+01
2.795688670296442524e+01,2.993212666747137973e+01,2.866497779559210812e+01,2.854979686895217128e+01,2.907471593868973514e+01,2.850010373216895232e+01,2.933370622887724721e+01,2.795856937603002734e+01,2.896210159643919724e+01,2.879452451702502458e+01,2.937329219458712259e+01,2.860969698232827341e+01,2.836655429773753667e+01,2.969497111700968617e+01,2.901332000272111600e+01,2.849474639192067116e+01,2.943951302480093091e+01,2.903949157436363748e+01,2.888369925942811278e+01,2.961390084340285966e+01,2.916722826859353290e+01,2.953522403770750770e+01,3.008531801884538481e+01,2.867440580975824105e+01
2.816501288124391067e+01,2.880805731859101115e+01,2.902268113499332003e+01,2.942198466116911959e+01,2.833864193895135486e+01,2.949420213863953677e+01,2.913654156175459775e+01,2.976690297226048187e+01,2.968021097573284806e+01,2.870815086346169664e+01,2.851406486624915715e+01,2.841994716041278934e+01,2.905285832140970115e+01,2.864982394216468720e+01,2.910095875485660599e+01,2.917925229361389938e+01,2.919713537008618687e+01,2.895286984138914477e+01,2.922307900419900761e+01,2.937320439443726627e+01,2.925782939743118050e+01,2.947199708892560466e+01,2.947142983083921308e+01,2.950049630720235427e+01
2.948903705893201277e+01,2.966671991752718895e+01,2.899038709833138228e+01,2.814410422811425860e+01,3.022249458632103369e+01,2.938408731480677716e+01,2.968448482087183038e+01,2.949757728408428648e+01,2.959733134813785682e+01,2.914162553023993496e+01,2.996155718187930006e+01,2.857091764537398149e+01,2.927830350098184908e+01,2.955387008776250468e+01,2.867021769818353505e+01,2.850408305307183809e+01,2.974650895217018842e+01,2.831717270480163506e+01,2.985955767664557925e+01,2.948369828224173261e+01,2.890002056820151211e+01,2.919442367383436476e+01,3.018904193194794061e+01,2.976758381539326592e+01
2.931050860118870105e+01,2.913578360077877960e+01,2.885443209477926985e+01,2.929481875780629707e+01,2.881540394301509878e+01,2.916789687725491831e+01,2.936549191358454891e+01,2.921796016672976748e+01,2.854206040315017390e+01,2.892517509672660481e+01,2.881029536923330170e+01,2.929125899615428352e+01,2.929335020062387684e+01,2.909902943274141762e+01,2.936440196352253906e+01,2.985661267256153906e+01,2.893747516016486543e+01,2.958248211487205026e+01,2.878348658139515237e+01,3.021788192380523697e+01,2.950303225194244305e+01,3.044579637747312972e+01,2.945738588964610472e+01,2.991893846468633456e+01
2.924682915205147538e+01,2.891506030801906491e+01,2.963249235462097886e+01,2.978571019670113174e+01,2.909966704415893446e+01,2.893727729673901194e+01,2.878855781661377478e+01,3.007566119834524443e+01,2.871225153523255358e+01,2.924927046908089778e+01,2.896339562419188951e+01,2.878067258698865771e+01,2.927055475856235489e+01,2.923588993655823742e+01,2.916775559216154079e+01,2.878658992834130004e+01,2.903722877505299493e+01,2.882779386166174618e+01,2.892331193784428933e+01,2.925500612853335269e+01,2.952967004451113553e+01,2.894297593315724271e+01,2.866537169777268446e+01,2.868828455820579393e+01
2.953275004682086546e+01,2.933296655105618811e+01,2.884199625287715207e+01,2.907532288741413140e+01,2.926460749377577031e+01,2.883568615998359519e+01,2.972356097538511222e+01,3.019149842417243690e+01,2.844165998900444947e+01,2.896633023841746990e+01,2.858720541559819139e+01,2.849427933402103008e+01,2.817774058525054670e+01,2.977338887814352120e+01,3.000044781301386365e+01,2.877059766223510451e+01,2.876454026409402331e+01,2.855915075289800598e+01,2.911131163510077613e+01,2.918049311809079427e+01,2.923847087657821930e+01,2.873549899811121122e+01,2.867665109808910984e+01,2.896118590047672114e+01
2.847752120669815667e+01,2.804682036384821231e+01,2.974327732208797670e+01,2.996087512639803663e+01,2.958431281579976257e+01,2.890236445098321383e+01,2.853370078298149792e+01,2.887347565844800101e+01,2.961631659644325509e+01,2.868060803748466014e+01,2.911104475829620242e+01,2.933711066727346406e+01,2.969193911820542553e+01,2.906056172605366328e+01,2.874673387177136874e+01,2.896605631997721275e+01,2.927661243552154247e+01,2.859872229029895152e+01,2.871451479341482127e+01,2.837744601009455891e+01,2.891453891620966488e+01,2.840428103105574564e+01,2.990490386929405986e+01,2.949870831241196356e+01
2.897270799211099757e+01,2.864341920436072542e+01,2.976394719180336779e+01,3.028099559641083260e+01,2.945168992190735935e+01,2.912143492633248343e+01,2.936757961815629869e+01,2.938408882392900523e+01,2.981202836952701318e+01,2.965992552686395811e+01,2.929953869598455185e+01,2.881122581825906082e+01,2.807794465528786532e+01,2.993549688793120822e+01,2.974573959125274314e+01,2.935742083255070156e+01,2.838052999270882992e+01,2.931571770371016328e+01,2.968023907385827442e+01,2.877882242321112471e+01,2.842004121506869296e+01,2.929038965580332388e+01,2.905837875868951414e+01,3.024671195003543289e+01
2.936660975827220454e+01,3.019281085078011984e+01,2.973879241918962180e+01,2.939705150616015317e+01,2.983262867078229874e+01,2.885271108898729153e+01,2.867040267971515277e+01,2.873375216406952859e+01,2.846412571689955939e+01,2.863864445557561567e+01,2.923653045251813865e+01,2.856392293468644539e+01,2.892058568018171627e+01,2.966337376094634237e+01,2.900163977875877208e+01,2.830263742860040566e+01,2.892462267799618303e+01,2.903591718925122223e+01,2.939469412773343038e+01,2.902432275465912426e+01,2.984159368615723906e+01,2.871390555019752355e+01,2.859319437252332818e+01,2.863383315101276594e+01
2.951177251827709824e+01,2.869826325620698526e+01,2.970205500605220550e+01,2.944607395007443529e+01,2.851123431133885333e+01,2.949954073726746628e+01,2.821568693666108629e+01,2.876404489075144966e+01,2.908337130286889760e+01,2.835242875537068130e+01,2.840115793906278441e+01,2.920223192305439852e+01,2.873580567468388836e+01,2.953513872958581032e+01,2.779424081657180068e+01,2.993042066804724755e+01,2.887758389215127863e+01,2.959815341059589855e+01,2.851663383857396639e+01,2.925738260955574788e+01,2.957217204712748071e+01,2.979311238048279620e+01,2.916227169997631563e+01,2.926649940003056827e+01
2.844124298009404583e+01,2.958256111093606933e+01,2.837775087722326361e+01,2.910659760290388931e+01,2.923618187852400752e+01,2.917661135880371148e+01,2.891182271011660987e+01,2.888162553490144546e+01,2.852001739921325907e+01,2.914717358732258390e+01,2.922704097898247255e+01,2.859728238585682902e+01,2.955838832135270877e+01,2.928461182235571414e+01,2.909035575294086584e+01,2.845083027307214252e+01,2.946334251967414275e+01,2.940293983561048208e+01,2.984692244004850181e+01,2.935932144704213442e+01,2.951530552689860087e+01,2.904527744782996024e+01,2.959158282581370258e+01,2.846747828501008826e+01
2.923918931048547165e+01,2.905988296143038951e+01,2.920513332666689621e+01,2.954920056355894076e+01,2.854108999639936428e+01,2.904946950386027993e+01,2.883353609589539701e+01,2.870628124731314301e+01,2.877964015496343109e+01,2.974778585627370830e+01,2.888645985706432384e+01,2.989303742092107541e+01,2.902571824265095302e+01,2.976738556064452723e+01,2.922979856582901448e+01,2.939917639576071906e+01,2.951184736886085602e+01,2.902497733429362370e+01,2.829147069413642157e+01,2.972093832456181417e+01,2.921739015016271424e+01,2.852154342479849447e+01,2.937528931740598637e+01,2.962887872606245310e+01
2.890757728753698075e+01,2.955107157833731435e+01,2.888628813780525206e+01,2.854936848887086853e+01,3.032551757020138439e+01,2.922516616986138160e+01,2.967416857253186890e+01,2.892482084223092897e+01,2.946765146067468777e+01,2.879165787547157151e+01,2.903189553137315215e+01,2.902945636476420077e+01,2.822926610424502769e+01,2.907498742634982136e+01,2.876942474402949301e+01,2.889137519067702442e+01,2.868099044942209730e+01,2.881310449526159800e+01,2.881444027699797061e+01,2.861212294461921601e+01,2.916672193761422704e+01,2.836971722622826064e+01,2.889106348338810903e+01,2.946948410378757899e+01
2.991676437174811554e+01,2.837122315205920131e+01,2.919925751529973468e+01,2.947966154362370617e+01,2.899807496642392834e+01,2.944101179039950011e+01,2.868386473213854515e+01,2.890863946498052428e+01,2.844262003350530676e+01,2.938589711999577503e+01,2.893923708143051954e+01,2.856235687696977266e+01,2.908537237082992988e+01,2.969641559084595883e+01,2.880578361989165614e+01,2.967504958930402381e+01,2.898099536747048433e+01,2.900711376726673052e+01,2.930886472935441134e+01,2.858402823260229297e+01,2.913737821559863050e+01,2.881652476399341367e+01,2.952793050120237695e+01,2.916277004949461116e+01
3.082209413203349868e+01,2.746045319556696995e+01,2.966485082996149458e+01,2.883737808897109289e+01,2.902233537506498351e+01,2.864492486942231153e+01,2.846590733044683930e+01,2.891911164054391747e+01,2.930591405271991334e+01,2.820119543540835139e+01,2.883097411666176413e+01,2.976740342392673710e+01,2.916042639827827543e+01,2.902930831903023545e+01,2.960910795029894871e+01,2.867819945115780911e+01,2.924273199150019309e+01,2.925115957272163314e+01,2.962435083184652740e+01,2.958198117284263162e+01,2.946880779583847243e+01,3.009370889283115957e+01,3.018169672978939388e+01,2.959121693457581159e+01
2.916109977753592375e+01,2.964938299616966333e+01,2.924944044108644903e+01,2.942295592929093573e+01,2.870592820307018656e+01,2.928529613641677543e+01,2.880516047580857730e+01,2.866035804443129109e+01,2.888673412937561125e+01,2.917247296361409781e+01,2.887123162577427138e+01,2.904646106723311050e+01,2.929699377147738915e+01,2.988717690713542652e+01,2.907874022108018153e+01,2.906893905486458607e+01,2.958264892519554223e+01,2.989205285237898124e+01,2.895717771182023625e+01,2.894428495010765801e+01,2.936707095686915636e+01,2.969347234882627617e+01,2.910373099934787433e+01,3.027585836216843518e+01
2.905313765375302637e+01,2.932482865242849357e+01,2.979474506935315503e+01,2.888013907885277831e+01,2.972326358249387113e+01,2.920071577747609126e+01,2.921377906037997718e+01,2.849896277709132164e+01,2.923072192899957145e+01,2.856392293468644539e+01,2.909997630350181907e+01,2.921807092284450391e+01,2.806527795718727702e+01,2.905388527301403201e+01,2.825818031474562986e+01,2.854498934192037041e+01,3.015281978975724542e+01,2.963455815442375751e+01,2.877048648689697075e+01,2.991461687735187525e+01,2.896186047524304286e+01,2.889506132162989616e+01,2.977196896857384445e+01,2.881862258612045480e+01
2.881749761678327104e+01,2.938888398019952319e+01,2.864056083220776827e+01,2.916433666713629691e+01,2.883619756468215201e+01,2.846612167926349457e+01,2.917843708362369171e+01,2.891663070483741649e+01,2.857620853740553457e+01,2.830726425364582610e+01,2.859907786265364393e+01,2.873373156032397446e+01,2.894371070189697548e+01,2.919489416327525078e+01,2.934174347153782492e+01,2.838123746319155316e+01,2.905401973781272318e+01,2.894625843537062337e+01,2.884085743735784035e+01,2.956274695924514617e+01,2.915993212545822644e+01,2.974181976816765882e+01,2.969025696272387904e+01,2.952604492910677436e+01
2.986375078934662497e+01,2.891909298684419127e+01,2.901899552403943972e+01,2.938930629947805073e+01,2.983755763615124579e+01,2.919668977795276987e+01,2.982701408823282918e+01,2.828777833537344577e+01,2.967033266557155002e+01,2.885271280767466351e+01,2.946115866169162700e+01,2.831722913951728060e+01,2.961302176620699811e+01,2.881591927194506297e+01,2.994986283458098342e+01,2.938010085245082337e+01,3.049945732699177370e+01,2.850947835455423274e+01,2.970212226227579322e+01,2.873205027891287955e+01,2.975798507253853131e+01,2.915669860419876613e+01,3.045196441740915816e+01,2.970204802003115674e+01
2.872808568811723262e+01,2.941021070643137136e+01,2.989100544208213250e+01,3.013577704088396558e+01,2.895363247436233678e+01,2.880282258227242664e+01,2.840720853862933382e+01,2.908596630791527105e+01,2.857905996138640603e+01,2.834659874916781064e+01,2.966295598482463447e+01,2.943526654625799210e+01,2.886840026409953452e+01,2.963577176543088854e+01,2.891993311480661077e+01,3.022807433393330712e+01,2.961076056730780692e+01,3.004472586521450239e+01,2.864769103141503592e+01,3.060522404178828992e+01,3.005303967947747878e+01,3.021185138753037336e+01,3.055370098228257802e+01,3.096440667334826458e+01
2.891883197400846939e+01,2.796125259726147760e+01,2.926180065827122689e+01,2.885582422127339441e+01,2.905164944209980149e+01,2.868284895731824236e+01,2.940126655069320805e+01,2.785731541285053936e+01,2.851786353250713546e+01,2.915193578224136672e+01,2.865360150962703756e+01,2.892536119848193721e+01,2.866852245638204977e+01,2.864661560985342703e+01,2.955373736457278255e+01,2.894590449223653650e+01,2.903469352835980999e+01,2.937453294965092709e+01,3.039848998563064697e+01,2.884178577530724397e+01,2.991031214103725233e+01,3.040816694292834654e+01,2.973446685154266333e+01,2.972965655393045381e+01
3.001170987083014552e+01,2.913307157460934604e+01,2.877487660021597549e+01,2.955728098437015205e+01,2.834051895974414492e+01,3.003404048958014982e+01,2.781807648383301057e+01,2.788687617622269954e+01,2.783113457469039531e+01,2.872318067246777673e+01,2.974836015837774994e+01,2.944879167509054696e+01,2.893222171157560751e+01,2.957169924803253025e+01,2.912748317672713938e+01,2.916877550918155748e+01,2.840576301279884319e+01,2.933145839104975039e+01,2.907406348716671118e+01,2.911258607879352667e+01,2.885094725734256826e+01,2.904648034298554649e+01,3.019630658060401629e+01,3.056503127975838652e+01
2.981434402765557934e+01,2.912379874450778061e+01,2.994266841854300765e+01,2.884085246474990072e+01,2.880975891791433696e+01,2.814819548608693367e+01,2.967945612129881283e+01,2.727968469165233500e+01,2.888190330363818248e+01,2.781496229048190116e+01,2.973367572916754398e+01,2.904106207408699447e+01,2.889386088755202309e+01,2.856164864416837190e+01,2.969899488771608276e+01,2.865977014261721934e+01,2.937964710837451321e+01,2.919257424375911114e+01,3.018916783078896060e+01,2.895210700550330785e+01,2.990694005049022053e+01,2.893023421360487646e+01,2.941857386054050494e+01,2.885887183149947077e+01
2.905168832689196279e+01,2.941586628161439876e+01,2.935529710633664990e+01,2.855669109354147395e+01,2.772347843580143945e+01,2.895461817949302485e+01,2.888832001346935385e+01,2.905340657699150597e+01,3.010062774217652759e+01,2.870982201964051228e+01,2.909360009922261270e+01,2.950970784468199781e+01,2.896648893153474091e+01,2.934406909320705381e+01,2.897273553339840646e+01,2.913518809462590298e+01,2.873716007720150856e+01,3.020252363756839031e+01,2.955899771837249546e+01,3.126165817195766294e+01,3.012587940131658115e+01,2.967674067616593447e+01,2.889139022768432596e+01,3.079777805042897398e+01
2.976193207335285251e+01,2.960915726367221623e+01,2.995241039009977158e+01,2.866616383812987578e+01,2.842741698605834699e+01,2.903365986357488282e+01,2.887779690058118831e+01,2.762730670006533273e+01,2.907414622544223448e+01,2.822628518914649476e+01,3.017378886961768103e+01,2.920568237427733038e+01,2.958026082318843919e+01,2.910432320848951804e+01,2.966799290542667222e+01,2.941869923759156791e+01,2.839604384419681082e+01,2.788626437019581772e+01,2.909658736487375563e+01,2.912683762270211218e+01,3.037219019450071755e+01,2.899769430425459404e+01,2.955470540522924239e+01,2.852425313186313360e+01
2.766484707399052922e+01,2.788905309555315171e+01,2.825776432095955215e+01,2.964274347339164706e+01,2.828656176603203676e+01,2.917639702539418067e+01,2.847532195607698213e+01,2.848507814783772574e+01,2.922539602840663520e+01,2.804247462739482444e+01,2.919032053996050990e+01,2.943075496141517533e+01,2.873486652154014109e+01,2.938979054004056479e+01,2.865675459047105278e+01,2.946963797255267536e+01,2.835825933259098974e+01,2.936339380166140245e+01,2.873966940220492461e+01,2.975591622690836857e+01,2.862003517656529539e+01,2.942750914539351470e+01,2.887679162335928140e+01,2.961389580014076728e+01
3.018898243219541655e+01,2.857477715713588395e+01,2.837154445114344981e+01,2.833151245096917137e+01,2.846728970244555512e+01,2.851680155749414780e+01,2.918833461105862170e+01,2.853121299123773724e+01,2.883957682459077887e+01,2.896785298863636626e+01,2.869024028141575400e+01,2.943376756773153602e+01,3.066612034840522938e+01,2.912331000943743220e+01,2.910256821272321304e+01,2.956625553199910428e+01,3.046107838865623307e+01,2.865147202625394129e+01,3.099993224736164166e+01,2.824834344724564517e+01,3.006520881871898609e+01,2.916249936365983331e+01,2.982740400314867202e+01,2.831079162820930151e+01
2.776026098080393467e+01,2.860303251288536330e+01,2.852770820525859108e+01,3.014747848279404252e+01,2.800787195620165448e+01,2.918459856215201853e+01,2.916349483873307236e+01,2.825658704983476355e+01,2.818157901616950767e+01,2.949663533994936415e+01,2.961063469197853237e+01,3.013865681142641506e+01,2.795098625991971630e+01,3.040861073006948345e+01,2.924460386288421887e+01,3.071809855324693217e+01,2.837054162719931583e+01,3.006887812317557973e+01,2.830089902581954675e+01,3.015308473277184476e+01,2.831242973961678899e+01,2.918717589565312664e+01,3.055692671670720983e+01,3.099419275270156504e+01
