2.520664203690148497e+01,2.362782510481309828e+01,2.471026668356370237e+01,2.476212297852043775e+01,2.529536109309674430e+01,2.458205041807741509e+01,2.561636406311959036e+01,2.485865591703702648e+01,2.562691728257880186e+01,2.491185553072108405e+01,2.432984202328418633e+01,2.430075859500027491e+01,2.414854549662578620e+01,2.459963656409354371e+01,2.489373377397788545e+01,2.503979115994360427e+01,2.567834318542122674e+01,2.563803436226010035e+01,2.474414789237312107e+01,2.535196599795671091e+01,2.662491388349587851e+01,2.634582540220918645e+01,2.740209880187728686e+01,2.638844740512735143e+01
2.434260140990875243e+01,2.559228768437145618e+01,2.543760576881675206e+01,2.476043375099908417e+01,2.472892011240071497e+01,2.455666953624125881e+01,2.395175149116306557e+01,2.564124765804643857e+01,2.408991528348832389e+01,2.464594233779439492e+01,2.374259099630870651e+01,2.383816187537775022e+01,2.329791074636813164e+01,2.414815973025378071e+01,2.493453073540405285e+01,2.456402421988394735e+01,2.481544645057152820e+01,2.439927179218238962e+01,2.476099852643881150e+01,2.545013344016939527e+01,2.584351929119003444e+01,2.591902688845033254e+01,2.489319447315756406e+01,2.552625197129634671e+01
2.441309324824845817e+01,2.286194098772779171e+01,2.532600604709836034e+01,2.505269191568027054e+01,2.459800102014077083e+01,2.413097804967350157e+01,2.225183684796178341e+01,2.364095190666154167e+01,2.294159933664207074e+01,2.357485095753571613e+01,2.409237560040361359e+01,2.320221699224617851e+01,2.396423502919407156e+01,2.390647108057692094e+01,2.299494300484565201e+01,2.313418613311614536e+01,2.316524835714824349e+01,2.350029742034217861e+01,2.333775801316483012e+01,2.407550627339901439e+01,2.363023996610786526e+01,2.555518625632640806e+01,2.533932327549729280e+01,2.556766427998564950e+01
2.542898240386534781e+01,2.408852786996578743e+01,2.464151555237555158e+01,2.551312648627867929e+01,2.381487921393073748e+01,2.438866907433617826e+01,2.482672943140352118e+01,2.452512856611338066e+01,2.342967875681307532e+01,2.417053238718312969e+01,2.489773700190033878e+01,2.329569674114912914e+01,2.342979097481503459e+01,2.311145846013403116e+01,2.372668111171140026e+01,2.294830990709760954e+01,2.304730656116618093e+01,2.458443515083177999e+01,2.431201344999391267e+01,2.330381552768426445e+01,2.387277633022483769e+01,2.324085062472568097e+01,2.508911616023999613e+01,2.545645120060351019e+01
2.433841675897480172e+01,2.487777939720854192e+01,2.597340424800779601e+01,2.469806914026764844e+01,2.580310330384810413e+01,2.539103958890575541e+01,2.563732798020038217e+01,2.483727532401280769e+01,2.482395394056021587e+01,2.540399514193967434e+01,2.502682136588492767e+01,2.423735047576752777e+01,2.589150873527000840e+01,2.530613985898145302e+01,2.367305627594947737e+01,2.425139353499656636e+01,2.331989640679915965e+01,2.309236662675846219e+01,2.314532536322610667e+01,2.368343797787196081e+01,2.345472987693386813e+01,2.360568198636053694e+01,2.420793039987444217e+01,2.444052823972111810e+01
2.430132118416673848e+01,2.555998787474476330e+01,2.478970350256463462e+01,2.554582184491562202e+01,2.563118399493197330e+01,2.609339716890161753e+01,2.615581383143182848e+01,2.606731071275066824e+01,2.502190276994991791e+01,2.529668814182559800e+01,2.528217875804313053e+01,2.530935793028089620e+01,2.507940951467799096e+01,2.514097221145613048e+01,2.547871219123106812e+01,2.417406598442630639e+01,2.407317440498513861e+01,2.545475999374076537e+01,2.470804594324260961e+01,2.357705362275436300e+01,2.316872512331309508e+01,2.433745594244925314e+01,2.340599716011001874e+01,2.329012868320211282e+01
2.578002180994081982e+01,2.575424827093252134e+01,2.702243689790429926e+01,2.532104798688476421e+01,2.623650281867895728e+01,2.561219346777119199e+01,2.633919049948531210e+01,2.652107032092334293e+01,2.670475792359820844e+01,2.608986580470201488e+01,2.681479547831821719e+01,2.582739528786180472e+01,2.537856199116862399e+01,2.587915001032848750e+01,2.582440760805701530e+01,2.499404152526625467e+01,2.531723962779676640e+01,2.708461709679875185e+01,2.563586087642107714e+01,2.570460852282332098e+01,2.509958224862066345e+01,2.444738187799839579e+01,2.491507070917896272e+01,2.489639185752935191e+01
2.624640056194130011e+01,2.484051543069352874e+01,2.564578390774425998e+01,2.554383952924979440e+01,2.523390976377640982e+01,2.560259603600025002e+01,2.624473073079849428e+01,2.614694112907403678e+01,2.642696985738524518e+01,2.649368089522749870e+01,2.603297321004259857e+01,2.642418949513825055e+01,2.564036760291560313e+01,2.605655392961409689e+01,2.658456317413975967e+01,2.608613358365840895e+01,2.563563241425646311e+01,2.602103976964167487e+01,2.627618284145563621e+01,2.518720827325722667e+01,2.575912680611656924e+01,2.563129748736196234e+01,2.564501916353219713e+01,2.535260751534036672e+01
2.599012160267392346e+01,2.539103958890575541e+01,2.617727786179528948e+01,2.624606383175353130e+01,2.662907141298757097e+01,2.511246917624407615e+01,2.547554337012269343e+01,2.583424470836911269e+01,2.656485109692619062e+01,2.547347503143265612e+01,2.583291659744605795e+01,2.598295696429516966e+01,2.592337225595269956e+01,2.622845970933724402e+01,2.620431120386251678e+01,2.703156380755950750e+01,2.657854027043549650e+01,2.549538990048273490e+01,2.634167825442636968e+01,2.542723430476814883e+01,2.634490928823254308e+01,2.556861184008954524e+01,2.623177269080275664e+01,2.623467183914152656e+01
2.523802615317180198e+01,2.619276187823913915e+01,2.543639135647151761e+01,2.437217387053846096e+01,2.566155560735137442e+01,2.571004386477306980e+01,2.567752982062847877e+01,2.536948309405494228e+01,2.488274897469170810e+01,2.689705858054747978e+01,2.569266532499455025e+01,2.640657136266656835e+01,2.637943977568835408e+01,2.588357322810321648e+01,2.600913703264268406e+01,2.622331375240275975e+01,2.563745983157178898e+01,2.551277281716085099e+01,2.639175779829872681e+01,2.569646724421448880e+01,2.552390247864906314e+01,2.697352762577332896e+01,2.696267082697562500e+01,2.643285084193570356e+01
2.345034162837566782e+01,2.409267664059581193e+01,2.447805764518352589e+01,2.490999453169212074e+01,2.443352596038499769e+01,2.531703294884147226e+01,2.490595941753213083e+01,2.472961276121333185e+01,2.511096027220338556e+01,2.489074249127094163e+01,2.610328809659176841e+01,2.637416096049207681e+01,2.597840507651505959e+01,2.607491497946875825e+01,2.568576263102482926e+01,2.663243209368988573e+01,2.592862182168056506e+01,2.669690307413799246e+01,2.642257373628871164e+01,2.615804530972440034e+01,2.604950134402804451e+01,2.668726919983419066e+01,2.679037940857932654e+01,2.564708683434429304e+01
2.421331172292360634e+01,2.458272175967408657e+01,2.477567100307499004e+01,2.476578428668904053e+01,2.530444792810618537e+01,2.595188471079535475e+01,2.551250676918510862e+01,2.541024185928506540e+01,2.465760729423647035e+01,2.526742042992680126e+01,2.514809727607422474e+01,2.590433754722579351e+01,2.541470589894549903e+01,2.598658052604429258e+01,2.538797153183264754e+01,2.593247157672186631e+01,2.572618817876480080e+01,2.607644418667820219e+01,2.660520273862243812e+01,2.716882089456998983e+01,2.694124357633552336e+01,2.734344825825348835e+01,2.596851730732856822e+01,2.627497811651068105e+01
2.448676560884672426e+01,2.512104778583949383e+01,2.555932495699624951e+01,2.519383339091717744e+01,2.467122251577865200e+01,2.562282959567050966e+01,2.517969999948644499e+01,2.554577979623178408e+01,2.492051735772878374e+01,2.508346388711896680e+01,2.498970122466647581e+01,2.464085689028536308e+01,2.475273548004929580e+01,2.470935592557322025e+01,2.535510649473036437e+01,2.581328354804287528e+01,2.512089681395406160e+01,2.508112134580522934e+01,2.600833283689979680e+01,2.648510098053299089e+01,2.619303904062832089e+01,2.577493987027935418e+01,2.589494045954489820e+01,2.627183087966488984e+01
2.488272276857242105e+01,2.497118263578306596e+01,2.402752713701659104e+01,2.464755631169242633e+01,2.425667201266043094e+01,2.429949497895620425e+01,2.390657569763862966e+01,2.524048084050639318e+01,2.505509482319854442e+01,2.458942351037637764e+01,2.505070382849157795e+01,2.423887756346374545e+01,2.479136601285875940e+01,2.518162064452837967e+01,2.520978949453001405e+01,2.543971345941355366e+01,2.480044938702724266e+01,2.479878660651371547e+01,2.647643357443428158e+01,2.547268286435104301e+01,2.452865267348693123e+01,2.523090378048686944e+01,2.559839465581887907e+01,2.617829546788323114e+01
2.376771703521768586e+01,2.477436868666802638e+01,2.458495361378930966e+01,2.383363041057202736e+01,2.475354456781127510e+01,2.526898348162961838e+01,2.457318002395572876e+01,2.491083192403624480e+01,2.548341946715976292e+01,2.443065405897118580e+01,2.527861813437681349e+01,2.503207771001808624e+01,2.392514898041412152e+01,2.454533516762893441e+01,2.529992965900959234e+01,2.386570179076306886e+01,2.571447678990097074e+01,2.516313651425207354e+01,2.493136311025449459e+01,2.518992030653407710e+01,2.619885703803026900e+01,2.701207368553104970e+01,2.638653628664297912e+01,2.673539885579072006e+01
2.383178343276176747e+01,2.475414487575386602e+01,2.393211048448949896e+01,2.364201610579289081e+01,2.429766556656466037e+01,2.525900416471330345e+01,2.488111620481407726e+01,2.428113878705818252e+01,2.439681895538046774e+01,2.512861222991108434e+01,2.382383880590379022e+01,2.507884573273651085e+01,2.476197695302090551e+01,2.560533293999367288e+01,2.429405173866467749e+01,2.584249265179551003e+01,2.480650585523602558e+01,2.554391661858727502e+01,2.561022343917727540e+01,2.475884033721331434e+01,2.577281365776917710e+01,2.582906540262752060e+01,2.605662114104643479e+01,2.904455342834694420e+01
2.535537608292105460e+01,2.384946650123197287e+01,2.371396965731167938e+01,2.430423695666246431e+01,2.475839327307448912e+01,2.383865308492983104e+01,2.527924081601793205e+01,2.385291917308944676e+01,2.486993361529442836e+01,2.536116166489944135e+01,2.492074774550872007e+01,2.424002924375531620e+01,2.456021099528027207e+01,2.391617346621285378e+01,2.476222829328901298e+01,2.488853919449115892e+01,2.506637207399586487e+01,2.485652984063477788e+01,2.470975984906272060e+01,2.450336388735388482e+01,2.578858945944170955e+01,2.571442934337159159e+01,2.842865750297340810e+01,3.033974190818526040e+01
2.466600373296637372e+01,2.341304140163924785e+01,2.466906921253467999e+01,2.508532776693283495e+01,2.454191271869842694e+01,2.440126761673968758e+01,2.450865792995347192e+01,2.546157521208357366e+01,2.501979544061464367e+01,2.506556035576693375e+01,2.486198517445632206e+01,2.456386624421412535e+01,2.431243165276458740e+01,2.485282819222214812e+01,2.598328617433622867e+01,2.565714296019280027e+01,2.386515539377137429e+01,2.536364476959738568e+01,2.424476478866438356e+01,2.496207981318525526e+01,2.634356823574449891e+01,2.580565248155863856e+01,2.966580374774616757e+01,3.146216003048647281e+01
2.419475752564630966e+01,2.498705913135648871e+01,2.474140504204194713e+01,2.356808042890094157e+01,2.510265254283132208e+01,2.401050018053655322e+01,2.444295877364703529e+01,2.423993469016824065e+01,2.438926939642539082e+01,2.469673609704312867e+01,2.424586802497583449e+01,2.472945441871331695e+01,2.634482312699526574e+01,2.870570059413114450e+01,3.197428865090660111e+01,3.188993524288054005e+01,2.970227711069418319e+01,2.727751659646219196e+01,2.500948384318746776e+01,2.488500783116984394e+01,2.600044007686051373e+01,2.665562877474616243e+01,3.120325127466941240e+01,3.273298092476585452e+01
2.457606818206960497e+01,2.413839783901852343e+01,2.565533022941690433e+01,2.516681786752508287e+01,2.561281455942594221e+01,2.460896340286319628e+01,2.486035853882458468e+01,2.424309448274141232e+01,2.451847904306407600e+01,2.404022725756709633e+01,2.525767655692686731e+01,2.445253072267087191e+01,2.711838071227083447e+01,3.025282439680455582e+01,3.345060266342233035e+01,3.254477506313435242e+01,3.268847425744411339e+01,2.996391654774225799e+01,2.600319321186731258e+01,2.483156883243492530e+01,2.645762490127327737e+01,2.840809848956490669e+01,3.157019667488259529e+01,3.271500627484994084e+01
2.497633290474732348e+01,2.363215232122172438e+01,2.615152666439541917e+01,2.613304067489110594e+01,2.598627423586941632e+01,2.597461581183125645e+01,2.505599048044723531e+01,2.503412413480521082e+01,2.446861261386607111e+01,2.429970336642821849e+01,2.534495541425519605e+01,2.547646927973966058e+01,2.843121392772633271e+01,3.032211405954552674e+01,3.244337441821397761e+01,3.316383881053087634e+01,3.327494319124866706e+01,3.370459284769958686e+01,3.053709401474850438e+01,2.818939855037604048e+01,2.880572346989237076e+01,3.062838374743773784e+01,3.136546902681845950e+01,3.099118216564545492e+01
2.378487527192083917e+01,2.470505921451814402e+01,2.562212667825639301e+01,2.568562512862871472e+01,2.422667859329425255e+01,2.484926460466255094e+01,2.555462256676162269e+01,2.469871176245305833e+01,2.474441386053774750e+01,2.493593274303253793e+01,2.438798323465505291e+01,2.562609697066721992e+01,2.927307556895243579e+01,2.976508037845110266e+01,3.236828450900969756e+01,3.203897471840048183e+01,3.253398776014188343e+01,3.347768577550510827e+01,3.239445382200437962e+01,2.858034969614283227e+01,3.040485136107588460e+01,3.074945924272014963e+01,3.262637353610949731e+01,3.097536798875160002e+01
2.508545389065159270e+01,2.575693394626023291e+01,2.628488764592987081e+01,2.645202829078669993e+01,2.505811026677764630e+01,2.612187588995772103e+01,2.483103398126809225e+01,2.569265850599214218e+01,2.373025565704733708e+01,2.421611709483806862e+01,2.493434000684612784e+01,2.628049739975256216e+01,2.982761286624293007e+01,3.155666095392859916e+01,3.263669117026194044e+01,3.355167391760426199e+01,3.315351743489509317e+01,3.425236846999388263e+01,3.368759567532032406e+01,3.042605800759628210e+01,3.219683640847222250e+01,3.251016557763449555e+01,3.275775032790977548e+01,3.240908953757684685e+01
2.527095790434503897e+01,2.519642462732770127e+01,2.608539255779191990e+01,2.580223045966459949e+01,2.521363183676589870e+01,2.567985234164200392e+01,2.619861633755556340e+01,2.568617533530795072e+01,2.355169404385742382e+01,2.412962553417634126e+01,2.411962233521245480e+01,2.451999507748416818e+01,2.967444260191484773e+01,3.174620281662225807e+01,3.303975953205622318e+01,3.334909246679353600e+01,3.389355903867812003e+01,3.323051787880598340e+01,3.359469617462838187e+01,3.329584677679537208e+01,3.244011575661363622e+01,3.319128308562227403e+01,3.229728278219562299e+01,3.311360399436722446e+01
2.583144884051523604e+01,2.481120387967592933e+01,2.557514102081159990e+01,2.535678803011171567e+01,2.521211566068467391e+01,2.463643106059748789e+01,2.643363881104488655e+01,2.599913634778914684e+01,2.528856111157301712e+01,2.594282512759116344e+01,2.466125316272052714e+01,2.442131318121676031e+01,2.568689246310350427e+01,2.669778927143272540e+01,3.167772471341447726e+01,3.224779471695285338e+01,3.400043059159617087e+01,3.377790835043890638e+01,3.372995939523144671e+01,3.229610283500153400e+01,3.343900196746193387e+01,3.324072473836866948e+01,3.278467888106018790e+01,3.223459474342195108e+01
2.576324059065399297e+01,2.691451532473433872e+01,2.536971838900439025e+01,2.485774516129202993e+01,2.555282143740413403e+01,2.544041148580760137e+01,2.672283779603532139e+01,2.543572840367187382e+01,2.489467415808155693e+01,2.422072633398636299e+01,2.491611152286066044e+01,2.473954507918216450e+01,2.539339713739963145e+01,2.577681524801130308e+01,2.919427532804394332e+01,3.206453652187445869e+01,3.325648272583214293e+01,3.291941007497786131e+01,3.278673685105025015e+01,3.346479090347850160e+01,3.247175899668070542e+01,3.282995324111175250e+01,3.282901364129560307e+01,3.255633680564460519e+01
2.583870943283028510e+01,2.402827787981971142e+01,2.538501827124753163e+01,2.661119619457593899e+01,2.635312948510954811e+01,2.590343404360123714e+01,2.594067870581744728e+01,2.433547346275224754e+01,2.547192350075295053e+01,2.558982479773874275e+01,2.474695606344369025e+01,2.466100018688320006e+01,2.536445482518934114e+01,2.508687124677106794e+01,2.650955281687885190e+01,2.751739901285083079e+01,3.341955743437910087e+01,3.227029140077678449e+01,3.312156169184459031e+01,3.306991862114324476e+01,3.320289811026759708e+01,3.331697286588689622e+01,3.285683379966667417e+01,3.291554043058454226e+01
2.499860778095757041e+01,2.565376252328798046e+01,2.642296470928414465e+01,2.502848818195013791e+01,2.557069187371774888e+01,2.585646104903827336e+01,2.618961954544931814e+01,2.624014481290515732e+01,2.635369292233826854e+01,2.656450099157927980e+01,2.454233563237596627e+01,2.426994742492479418e+01,2.496853074196241096e+01,2.447498769122444173e+01,2.534983257062100392e+01,2.539476821988165511e+01,3.227891771168873447e+01,3.214572197926770514e+01,3.339581196282597375e+01,3.344766109250633690e+01,3.269960448261895181e+01,3.257374509226684722e+01,3.236106668971638101e+01,3.327689689181590893e+01
2.520657802421624183e+01,2.690412925980018599e+01,2.571445420254798364e+01,2.504733945429109099e+01,2.529112644666446386e+01,2.609380244248148983e+01,2.585852716862723355e+01,2.601928098914095244e+01,2.571878023040244443e+01,2.585466115648057439e+01,2.602173767711815344e+01,2.598722531277604730e+01,2.819491667481321429e+01,2.884623798455760380e+01,2.939690730990565726e+01,2.951646393679180846e+01,3.005427881570000181e+01,2.996178517937232755e+01,3.057871489622925765e+01,3.123684101946258806e+01,3.054188759719352220e+01,2.945339616833615537e+01,2.964355792024917946e+01,2.860079532834089378e+01
2.482939102002717391e+01,2.469399888158665135e+01,2.569934903949223326e+01,2.648673069302247995e+01,2.533222924177181312e+01,2.523044752668954516e+01,2.511305018586267579e+01,2.479901884242809729e+01,2.436803885060038510e+01,2.484998569710046468e+01,2.663522688214584377e+01,2.662553358466141162e+01,2.860284847071272907e+01,2.841513249189296175e+01,2.800842701380406652e+01,2.742022081781010456e+01,2.816336726484627206e+01,2.775702600481395166e+01,2.748991841272561487e+01,2.845863499567212784e+01,2.836833564825928988e+01,2.874544782890734496e+01,2.801941269218957586e+01,2.783666290258355502e+01
2.502653087257141351e+01,2.475240270201544490e+01,2.557498182401769782e+01,2.505003708686467689e+01,2.639978002772602395e+01,2.571123949069635728e+01,2.513267465580054250e+01,2.556322493993775424e+01,2.663171633163074148e+01,2.592433338911388319e+01,2.553772232923182628e+01,2.671438779715100509e+01,2.706133047424623328e+01,2.738515345778006349e+01,2.678276684604230695e+01,2.729849572696696214e+01,2.735296934646481759e+01,2.768349334609666812e+01,2.708322943039922848e+01,2.761269948974063482e+01,2.600379339114192589e+01,2.765421918657841616e+01,2.662491388349587851e+01,2.751050541690352702e+01
2.537279758162111420e+01,2.415579861084631830e+01,2.586370268469295297e+01,2.556133083894047786e+01,2.579192698356507663e+01,2.657650156574754874e+01,2.540362461015752160e+01,2.548336167447195066e+01,2.476021613487927198e+01,2.636338149733057890e+01,2.679346538476653450e+01,2.701625718351709793e+01,2.754003798357956612e+01,2.572198795080606715e+01,2.682937737655208821e+01,2.584825607830003946e+01,2.618042364168934455e+01,2.646400870843928033e+01,2.710991321852293368e+01,2.863724731708913396e+01,2.643708423692356746e+01,2.717229096003410405e+01,2.741466403628470516e+01,2.653342465810845852e+01
