2.865005595051934506e+01,2.792518570180129700e+01,2.792356641973651676e+01,2.849352238801429849e+01,2.801487825776956697e+01,2.829993336972745510e+01,2.813157373172606412e+01,2.877001303968643242e+01,2.681315879538738045e+01,2.793548422589213942e+01,2.848906657997832781e+01,2.778160624808043622e+01,2.784749459735542132e+01,2.763798803842689722e+01,2.681590468755723577e+01,2.695974882559693242e+01,2.802233081660165226e+01,2.821258180514087144e+01,2.846958083176076570e+01,2.951739212088227760e+01,2.890544740755990460e+01,2.698538319777742345e+01,2.816920881339518701e+01,2.963744741130756211e+01
2.861007143306369471e+01,2.850077072837592596e+01,2.836442830554130978e+01,2.746507195577027005e+01,2.840792447310468560e+01,2.966086121067604608e+01,2.808917319201333385e+01,2.681568337131903945e+01,2.755521639627107788e+01,2.789482064767247493e+01,2.784583459223324553e+01,2.796921829559988737e+01,2.784173928398837461e+01,2.803014096797420507e+01,2.859703378365475146e+01,2.675506967186100837e+01,2.783287394363594558e+01,2.634292024006418842e+01,2.777804542396785337e+01,2.847810442488912486e+01,2.860106662256811205e+01,2.941291963981723256e+01,2.859539953505105814e+01,2.784919356054871287e+01
2.760887013994300787e+01,2.808206075148376613e+01,2.778936707735954315e+01,2.869386140968089194e+01,2.781674239734360299e+01,2.866820682837715140e+01,2.859063084941840316e+01,2.709230555555296860e+01,2.812635418894365102e+01,2.829428445477594778e+01,2.714983364307187230e+01,2.769202106892356596e+01,2.743886662054364933e+01,2.776199300077001908e+01,2.751235380643794315e+01,2.822283972677468000e+01,2.750032701849329442e+01,2.695834042472205283e+01,2.872598157756215187e+01,2.879031963950228601e+01,2.888130594328703182e+01,2.901336526404872984e+01,2.811600312702108795e+01,2.904023745439582171e+01
2.808504384751586258e+01,2.828367707585385915e+01,2.876808286139510074e+01,2.781553076106627032e+01,2.837909582330564717e+01,2.761794182477041204e+01,2.845813352402268492e+01,2.841856934199302032e+01,2.687038093563046459e+01,2.661228957655646354e+01,2.792603604779554871e+01,2.759838436072789136e+01,2.867764826828022251e+01,2.799343070959224633e+01,2.778782654605902280e+01,2.846251973876553620e+01,2.834789485148394306e+01,2.848410638523955640e+01,2.775916179583066423e+01,2.912553993301975197e+01,2.925272253361356434e+01,2.850985125296148226e+01,2.785490182937786585e+01,2.874436957872541143e+01
2.826343412767113250e+01,2.763431754017722142e+01,2.895889410894449156e+01,2.857297034464158969e+01,2.797118824857318486e+01,2.820663655164281636e+01,2.829516247961583986e+01,2.808658448553273956e+01,2.730523315354855640e+01,2.789438625253620785e+01,2.828436478658863962e+01,2.789767736001630283e+01,2.819965603855274594e+01,2.801180457636002075e+01,2.788502375868603167e+01,2.865814982952849732e+01,2.795707852135683424e+01,2.812996863233024669e+01,2.917851978200366148e+01,2.855543342987186861e+01,2.877274785184584971e+01,2.874219768540268660e+01,2.811119581824112856e+01,2.879278114890598772e+01
2.821105394976717662e+01,2.716909657763471841e+01,2.887313797781166613e+01,2.876376788823205288e+01,2.782661011620820091e+01,2.750451384815670508e+01,2.777158974404801484e+01,2.793844206486812709e+01,2.709723529635527939e+01,2.836788935190605798e+01,2.759169960571739466e+01,2.819046752925925148e+01,2.850389344148123882e+01,2.841191796746045384e+01,2.854245491442833327e+01,2.894667000800512824e+01,2.809950802005579362e+01,2.836678096391381132e+01,2.835118463591174987e+01,2.863579549998831908e+01,2.939617466732295270e+01,2.861164052233812072e+01,2.899043193793806950e+01,2.915853669352918587e+01
2.830369469515829906e+01,2.759684096641183260e+01,2.832773907156820314e+01,2.726696128120823914e+01,2.784250701070379819e+01,2.762063519566703462e+01,2.803773304530932364e+01,2.690208960958898388e+01,2.846186445339571947e+01,2.765265826354925593e+01,2.860634932067580394e+01,2.742191280340500725e+01,2.882041720564956222e+01,2.875014332095400960e+01,2.800676107592079234e+01,2.787852389747638426e+01,2.766072654907969763e+01,2.699723512322646002e+01,2.740668421025844737e+01,2.800167241576417609e+01,2.912668129697090080e+01,2.906585965964092111e+01,2.858305142187020920e+01,2.796123141710262416e+01
2.788888834825439744e+01,2.699019825305663289e+01,2.799999442043827003e+01,2.815188152603684557e+01,2.724749404251167562e+01,2.808698253945328815e+01,2.793315076685780696e+01,2.846300427459095772e+01,2.780116356529583754e+01,2.774398122478697815e+01,2.746608284462990923e+01,2.789584311511356418e+01,2.814317185082944661e+01,2.770537386094696330e+01,2.837897366952620359e+01,2.952348254657943016e+01,2.760301898434966006e+01,2.765525860646812362e+01,2.766112883836922265e+01,2.792652047998973330e+01,2.785514064731165718e+01,2.892255348247556412e+01,2.867298726726914992e+01,2.964688094213050817e+01
2.815127509423820129e+01,2.841251191018898226e+01,2.841732170304686633e+01,2.756715304792788857e+01,2.855349696404078941e+01,2.744223044921892551e+01,2.818133658588840262e+01,2.818500825798207643e+01,2.767880341400814359e+01,2.732375737343909350e+01,2.857323613796376094e+01,2.890256487166556099e+01,2.901392819539967149e+01,2.830151838804312092e+01,2.911555497421744576e+01,2.908529236251490602e+01,2.776592950405205329e+01,2.703999130405730966e+01,2.784917413847938406e+01,2.870985234006758446e+01,2.923804058950560147e+01,2.830315102373697300e+01,2.833594401627431125e+01,2.912469793862999268e+01
2.866390910727437813e+01,2.838801440262017195e+01,2.864428916074859899e+01,2.801454157273565215e+01,2.852381616150461241e+01,2.693652968461259434e+01,2.909099330992910382e+01,2.773643377607243110e+01,2.830936876352012632e+01,2.753518558615940037e+01,2.841317377639279584e+01,2.792723552335422710e+01,2.810046283858542893e+01,2.880254509000326379e+01,2.789217724177683522e+01,2.796932427325884873e+01,2.734147248207409575e+01,2.742511161497992589e+01,2.753729875282095918e+01,2.879642225614708195e+01,2.824180114189664437e+01,2.879244508269584912e+01,2.832815371043966479e+01,2.894669694015038885e+01
2.937207022233008047e+01,2.791569505634686266e+01,2.889270821765387609e+01,2.871464801816591716e+01,2.845114389312061576e+01,2.889757711186837241e+01,2.729168310892043792e+01,2.780987941639193650e+01,2.836857852574365779e+01,2.744725223622833710e+01,2.782629581845111488e+01,2.824921039402914857e+01,2.856419875713169176e+01,2.796072342831945434e+01,2.844996552234931642e+01,2.818997339038384098e+01,2.799343209207899008e+01,2.682931032767299939e+01,2.778593629153084521e+01,2.713855165274725323e+01,2.859548320305714242e+01,2.776565739532412636e+01,3.003478634590891261e+01,2.854032919297236504e+01
2.845409000678722578e+01,2.862144562000293035e+01,2.913283338033988912e+01,2.916409148181753608e+01,2.944206332969264395e+01,2.884591930832249318e+01,2.802394050465233022e+01,2.867877983930259234e+01,2.737897847336728319e+01,2.905516515113583864e+01,2.923071891757865615e+01,2.732186659958193786e+01,2.798264773034162545e+01,2.809748669218754458e+01,2.813413916774868540e+01,2.803165492565096883e+01,2.642147521545678046e+01,2.782805474948844449e+01,2.723016096962123811e+01,2.940710451885610155e+01,2.843172177497706343e+01,2.888273385898793322e+01,2.883869559944395178e+01,2.920779471207100642e+01
2.851510206022743432e+01,2.950078804440261138e+01,2.935138528013015957e+01,2.971412526715880631e+01,2.882665040378333288e+01,2.870758320111372086e+01,3.013831690135242525e+01,2.813700071272631931e+01,2.921235959937081361e+01,2.869810589329227923e+01,2.876976303025520565e+01,2.909372279198555589e+01,2.852847612652936959e+01,2.847240253843841629e+01,2.781160267012614895e+01,2.745105098941024835e+01,2.724500579239492026e+01,2.787123962618863970e+01,2.808986039190170914e+01,2.823511901784286238e+01,2.927918078637407007e+01,2.835173156915044501e+01,2.844639001579929527e+01,2.884001658395004597e+01
2.890160179590736789e+01,2.898610661807975930e+01,2.839404965809944770e+01,2.863442508652423157e+01,2.858909393711070379e+01,2.845543292953078662e+01,2.839920240296862630e+01,2.834498385400780762e+01,2.931326185209042023e+01,2.853093359217194802e+01,2.813777768661896062e+01,2.837616144886868597e+01,2.821932994494892455e+01,2.749878422469322459e+01,2.714592051381248439e+01,2.790682271609404097e+01,2.791027291109639918e+01,2.825963300829329228e+01,2.721777781586769152e+01,2.842302150742978029e+01,2.936735687196119216e+01,2.903618837188810176e+01,2.868099707639458984e+01,2.820410874340092278e+01
2.880522265562990469e+01,2.779402808346594611e+01,2.838380861110897513e+01,2.927523958398796822e+01,2.909431800086485964e+01,2.886019108588709514e+01,2.766500329063455865e+01,2.850450176869532015e+01,2.806691086466611296e+01,2.769313424235087950e+01,2.838866611553237362e+01,2.845226593092201028e+01,2.888401079592495080e+01,2.780887326231987799e+01,2.791496270577090399e+01,2.747474296435257202e+01,2.814570749562301444e+01,2.742506033234553797e+01,2.872367893488677737e+01,2.792786242504934080e+01,2.912556633100672343e+01,2.798573447458500141e+01,2.999782949326106518e+01,2.890862094178601183e+01
2.805971560549528476e+01,2.838956025719551235e+01,2.903682694483006799e+01,2.911998586895703056e+01,2.843218366333996983e+01,2.886398409814023580e+01,2.863761916579750277e+01,2.825756129860894816e+01,2.833921036671245020e+01,2.890888800942366288e+01,2.841526766365433332e+01,2.934387165555580168e+01,2.835708089520403519e+01,2.757942523247083955e+01,2.871337115473613721e+01,2.849156661049516970e+01,2.705264796465996824e+01,2.700181145342844502e+01,2.819080182779515553e+01,2.839143028645986533e+01,2.867367323488883812e+01,2.895423944008570061e+01,2.875311199285755492e+01,2.856491533389345250e+01
2.956137702638233122e+01,2.902030801590473175e+01,2.922080442373652431e+01,2.957931187513241866e+01,2.907341658050404476e+01,2.867028286749331301e+01,2.888739457456330229e+01,2.848710744171330589e+01,2.848258577796337931e+01,2.846999780375216460e+01,2.902491310636173694e+01,2.835796655711567382e+01,2.768611933487596843e+01,2.754664973374269721e+01,2.853646714784986216e+01,2.752869098890988653e+01,2.802207672040702846e+01,2.765654644388632732e+01,2.782850450609066684e+01,2.797021015102529873e+01,2.890065277142127798e+01,2.882209012407872706e+01,2.905539954670337011e+01,2.804080338870107880e+01
2.848604840939680116e+01,2.914550965234332125e+01,2.903316494092626954e+01,2.907162781622508874e+01,2.885659926515666029e+01,2.958559508776295388e+01,2.792752608621333366e+01,2.857384967974013534e+01,2.829365174996178212e+01,2.835323917670126548e+01,2.762833099095973921e+01,2.835323917670126548e+01,2.758625923218755815e+01,2.766140189982638731e+01,2.827438232702712639e+01,2.796727000249421735e+01,2.732742827829025600e+01,2.765405164579857455e+01,2.852494066798823269e+01,2.875726915815204165e+01,2.942560447536135371e+01,2.908313259042267873e+01,2.921443059402730569e+01,2.914775212922705805e+01
3.037766585553060850e+01,3.067949330883612902e+01,3.114164966746801610e+01,3.085859164524259768e+01,3.029601916244291715e+01,3.042672276498518613e+01,2.996334142018810098e+01,2.921302307116059183e+01,2.903625905414816089e+01,2.913270221480706823e+01,2.855444389089097967e+01,2.832308951965444521e+01,2.830005541793804014e+01,2.754125798983596951e+01,2.809944189524497915e+01,2.735860248185610999e+01,2.742477056545442338e+01,2.678392029058016988e+01,2.762630516876470210e+01,2.882051104640407857e+01,2.891425914076785375e+01,2.780382117616090909e+01,2.914306272900034855e+01,2.856997126106557516e+01
3.134116757900920902e+01,3.184931657679891259e+01,3.145779831867787379e+01,3.168388300902330457e+01,3.097500545478317235e+01,3.159610595144886247e+01,3.066567210616619832e+01,3.059370415512876207e+01,2.846325499439808482e+01,2.852150598775040180e+01,2.934475502030721827e+01,2.927475905755375152e+01,2.834875592595273019e+01,2.855701649160499755e+01,2.843853859339901646e+01,2.951847475650373553e+01,2.728859205618408623e+01,2.737144137582481562e+01,2.735868941231882445e+01,2.900058637238987558e+01,2.865685580682173850e+01,2.857415736190284861e+01,2.868905526836732633e+01,3.013020691466050494e+01
3.038563768328566539e+01,3.019983693020111559e+01,3.229900235044874535e+01,3.242558082852229973e+01,3.169538239045760974e+01,3.182954835773620061e+01,3.160217282607283096e+01,3.105132016132091621e+01,2.960277796651666904e+01,2.942465082830079837e+01,2.896349755365804413e+01,2.841555220884606570e+01,2.839343758861019751e+01,2.738788840474148856e+01,2.939784052927234370e+01,2.704529522215995030e+01,2.748327410027042106e+01,2.780883508990876862e+01,2.846937764158627715e+01,2.810191766605777275e+01,2.928166617439325137e+01,2.887836182431897214e+01,2.964422291896113393e+01,2.889398300417940391e+01
3.060533919585714102e+01,2.931579726205148972e+01,3.033323006343073303e+01,3.074025691783378988e+01,3.157077669476473147e+01,3.163224661855264230e+01,3.155162652942567547e+01,3.089027026878471816e+01,2.887881485401857162e+01,2.822042285699711783e+01,2.782494957657826262e+01,2.857003389620064127e+01,2.765891221418155510e+01,2.837240068303231055e+01,2.821460191432100828e+01,2.789180017868227424e+01,2.707572413852585669e+01,2.726716126932063844e+01,2.722920362116070692e+01,2.843479334220688770e+01,2.880770676326289959e+01,2.865065644768839093e+01,2.944197519024089615e+01,2.957787746923901295e+01
2.954360753327887323e+01,2.956582318169580503e+01,2.893053057305667153e+01,2.871464801816591716e+01,2.960810921985580535e+01,3.024496717058212880e+01,2.972084234792282587e+01,2.981230108963342218e+01,2.826870271039462068e+01,2.818064020384235846e+01,2.872963805169115403e+01,2.864963599396014615e+01,2.729913735093680316e+01,2.773092454632865156e+01,2.832716355804438990e+01,2.759635713058571582e+01,2.697349625745283674e+01,2.850116649030644567e+01,2.740489426408458939e+01,2.858808970715011810e+01,2.909175285240041831e+01,2.868917023222712714e+01,2.855675550138386143e+01,2.910811627027806026e+01
2.849284837572167817e+01,2.947012770930649594e+01,2.889578812988304435e+01,2.924568010556652098e+01,2.880959793241385114e+01,2.857157317863732260e+01,2.906945390710239963e+01,2.912923986593443715e+01,2.928798349560440784e+01,2.847243159057609319e+01,2.930719302771797175e+01,2.884930737404397405e+01,2.819324696186629353e+01,2.800371211763632573e+01,2.853674528160445334e+01,2.859102307625283856e+01,2.839870996550837390e+01,2.755698857464773255e+01,2.762991009016553789e+01,2.828374824722311587e+01,2.835324516258492622e+01,2.844900637738606974e+01,2.851764937056651661e+01,2.791287599115787543e+01
2.843429281744062109e+01,2.888510993293823503e+01,2.902974537892816898e+01,2.880139214662773384e+01,2.921063775611747815e+01,2.882771800821308261e+01,3.040917953797548989e+01,2.907003472580117887e+01,3.242715958483563554e+01,2.990180763959199339e+01,3.075462685444171029e+01,2.928417421146673405e+01,2.827023502262738930e+01,2.807500232643337768e+01,2.793386598174475921e+01,2.699219561950985735e+01,2.828507330745213721e+01,2.635163632737101125e+01,2.774260007316189558e+01,2.817710182481511083e+01,2.943442430371965202e+01,2.866984177907721687e+01,2.826767428438375873e+01,2.748120600828696070e+01
2.897226622029285181e+01,2.865639950503953060e+01,2.901702481934501066e+01,2.871703794467066473e+01,2.802901427875684703e+01,2.889188368245811489e+01,3.049948164715016219e+01,2.960699859601095341e+01,3.189508713707408560e+01,3.107796559881035137e+01,2.942204294763729422e+01,2.925868189870226388e+01,2.792595716683263163e+01,2.780298103943545129e+01,2.860776853644227913e+01,2.755698857464773255e+01,2.682839324043942497e+01,2.718922509454637293e+01,2.861778652724797212e+01,2.844084550017464608e+01,2.901151416508969305e+01,2.881105785791231710e+01,2.970196188071690813e+01,2.829467851037742321e+01
2.950647339276645198e+01,2.857934358797979257e+01,2.883352569812529964e+01,2.836234761441374985e+01,2.799821783465324643e+01,3.008711981326717932e+01,3.070342472346203522e+01,2.985870555431051798e+01,2.985172752005854591e+01,3.067295299984073154e+01,3.128648195873734039e+01,3.026845095814576325e+01,2.716429512386775968e+01,2.723133296131294401e+01,2.795775855014005629e+01,2.694175785439614401e+01,2.766017939378417623e+01,2.695145286232474291e+01,2.852029901206304885e+01,2.863986300992729639e+01,2.883099628387151370e+01,2.985494524211998169e+01,2.820769375441534521e+01,2.885652683941668784e+01
2.818297145885287591e+01,2.865938974563414376e+01,2.853640128619167626e+01,2.912304216282149127e+01,2.839382124174238697e+01,2.989149459156385547e+01,2.979589932372192607e+01,3.024608461984587393e+01,2.995026350771206580e+01,3.109748923225890849e+01,3.002387503289929782e+01,3.033329513173327996e+01,2.858804734581184448e+01,2.870442305228164059e+01,2.803729133032675236e+01,2.739044223923644950e+01,2.687235688509002784e+01,2.696849286868342688e+01,2.734764688575825176e+01,2.957556710665534183e+01,2.753757635081592525e+01,2.881685713229506973e+01,2.861806159877551181e+01,2.856718833123102286e+01
2.842627943333616258e+01,2.847998923921903724e+01,2.871845628009430129e+01,2.916274277120135139e+01,2.874144857973811895e+01,2.991847708808256812e+01,3.011677726767925378e+01,2.945950575167427132e+01,2.994636882689849244e+01,3.063054291962913567e+01,3.095535511976066800e+01,3.054798634488952302e+01,2.826023309390251370e+01,2.723335978768585619e+01,2.840646491275867902e+01,2.835599010137315190e+01,2.669566512493986465e+01,2.698030691274016135e+01,2.880984476342479184e+01,2.769233183655489938e+01,2.917155354166504821e+01,2.823444602325622554e+01,2.929070561458894417e+01,2.889563158430951262e+01
2.854624834480409845e+01,2.864846109643423233e+01,2.776960841667550994e+01,2.861004134105519370e+01,3.004534226408873110e+01,2.953628021002032256e+01,3.055328647000010278e+01,2.985856704116588389e+01,2.859648585397206944e+01,2.985325416086311634e+01,2.986936245541795643e+01,3.006054201554735528e+01,2.784907765027645610e+01,2.845670363655943902e+01,2.836814884445402640e+01,2.856236112238065061e+01,2.751296748935237702e+01,2.789598823790146298e+01,2.793994719625072776e+01,2.731928687490778884e+01,2.892823263026554059e+01,2.867871825723204893e+01,2.845691069116367089e+01,2.936180582904864877e+01
2.875949903615611447e+01,2.844899820805312629e+01,2.731136074957441906e+01,2.919506269980007573e+01,2.891886643301705817e+01,2.801933530266728667e+01,2.902373351291419112e+01,2.878736014328035253e+01,2.816699460123828658e+01,2.956604892307626642e+01,3.020781960364712404e+01,2.850101697720776883e+01,2.744158323247859244e+01,2.898391808717383356e+01,2.732125636915969835e+01,2.718848339487612975e+01,2.678872349880435877e+01,2.839034658522069776e+01,2.775817238384325947e+01,2.890536870920300316e+01,2.858612125081020849e+01,2.840110491823628536e+01,2.890544740755990460e+01,2.883779233110988116e+01
2.882308231866954884e+01,2.792375926243408912e+01,2.803238141817871565e+01,2.782681285001712013e+01,2.992020804253098731e+01,2.957278470377144686e+01,2.862017973653439640e+01,3.003277882245726005e+01,2.820884320682756652e+01,2.878239290917412063e+01,2.999675558832439037e+01,2.962391950315844724e+01,2.807367455205900342e+01,2.797412070603320444e+01,2.793750813039127934e+01,2.829317368917327258e+01,2.663838507655162857e+01,2.826902244560909594e+01,2.836790336266545864e+01,2.884254308926637123e+01,2.873208506025088127e+01,2.839032015425095778e+01,3.038501002717254096e+01,2.861610588110090703e+01
