2.485116660240515785e+01,2.436431153271877292e+01,2.490087305814682850e+01,2.311346961061684624e+01,2.295679949588833324e+01,2.300206376865583024e+01,2.435271023513541877e+01,2.452946987116882838e+01,2.463772659648753915e+01,2.367243446667754370e+01,2.379739033434333351e+01,2.397934692149789271e+01,2.453001413841826661e+01,2.427952557221908592e+01,2.504638238196048405e+01,2.449319883945867105e+01,2.445910463337878582e+01,2.394283838301572587e+01,2.536635827738598437e+01,2.525497715694194767e+01,2.607989423357815895e+01,2.481132695104048480e+01,2.533971858863208126e+01,2.628824783649213259e+01
2.424835496088570608e+01,2.525364629107770043e+01,2.276742394933813785e+01,2.443746436806964084e+01,2.439056362827000157e+01,2.496946591712008967e+01,2.385899490626155739e+01,2.465626652068493740e+01,2.445771109659864351e+01,2.457422772262071931e+01,2.320577440162048788e+01,2.464181963306208445e+01,2.385690520037707074e+01,2.364471885768779202e+01,2.264482091529504260e+01,2.405750454868086763e+01,2.427885748069542160e+01,2.432813891154933117e+01,2.444374178151588239e+01,2.448293940517925193e+01,2.411475351910968357e+01,2.491193247548187628e+01,2.528407182160731281e+01,2.472478761496500965e+01
2.460402922420001914e+01,2.457683072010377145e+01,2.574476611807051540e+01,2.423072470245574550e+01,2.429306381101264378e+01,2.265500311240009523e+01,2.464108735671015893e+01,2.354647146779075229e+01,2.525537422281456656e+01,2.434302091923211719e+01,2.464968177242388947e+01,2.436626194849225158e+01,2.451635010093673372e+01,2.297574091968715493e+01,2.354854980027806732e+01,2.428333261483476235e+01,2.458835409289986274e+01,2.489595305761474719e+01,2.326535075548400755e+01,2.354600066331062180e+01,2.601348694505372805e+01,2.387747427531041922e+01,2.503344106650735057e+01,2.570244676795954319e+01
2.405481673688160527e+01,2.476645625710096965e+01,2.406689865199763290e+01,2.544104543574712807e+01,2.325806294838122312e+01,2.521705373268167705e+01,2.385375687561548830e+01,2.617278742783486223e+01,2.460845541336590259e+01,2.430781407112539227e+01,2.439360063694545033e+01,2.466554939569226690e+01,2.455551372618418782e+01,2.485091515500351989e+01,2.507018336081029020e+01,2.349612847719140518e+01,2.253381404811972288e+01,2.409979064835516738e+01,2.506527597852635836e+01,2.536006098164676814e+01,2.508883557751022408e+01,2.427698719110992442e+01,2.499507956832070477e+01,2.538586989940779404e+01
2.522561813895759997e+01,2.337129431790111767e+01,2.545761849454027015e+01,2.438689337580257188e+01,2.594115582639273043e+01,2.467151904147510777e+01,2.516559105985732003e+01,2.494225526483847943e+01,2.416609144332494452e+01,2.473711766438111681e+01,2.456427798714366872e+01,2.530386325562392358e+01,2.447690567415133955e+01,2.445035299813696383e+01,2.340834454797800390e+01,2.339331815515112112e+01,2.363948493069608503e+01,2.358689227210777517e+01,2.467265067938814127e+01,2.378888061862551240e+01,2.441987007080376770e+01,2.434245053856102459e+01,2.456518606765257573e+01,2.498732887541302716e+01
2.468197576692722350e+01,2.548841752156226903e+01,2.469800819741658415e+01,2.482651136845316842e+01,2.450395555527063607e+01,2.541191810749705837e+01,2.666784632006414313e+01,2.638972632825556275e+01,2.453996126711666648e+01,2.560968337445814313e+01,2.386965588241321257e+01,2.523721085610469572e+01,2.517757305708505555e+01,2.469278001377824694e+01,2.482206171410126672e+01,2.542430378786923484e+01,2.513197159493608979e+01,2.423173719079966304e+01,2.461626401023619337e+01,2.449052386111839041e+01,2.368048359681017700e+01,2.426642281128641798e+01,2.331156083148499647e+01,2.516013316675076794e+01
2.455930306971771415e+01,2.566259880206348498e+01,2.524583164947148362e+01,2.522958659876945831e+01,2.575678148797811673e+01,2.491910448879826845e+01,2.588063109834843090e+01,2.605140708585787479e+01,2.569423264432020915e+01,2.525256520019212303e+01,2.582516063933888972e+01,2.591951040767224868e+01,2.622075767439696392e+01,2.578788202512913585e+01,2.575063736162752548e+01,2.490159139808150712e+01,2.505712204729172754e+01,2.514273186818019212e+01,2.480816294549083523e+01,2.485240643693623497e+01,2.541373282853834326e+01,2.415462118213832809e+01,2.566223739074933974e+01,2.459074056610251091e+01
2.414792879540561898e+01,2.520436524272042789e+01,2.534229053391771913e+01,2.567948154364870561e+01,2.494442904210683309e+01,2.533496069041427745e+01,2.538817302099522522e+01,2.531665775888376402e+01,2.447583789764104267e+01,2.587064633144524350e+01,2.648603735597413333e+01,2.544975549201234344e+01,2.518585661416256016e+01,2.598371782398726282e+01,2.540682305874173608e+01,2.565270063480284080e+01,2.572839665238041107e+01,2.594859381194459047e+01,2.544060404576345036e+01,2.492623935223787157e+01,2.489888315747322167e+01,2.555911526917208221e+01,2.494483079055976305e+01,2.528133739463436314e+01
2.549165331304300253e+01,2.467151904147510777e+01,2.510839511339992214e+01,2.498735558614646379e+01,2.541688365984055054e+01,2.521040073176698115e+01,2.540153794362231565e+01,2.592713272786801326e+01,2.487148158430284184e+01,2.609626340837729686e+01,2.540811132228390079e+01,2.466945070537968832e+01,2.602201033041012579e+01,2.544777159562198676e+01,2.665239794246991778e+01,2.572508966410765652e+01,2.528572638997684408e+01,2.487759851783602016e+01,2.591473504567875352e+01,2.533438043898286196e+01,2.572305673609719179e+01,2.657636764998687795e+01,2.557877966294410044e+01,2.594588539740135502e+01
2.557248419620691493e+01,2.612071878163499150e+01,2.434604795201147454e+01,2.489079511362314179e+01,2.482067161895901108e+01,2.526779165918759418e+01,2.504295196886789654e+01,2.547630742615854160e+01,2.568674388406822118e+01,2.577033291959531880e+01,2.525142504506948171e+01,2.563806861796632575e+01,2.543879073840338378e+01,2.598084217902703585e+01,2.488711863980341832e+01,2.597982457439150039e+01,2.589308013202401071e+01,2.526745807891705908e+01,2.541668874836346959e+01,2.580156022151044226e+01,2.652312686092506056e+01,2.562765883765183617e+01,2.573734376096416554e+01,2.502467559381921092e+01
2.337750276668214156e+01,2.522867368706670277e+01,2.539317627007073952e+01,2.423381195650102882e+01,2.530782279541563184e+01,2.447789197459218258e+01,2.518634411896891834e+01,2.481391162689914154e+01,2.486100563354307269e+01,2.479950388573223563e+01,2.585688983321483647e+01,2.525269230412789057e+01,2.624575346641790929e+01,2.564283701987807262e+01,2.509931875029059256e+01,2.586527887497260281e+01,2.602779540033247940e+01,2.556741436384373856e+01,2.565299786996081366e+01,2.571638963408798872e+01,2.687503367789736330e+01,2.569174998116187680e+01,2.559573514666834626e+01,2.555114509654697486e+01
2.349499107136267639e+01,2.471262896363185746e+01,2.468489681517900181e+01,2.469310239846362265e+01,2.408667883100508789e+01,2.587889570299603292e+01,2.506056010651451516e+01,2.569462985389549203e+01,2.456704860722692274e+01,2.536815768028208140e+01,2.505813592720193128e+01,2.600092953459392220e+01,2.447372529401172869e+01,2.507212546316100088e+01,2.512618306376356259e+01,2.636660306908157736e+01,2.460438650023985474e+01,2.531973821225841448e+01,2.686395507276137096e+01,2.657260096245221348e+01,2.544136230636559048e+01,2.656938571257234116e+01,2.606214266589915951e+01,2.583299050198201030e+01
2.341633628300934333e+01,2.483639036307545211e+01,2.529756081137071533e+01,2.491727197725566612e+01,2.496348329816163414e+01,2.499422360493821316e+01,2.475683719163640717e+01,2.528332429913325541e+01,2.519193996302948335e+01,2.601665707013944484e+01,2.508668850955189100e+01,2.489029300824614666e+01,2.500975269849874394e+01,2.527592473882162949e+01,2.511468260980302603e+01,2.472571396368982732e+01,2.538413967323822362e+01,2.498950178385342724e+01,2.559213535368985504e+01,2.622357937111752335e+01,2.576712942781102811e+01,2.550440643242319538e+01,2.473367044969609196e+01,2.490863211644699504e+01
2.418931288813621450e+01,2.529112995656561225e+01,2.506261028265402047e+01,2.512959199761058926e+01,2.507610538824553714e+01,2.512756685657956268e+01,2.488405590965732017e+01,2.464253446734545605e+01,2.479434168514518433e+01,2.485612311983106792e+01,2.444733256887690231e+01,2.467906003576302965e+01,2.486687801127931152e+01,2.494459803322604330e+01,2.428197959201708045e+01,2.470253396206959451e+01,2.470970509659963454e+01,2.591099984903780751e+01,2.537268801899818982e+01,2.624594255830209022e+01,2.602334093101586632e+01,2.480492266504847976e+01,2.622846616472003234e+01,2.556468485751190656e+01
2.530378032071160987e+01,2.527294325389254936e+01,2.489078930945504453e+01,2.486795970263870004e+01,2.449759931436369698e+01,2.446027906471579172e+01,2.538138776345004999e+01,2.499490524939506031e+01,2.506827994583721875e+01,2.519153557237655150e+01,2.520459045806234144e+01,2.577889731251991634e+01,2.537256059106601924e+01,2.428501484636746000e+01,2.556095181589762433e+01,2.478859396376839186e+01,2.581018519285447610e+01,2.524135846067281364e+01,2.450983812136155393e+01,2.474963488684295498e+01,2.559376522315409375e+01,2.514860719090438579e+01,2.558483016290836076e+01,2.554511223903983819e+01
2.515130896609724687e+01,2.448478260897462633e+01,2.403090035995489870e+01,2.543921082644357057e+01,2.475003932960163411e+01,2.536415848373025028e+01,2.443969418719444775e+01,2.472917948845520186e+01,2.430569637933103877e+01,2.454748938640500455e+01,2.491451828009940073e+01,2.533840726472072902e+01,2.450400972742318118e+01,2.470406859026542179e+01,2.486905036609107356e+01,2.527596662017987228e+01,2.505373149685749468e+01,2.513611595721852154e+01,2.483614265778010122e+01,2.520013945420390655e+01,2.444844272334279367e+01,2.575646284458917989e+01,2.541632923726427862e+01,2.645815794382161812e+01
2.430116053960182398e+01,2.453085270417335551e+01,2.496533675884450076e+01,2.458578383796128719e+01,2.521450371803172175e+01,2.374760433664442871e+01,2.468760688213910726e+01,2.462367200502279729e+01,2.513538446177108199e+01,2.476592653410961020e+01,2.518334052622071795e+01,2.498813975888998584e+01,2.514946258854502048e+01,2.481459036224754300e+01,2.485354119588771482e+01,2.529107620040377924e+01,2.430959364865822181e+01,2.544441332247970422e+01,2.531782747698554203e+01,2.560359818167972890e+01,2.484256931426699566e+01,2.474750647059283892e+01,2.589480587641372722e+01,2.464349355401111552e+01
2.418149339604553916e+01,2.392287433166478650e+01,2.476836141103143518e+01,2.444868137495643623e+01,2.409022140727813621e+01,2.521760000700049886e+01,2.476186656755982085e+01,2.454136153964032019e+01,2.560157079423839832e+01,2.482575896464646803e+01,2.493959599567193663e+01,2.449110284048850872e+01,2.455355569409732652e+01,2.494459803322604330e+01,2.457463868345070068e+01,2.525585341366291914e+01,2.529296136778935988e+01,2.461717447213806054e+01,2.432502166763850937e+01,2.471920227792116975e+01,2.555817794891504491e+01,2.573366557899055351e+01,2.516803377469443603e+01,2.543707511116207343e+01
2.532327540018019363e+01,2.450241478765218517e+01,2.542993574077559060e+01,2.423644391061776560e+01,2.502907106027799955e+01,2.428002878870898940e+01,2.401463586382487847e+01,2.467375740143052099e+01,2.448944420424209056e+01,2.443306987378178974e+01,2.486475325160193961e+01,2.446646273150156503e+01,2.494371067233021222e+01,2.468210825604495540e+01,2.490781681696654459e+01,2.466601935001142465e+01,2.560393400782589879e+01,2.462764153124777522e+01,2.528003192690033529e+01,2.599753658527214384e+01,2.468386559622541654e+01,2.621018803863876201e+01,2.542427321307087595e+01,2.556698802152033068e+01
2.366671014842091836e+01,2.466485419839023052e+01,2.442559665189514817e+01,2.434631661057591145e+01,2.441747405946472327e+01,2.490082317689933689e+01,2.370872151647199644e+01,2.590780823192989146e+01,2.460006011613586452e+01,2.550789433694092168e+01,2.481926186646057886e+01,2.576382046059757158e+01,2.534049501213684152e+01,2.503210979130642500e+01,2.508817162255894573e+01,2.599037465189957175e+01,2.444017505531240886e+01,2.483893422059219347e+01,2.556589370349814772e+01,2.510818728643545228e+01,2.601679215964992409e+01,2.572410449004718203e+01,2.535200704555410312e+01,2.511686079061308874e+01
2.368805360401290727e+01,2.333953295347004087e+01,2.607753334353628816e+01,2.361482185735445682e+01,2.409039834573019334e+01,2.335700869314825923e+01,2.480369936191397073e+01,2.512022122536319557e+01,2.439472935358622863e+01,2.522962751123367298e+01,2.544135440330182973e+01,2.453550358929811637e+01,2.436509495149329041e+01,2.517195913155484277e+01,2.455293479123173483e+01,2.398486878062794858e+01,2.427437059379127504e+01,2.526010503509968430e+01,2.528771806572058267e+01,2.591216181028420351e+01,2.646157223943947656e+01,2.621512266379016864e+01,2.520250901726677739e+01,2.551585450264349220e+01
2.369192604585350637e+01,2.463337258762396687e+01,2.458108621289954954e+01,2.373917398783913768e+01,2.413513352518913280e+01,2.423221612881877718e+01,2.422338474222300420e+01,2.497781161258427574e+01,2.447744501593587074e+01,2.433888727793060980e+01,2.464028715696474592e+01,2.453526581890491798e+01,2.497351230690298962e+01,2.552448265278206918e+01,2.433386249032724891e+01,2.469418268117289017e+01,2.488522160399088534e+01,2.456854314572342446e+01,2.472155048510268216e+01,2.628860323883856154e+01,2.633666165538642190e+01,2.582749455467774169e+01,2.591759613074310664e+01,2.602564592346152494e+01
2.501245922600082849e+01,2.505407110013106831e+01,2.523503240078230192e+01,2.462383996429059607e+01,2.422929402336666271e+01,2.323068374773822597e+01,2.401662300016812424e+01,2.469039736966226428e+01,2.528376433706915805e+01,2.412421245609533571e+01,2.450544537732525896e+01,2.478924074874055350e+01,2.463304042246494419e+01,2.420405068472308585e+01,2.532537475074144595e+01,2.422098040196453894e+01,2.467617164964303811e+01,2.443044327154296980e+01,2.566534338314062325e+01,2.468795534393223079e+01,2.702409544079654324e+01,2.624260499803938274e+01,2.726887241731446920e+01,2.743104310557708914e+01
2.431777348457836752e+01,2.428658330109368535e+01,2.399655348464273175e+01,2.494760118097218538e+01,2.493184749363615538e+01,2.447916974748716257e+01,2.389383221629674381e+01,2.506752602639369343e+01,2.435837019543737370e+01,2.423523862545624752e+01,2.438482255414572819e+01,2.550325792401304170e+01,2.394561593113473918e+01,2.568345854083577251e+01,2.484088952151643070e+01,2.383774306368439966e+01,2.487470345142770611e+01,2.543805690987210255e+01,2.553683161846765870e+01,2.544181538000816545e+01,2.556422350583602565e+01,2.709318303799227579e+01,2.800918434152026748e+01,2.978421205737078026e+01
2.426373599003852632e+01,2.366683336843988172e+01,2.428743975641680208e+01,2.427179397830349217e+01,2.419085215390447274e+01,2.454498719192378076e+01,2.524861342337163705e+01,2.387309384795349843e+01,2.484997163068749160e+01,2.495099068033317735e+01,2.458707975105954802e+01,2.432987583847602764e+01,2.490777696111410933e+01,2.450721116945959466e+01,2.438621371142312455e+01,2.466091796780722234e+01,2.456377943399661490e+01,2.470383299259458454e+01,2.618236116643953437e+01,2.570944772909513176e+01,2.627316658771013635e+01,2.856816407869234808e+01,2.992674800557739445e+01,2.933468080934136424e+01
2.479498148682648662e+01,2.471826302033770162e+01,2.527736959680566997e+01,2.498707615717660246e+01,2.430411280698308474e+01,2.574642989281909422e+01,2.515605489158133423e+01,2.443803374799915673e+01,2.406144744563817994e+01,2.470024620489846257e+01,2.554453606625895645e+01,2.538529303238527746e+01,2.475959086960199329e+01,2.516457539704208557e+01,2.453416429612684624e+01,2.472484140201970604e+01,2.595436890066497426e+01,2.560730031020688102e+01,2.581039014073951421e+01,2.690740362838852207e+01,2.898539510454338597e+01,2.807288156133080292e+01,2.942564428203928628e+01,3.045965035268807242e+01
2.438754331877112236e+01,2.370713784354700238e+01,2.509758137478053186e+01,2.547513748502819908e+01,2.527396988522878019e+01,2.481616735251009231e+01,2.429897964079759731e+01,2.502159195938787661e+01,2.559001039977619030e+01,2.511675935875740606e+01,2.523430709855693976e+01,2.438181309490613558e+01,2.529081268978194430e+01,2.536412187213841207e+01,2.533276265448205322e+01,2.615355801878513375e+01,2.468150916316994881e+01,2.603844617800206152e+01,2.918662623052324534e+01,3.041704713963349604e+01,3.070117848104132463e+01,3.059755267619129881e+01,3.027294491361942619e+01,3.069014089968999315e+01
2.370986343397788687e+01,2.535224645887160477e+01,2.459182967417592636e+01,2.517113804135033206e+01,2.424381631214805566e+01,2.518226306485837540e+01,2.471753149836939656e+01,2.597449873066443615e+01,2.549967427116916951e+01,2.440454680510163143e+01,2.368388600087536133e+01,2.457503479338998886e+01,2.487614476176571543e+01,2.589866632360025278e+01,2.582044981086204416e+01,2.475822090795935537e+01,2.597875487085497070e+01,2.900615796908272159e+01,3.054161797705694426e+01,3.209146690315139949e+01,2.994125572289226511e+01,3.039509672043180899e+01,3.107388967178007988e+01,3.140695992262294567e+01
2.415179840918489163e+01,2.515624815427815975e+01,2.586606453827050700e+01,2.561926371950630710e+01,2.542810143195646333e+01,2.517761116663029952e+01,2.454524203588300679e+01,2.470754882978047817e+01,2.465430331963119670e+01,2.615301674465882797e+01,2.614020517333375437e+01,2.608676080602793945e+01,2.642987923606420964e+01,2.633173490980561837e+01,2.779710634666128044e+01,2.904971083145937882e+01,3.016452111266823977e+01,3.097799797229379237e+01,3.107129668465620398e+01,3.057922114355648091e+01,2.947690346656372640e+01,2.956257420854592510e+01,2.873607336240900167e+01,2.702793347435152782e+01
2.522712922460885920e+01,2.438150678831453888e+01,2.537649673469667277e+01,2.552054372105118318e+01,2.523928920417489508e+01,2.429439679568207566e+01,2.419167677225516400e+01,2.533766432910505273e+01,2.407459414641374451e+01,2.497505866053774071e+01,2.615462077144735531e+01,2.538708422696100797e+01,2.661451462342171226e+01,2.721337982668222821e+01,2.715162748273343141e+01,2.811160868365681154e+01,2.865026371053818366e+01,2.960366044376524997e+01,2.819026243746230875e+01,2.838687205416022152e+01,2.827723255984773232e+01,2.764472637724747983e+01,2.792721189726205466e+01,2.647219413715083647e+01
2.629942047464891175e+01,2.412588684361492142e+01,2.525409718399725989e+01,2.519990541014948349e+01,2.516058129455802828e+01,2.561786147100980315e+01,2.550392985306217497e+01,2.503106928686139554e+01,2.591354003177576715e+01,2.518930888634542953e+01,2.525525032608987885e+01,2.558593923573300799e+01,2.575279474531305368e+01,2.668262578485877157e+01,2.629092283198110636e+01,2.574263127273081864e+01,2.832717472415947668e+01,2.717245587205263746e+01,2.786352160074710582e+01,2.730546330589214676e+01,2.771991007005880192e+01,2.800702413419611503e+01,2.702362264778417966e+01,2.574841755041893521e+01
2.554962587555365872e+01,2.489426988936929774e+01,2.551722217342813792e+01,2.549090808950660403e+01,2.545984408196687809e+01,2.558279079484225349e+01,2.598515463905772549e+01,2.563409446036081363e+01,2.488429300492020957e+01,2.564729096842569334e+01,2.498868854973932230e+01,2.567624599374437366e+01,2.785844606392402056e+01,2.668840754502645041e+01,2.715756814712352707e+01,2.703795236671959401e+01,2.608644691744842703e+01,2.681532573762478933e+01,2.701549899949310429e+01,2.747657905087862673e+01,2.657076299208165437e+01,2.800886756448693404e+01,2.635913726787356381e+01,2.766082212146477559e+01
