2.859272573157608122e+01,2.882290682306523877e+01,2.758433401381643080e+01,2.854164205011187505e+01,2.883054807518732332e+01,2.871856997691503466e+01,2.810606406549607073e+01,2.904983973936839448e+01,2.939783920954414498e+01,2.876637574315782331e+01,2.861567580279307776e+01,2.885585003497334355e+01,2.797811709215704923e+01,2.895063899575859523e+01,2.786246308914928704e+01,2.893965551793576196e+01,2.926308853969351276e+01,2.882650130659857268e+01,2.878855050929632853e+01,2.965251626684238317e+01,2.769655184637122147e+01,2.772187603058773675e+01,2.800807653601992797e+01,2.904335748159121522e+01
2.810900747433333891e+01,2.860224662295502185e+01,2.964469251498525182e+01,2.774984199492075732e+01,2.879370465520469224e+01,2.792195331499107169e+01,2.907020040520865223e+01,2.870835000361620359e+01,2.857627725864387003e+01,2.847863203656669384e+01,2.806940293070891812e+01,2.842976893541879235e+01,2.898828793529884251e+01,2.851138983323204457e+01,2.843314846693175468e+01,2.808911182361231340e+01,2.914168635750627345e+01,2.895904389084756758e+01,2.774203119613241597e+01,2.865165167550838987e+01,2.820688226708881530e+01,2.856017993524261556e+01,2.782869494226900997e+01,2.925988638108248097e+01
2.881995641781026052e+01,2.807685506785850293e+01,2.982861482922885443e+01,2.861357248886901061e+01,2.831944109329339199e+01,2.900578996217535632e+01,2.833814527904718261e+01,2.863352394595847272e+01,2.901664283740524297e+01,2.838252469413447443e+01,2.790498867719338705e+01,3.031719325272956667e+01,2.883339931033776793e+01,2.877184661828579237e+01,2.830930923176225633e+01,2.802696954684790853e+01,2.844396208814686133e+01,2.812804820409610329e+01,2.987012328641145587e+01,2.952360680024582962e+01,3.016191521431773026e+01,2.899626422537141934e+01,2.815268494129600185e+01,2.959145184356464142e+01
2.859429630621980323e+01,2.958614513162547155e+01,2.872837858771191577e+01,2.992200764168393334e+01,2.937461763476716214e+01,2.819080076977530780e+01,2.910737239941914822e+01,2.953530634176075864e+01,2.844524175501339869e+01,2.903466795238938403e+01,2.873323276597062659e+01,2.800684861763363642e+01,2.834054403230288699e+01,2.826887789750412594e+01,2.921682289359341667e+01,2.929395502863542333e+01,2.814128584701103364e+01,2.951884528261848573e+01,2.934618319245106477e+01,2.927392028823737746e+01,2.930749259854542288e+01,2.963599413527498427e+01,2.933342436140151221e+01,2.935156503249754678e+01
2.844325637264404349e+01,2.861228348855621562e+01,2.823565470271358890e+01,2.861250509889293880e+01,2.971947637341378368e+01,2.793829630669443986e+01,2.855949274203260302e+01,2.860841073103432564e+01,2.859358960164968266e+01,2.923623401182669568e+01,2.823960749755241295e+01,2.905444206963250053e+01,2.857242551039206546e+01,2.862932912045528155e+01,2.921509019483102065e+01,2.855747220805864117e+01,2.811338526811368865e+01,3.005268890637870527e+01,2.928640782451674340e+01,2.750522920727519249e+01,2.754291416637556722e+01,2.918873222570971393e+01,2.777103607380138328e+01,2.873300764382497618e+01
2.869525856124164420e+01,2.881803523861810845e+01,2.951985477516416267e+01,2.985871102400705013e+01,2.881339540192630011e+01,2.890289068681244089e+01,2.899936451440578367e+01,2.820226116498793090e+01,2.897387180446310140e+01,2.967637112462739424e+01,2.895053949570143459e+01,2.861889243900219526e+01,2.911641246048600351e+01,2.884857823519740805e+01,2.879118060997291195e+01,2.863241869328265921e+01,2.831509905202574373e+01,2.820412972806610696e+01,2.986072660394455625e+01,2.918957286256517136e+01,2.932038248435270589e+01,2.848567470418333869e+01,2.763197680950844415e+01,2.865382925714305884e+01
2.882222070194058006e+01,2.794471531870038916e+01,2.836586614528164318e+01,2.862381894993524156e+01,2.882943536923454531e+01,2.785011495951880534e+01,2.797097891866508235e+01,2.899193419002938299e+01,2.868129237057434011e+01,2.846042187147293134e+01,2.870276233342940486e+01,2.881590465668324441e+01,2.929630861736598035e+01,2.889212465080231595e+01,3.048117782318126956e+01,3.000826589749857476e+01,2.939504433625876345e+01,2.874912190575128079e+01,2.931699311032792821e+01,2.898108280744725107e+01,2.948506537450703036e+01,2.906112954390954428e+01,2.898672327491829037e+01,2.880527956932115785e+01
2.714955488574202036e+01,2.936250992407980220e+01,2.849329360703558223e+01,2.827462612486255011e+01,2.868024647904064750e+01,2.898929907691257313e+01,2.885609635034512621e+01,2.847909499005811540e+01,2.934404239828450045e+01,2.857360571685023842e+01,2.887365435457360263e+01,2.858775883171421128e+01,2.989528754011195133e+01,2.875360495654615534e+01,2.924692837737308082e+01,2.897583358131953446e+01,2.771653677675192284e+01,2.905095411062330868e+01,2.958655060857967101e+01,2.893234006395221058e+01,2.937506721288474409e+01,2.931861945128105162e+01,2.911818046116917458e+01,2.972095656934897079e+01
2.968324391517393224e+01,2.835532873841748369e+01,2.766457591845272646e+01,2.927133357422917470e+01,2.930767528011114109e+01,3.011569207858138952e+01,2.880764382097083853e+01,2.923285895344633900e+01,2.873147251482009779e+01,2.878089236478479052e+01,2.863439529969974728e+01,2.832333743596399245e+01,2.842783596132358070e+01,2.861188565125553396e+01,2.935962262779901266e+01,2.937101694564205445e+01,2.835909639176838937e+01,2.906443649520497274e+01,2.893800683785201500e+01,2.914105552879772176e+01,3.008610716327621049e+01,2.918744327211527434e+01,2.828920585969268586e+01,2.932853450917963301e+01
2.917457872588568080e+01,2.852138372328482774e+01,2.811180669267230314e+01,2.889588372689365769e+01,2.877056188030928752e+01,2.848280049141095560e+01,2.870899938578980937e+01,2.985601747890962088e+01,2.868366224666533526e+01,2.933280419746438383e+01,2.952339452053047353e+01,2.833503908529843329e+01,2.875373031412794944e+01,2.945265635954319805e+01,2.904432074539334963e+01,2.946514711270992848e+01,2.900014636414709912e+01,2.857144763999764336e+01,2.970169728118219155e+01,2.848503317086891684e+01,2.930147949353710146e+01,2.965154836394225413e+01,2.987113224864691574e+01,2.953174619722233274e+01
2.849283066046655222e+01,2.891867587231445214e+01,2.917795296107152581e+01,2.945114753190745205e+01,2.866903950492252307e+01,2.896451509305427408e+01,2.925257518616029984e+01,2.858906382490425813e+01,2.894102248917340603e+01,2.839499603387355364e+01,2.895854390489984098e+01,2.854370749813148223e+01,2.971178410099457778e+01,2.895276002394666648e+01,2.842468145242622768e+01,2.851974083844527286e+01,2.912169818080724326e+01,2.917922042283851169e+01,2.855621318212484994e+01,2.965744483147273058e+01,3.000387896370341423e+01,2.972653848896430873e+01,2.973104385220784707e+01,2.974386755008470118e+01
2.984711373752037389e+01,2.925331355847481518e+01,2.886138127932542830e+01,2.916771361623523262e+01,2.877474637536067803e+01,2.968357317756249358e+01,2.960866638037111898e+01,2.922415919236971149e+01,2.883478545103378110e+01,2.984805091237274155e+01,2.936246896234865744e+01,2.899659230435099744e+01,2.797219181093691986e+01,2.912052464221591208e+01,2.930185464237132464e+01,2.954070323978191936e+01,2.878526151481781881e+01,2.915924160021211264e+01,2.869516031308609172e+01,2.949056429833831317e+01,2.918763174085290757e+01,2.947574914248338018e+01,3.003849891420367157e+01,2.840953701361013373e+01
2.918836439745041389e+01,2.892363390015316327e+01,2.845194968909999034e+01,2.909352055919060831e+01,2.786598473521155483e+01,2.873887844458192831e+01,2.816945110083207737e+01,2.896891790956925661e+01,2.882663808714272591e+01,2.988554367283961710e+01,2.824072150323263486e+01,2.896448723618300392e+01,2.910313854365398356e+01,2.859167623022591442e+01,2.902042970843569947e+01,2.968260867078112142e+01,2.961015167250877766e+01,3.025715473913243159e+01,2.975047003982388105e+01,2.925716824414234907e+01,2.933278585325689392e+01,2.948214347285141912e+01,2.914497659886865222e+01,2.887507253375110849e+01
2.937774359622198972e+01,2.793135705130663382e+01,2.828787293898142252e+01,2.891555687720472179e+01,2.964974808227043468e+01,2.845144669413235761e+01,2.792742889975022536e+01,2.878038590642159988e+01,2.880977341102465061e+01,2.920541351044124667e+01,2.914173478378199889e+01,2.972093188608744185e+01,2.847232766261686265e+01,2.906549708689527733e+01,2.918595841208485808e+01,2.929302079010022908e+01,2.860545908954145489e+01,2.994545014764634061e+01,2.942263402015095153e+01,3.043898504447361120e+01,2.963509186712781229e+01,3.015044248540471017e+01,3.029548832063977670e+01,2.855001253742915424e+01
2.905231988837033441e+01,2.906289545953154629e+01,2.914346874285143940e+01,2.861525614444701660e+01,2.961252476526647115e+01,2.941571763113012139e+01,2.858255323958712779e+01,2.894445793343192008e+01,2.904749370071965586e+01,2.971189031369692657e+01,2.941292675666539935e+01,2.882667211129449925e+01,2.891436333357961530e+01,2.885001911720729595e+01,2.944084107298340314e+01,2.917878961561780216e+01,2.931350074019485419e+01,2.980027953851890743e+01,3.037340475295923170e+01,2.976196562729995776e+01,2.970595174339689493e+01,3.103097865480503970e+01,2.906053536713386620e+01,2.889266122361698308e+01
2.930083140097457317e+01,2.926777654133974238e+01,2.889417842382039225e+01,2.919849223833153928e+01,2.931703849401498019e+01,2.906551962605993822e+01,2.889658429909792403e+01,2.906464797223947016e+01,2.985228624992191726e+01,2.842996674497499043e+01,2.894964433461814224e+01,2.974681339327611340e+01,2.875975528319173691e+01,2.830966622134860700e+01,2.847254153314997893e+01,3.006341350852449068e+01,3.056513694474722342e+01,2.920448918277287476e+01,2.937017878627062828e+01,3.040328028996736975e+01,2.997238028748103034e+01,2.992189377674657180e+01,2.907377247946038779e+01,2.963360007982146271e+01
2.736597210499490984e+01,2.885794139708076500e+01,2.890571214895061303e+01,2.898083356947370248e+01,2.895890970306209056e+01,2.825025112057221577e+01,2.781674076932142725e+01,2.949499708292842115e+01,2.865108250492778552e+01,2.918900615122225872e+01,2.955158279014096934e+01,2.925876887333970444e+01,2.857803703422683839e+01,2.930073588896260617e+01,2.862564304678267035e+01,2.895533100290253969e+01,2.937275832230039896e+01,2.921317306738359321e+01,2.983906244114973560e+01,2.918089485175767095e+01,2.900999460624097992e+01,2.929931660134820959e+01,2.943557804854231108e+01,2.900041714334292919e+01
2.863179297741868368e+01,2.838400765003723336e+01,2.888760753498519307e+01,2.875373100882569588e+01,2.870704263156727620e+01,2.875677832377755294e+01,2.840807506864678089e+01,2.875713038363358010e+01,2.933985233233994450e+01,2.857821551708855168e+01,2.833928921092945075e+01,2.923811560119457909e+01,2.865987613724325911e+01,2.906549708689527733e+01,2.821412763241625044e+01,2.887770978101701758e+01,2.871223130928916589e+01,2.951871148968814396e+01,2.987424218502155782e+01,2.910125674453024658e+01,3.040362073474176441e+01,2.934678727764668338e+01,2.959003842317468980e+01,2.863109576952223279e+01
2.848540059998111929e+01,2.830624279215879824e+01,2.874350203407556137e+01,2.871344644406786983e+01,2.832363496430832583e+01,2.941571763113012139e+01,2.900783460344308651e+01,2.880968657333727379e+01,2.932615622366029129e+01,2.911549777581927856e+01,2.885090029059330163e+01,2.881823743624340750e+01,2.901504858532894104e+01,2.843226491948803414e+01,2.946331614827329304e+01,2.940076209609742364e+01,2.892152594279048117e+01,2.863242046135059127e+01,2.964140576225321411e+01,2.964285592933640601e+01,2.913307086990135986e+01,3.015389147400878755e+01,2.893118917789280431e+01,2.965021305752912895e+01
2.862169739685202785e+01,2.848739310239795941e+01,2.856118733544826682e+01,2.962166714766453879e+01,2.931418998830031342e+01,2.948015507243093225e+01,2.782082543500501970e+01,2.953397027587431012e+01,2.928965632378447026e+01,3.002761464518493995e+01,2.996266584749821504e+01,2.974397231005650610e+01,2.851586557045925474e+01,2.873030894968138682e+01,2.830583743395089868e+01,3.024138519548120030e+01,2.947585760884442152e+01,2.973744866076873450e+01,2.953572769593301928e+01,3.015679210303636637e+01,2.995032651413362146e+01,2.952939979378101043e+01,2.916522998535054967e+01,2.973583370716522722e+01
2.906982914138683327e+01,2.899946022937945145e+01,2.850868521530435373e+01,2.820419237448169270e+01,2.866544985840602067e+01,2.961897541501974729e+01,2.852952553520384527e+01,2.908801434608079717e+01,2.874253171555739073e+01,2.929955412509815460e+01,2.945859092123447454e+01,2.928207862837666653e+01,2.841899411212369841e+01,2.895229999102929241e+01,2.827656232759920840e+01,2.927258895185843812e+01,2.899577328070432714e+01,2.868731269661236638e+01,2.895645369455388618e+01,3.014463194802539192e+01,2.915362497959733901e+01,2.966079694121043531e+01,2.851167132032520612e+01,2.979049774965267261e+01
2.847842598512005452e+01,2.861706007034320010e+01,2.889179908986506007e+01,2.825233277232962337e+01,2.871872381634534577e+01,2.972880496013749507e+01,2.924201609055927520e+01,2.858414825243806945e+01,2.898712757065010237e+01,2.849484410691098901e+01,2.832391749156278138e+01,2.841219979286125863e+01,2.900753339688122878e+01,2.920964878350559957e+01,2.889976597771448041e+01,2.940584307810303244e+01,2.894952315531475051e+01,2.862267890588219643e+01,2.873188851824585299e+01,2.957394547048477307e+01,2.922266221876913050e+01,2.922433375022416158e+01,2.938646781116756301e+01,2.897825286043195092e+01
2.864062584012964408e+01,2.958527376260775554e+01,2.845101732309666431e+01,2.926009325807467576e+01,2.985603584341333772e+01,2.907537009241889336e+01,2.893995368345412089e+01,2.979301358894088025e+01,2.933571979063970048e+01,3.119052786281508816e+01,3.240210711687450384e+01,3.114234976569713353e+01,2.997387864553616055e+01,2.939182880195193093e+01,2.945445371206153595e+01,2.892666835620377697e+01,2.894764476093024541e+01,2.927464915487934149e+01,2.811337706022072780e+01,2.825564367289661050e+01,2.868754447994655266e+01,2.975939228291667860e+01,2.953937728469651347e+01,2.920185031791544361e+01
2.815026356361437365e+01,2.818089436807844095e+01,2.817622275609562621e+01,2.840948879094219137e+01,2.825976558914146608e+01,2.900259490397144191e+01,2.883581412813634870e+01,2.928046303375708703e+01,2.952112947479366767e+01,3.232624724618210621e+01,3.349084788241930255e+01,3.386220235741416218e+01,2.981344517076956890e+01,2.930177855215976024e+01,2.967294291152950336e+01,2.955934496947077150e+01,2.949689717783326159e+01,2.953198223264178068e+01,2.924555871350128200e+01,2.920632721968388523e+01,2.956882090356992876e+01,3.003908906698507053e+01,2.892323117326333204e+01,2.984556971294745154e+01
2.829832989151896072e+01,2.926762160257857204e+01,2.927910374765366441e+01,2.891970500161880864e+01,2.832100988054509116e+01,2.893182515060345850e+01,2.923677370648556462e+01,2.993318350896652191e+01,3.227001332141082912e+01,3.376368999957890082e+01,3.389686890917511164e+01,3.366068973783973206e+01,3.111079518309355763e+01,3.009643831362632227e+01,3.129509599041358570e+01,3.004747129140281459e+01,3.044118462229835131e+01,3.081700551935426802e+01,2.988195822183882910e+01,3.015868171218687621e+01,3.082911043415674612e+01,3.010604391001726299e+01,2.955321851214023354e+01,2.920685738418586652e+01
2.877626090758894861e+01,2.893008804061946648e+01,2.822571984645122711e+01,2.877476796767285805e+01,2.935632561510806227e+01,2.854785787241530670e+01,2.972394353626140173e+01,3.063264835266465980e+01,3.363610415281397081e+01,3.369727339285304879e+01,3.414660704459242879e+01,3.379299019134418813e+01,3.286280188496823484e+01,3.064495745150071571e+01,3.163272944921141061e+01,3.264651498793983819e+01,3.005884760061292127e+01,3.039569480987557881e+01,3.039867248768933905e+01,2.966411293004290428e+01,2.947113036005316644e+01,2.942601529719172504e+01,2.872351608319303296e+01,3.075637589715233844e+01
2.777829981039303675e+01,2.874047668567595792e+01,2.868875584029223091e+01,2.869334718245352178e+01,2.842296111902675193e+01,3.134647110438328355e+01,3.179509585338456645e+01,3.247508401406827261e+01,3.172082784311157866e+01,3.255409968822920064e+01,3.459540425988916468e+01,3.413080334779931491e+01,3.322287332346712674e+01,3.240801984323081797e+01,3.187689151238043905e+01,3.179245250928107680e+01,3.176562108776602145e+01,3.127024236824428272e+01,3.133741528206417115e+01,2.978017914022012746e+01,2.991873803973891199e+01,3.036658634049183547e+01,3.062986150207382252e+01,3.013532611103136105e+01
2.864129903613661554e+01,2.942213684491343884e+01,2.876856701376323144e+01,2.877772231142972714e+01,3.002027211946716534e+01,3.268760649419169795e+01,3.260681534710136020e+01,3.191987041680118864e+01,3.034947672948413810e+01,3.206814161159837795e+01,3.337979412848989114e+01,3.404240141900459093e+01,3.465589492283362461e+01,3.244781326530494425e+01,3.124670514150290046e+01,3.080346419693705684e+01,3.158087686963216356e+01,3.205090980651073096e+01,3.153490673458094307e+01,3.107992689028333189e+01,3.156006726178458166e+01,3.067406503082429481e+01,3.061889993580854252e+01,2.996320764574630857e+01
2.904843113698456136e+01,2.896498019255568579e+01,2.840178592981618522e+01,2.872871152006644024e+01,2.927512490129481648e+01,2.991200662487744921e+01,3.051737780771264852e+01,3.070910430231191413e+01,3.025849836695687145e+01,3.003566544695996754e+01,3.019005299966715938e+01,3.152448204307194146e+01,3.165063037691703585e+01,3.159003013573857288e+01,3.122031421169310761e+01,3.215642674233737353e+01,3.087984854492503928e+01,3.080782404293648824e+01,3.125134571451098964e+01,3.133990809625817064e+01,3.058487090751037840e+01,3.190280626511264472e+01,3.083127459095470613e+01,3.134286433736627941e+01
2.895232432225066077e+01,2.860866560143938386e+01,3.013666295387747596e+01,2.875821696280632978e+01,2.964899559271469798e+01,2.960797319964854069e+01,2.914981751661360931e+01,2.849288299475551867e+01,2.948276926452444968e+01,2.922006664829274314e+01,3.021940820870258904e+01,3.040091026995935408e+01,3.051590438631836832e+01,3.147037765383009855e+01,3.121684071962471307e+01,2.947754011192631651e+01,3.037390553657758119e+01,2.956511983118269882e+01,3.019936822374484109e+01,2.996016659686603134e+01,3.054202797151754112e+01,2.901104202229458906e+01,3.087267324115913425e+01,3.046989513061402022e+01
2.778906754627121245e+01,2.915626131802747523e+01,2.911979421117553102e+01,2.983720408058144358e+01,2.986782749514929947e+01,2.971504713166063993e+01,2.963963757691340106e+01,2.881053233061487617e+01,2.928176257826055462e+01,2.924126112631989827e+01,2.911825340802948858e+01,3.072357802122229486e+01,3.047804933726587251e+01,3.080885464266685858e+01,3.015574424166703693e+01,3.004207522242296591e+01,3.005274557310991668e+01,2.997681814173955672e+01,3.079882953530278655e+01,3.024979687902043679e+01,2.984959178139331470e+01,3.123712852415394536e+01,3.076467117295908338e+01,3.050528285858706568e+01
2.864095914220740724e+01,2.965691744459746815e+01,2.933420063755573892e+01,2.918345756240648825e+01,2.971521108947683842e+01,3.010128026799782219e+01,3.099790264502269110e+01,2.979937038528163384e+01,2.932509193997287866e+01,2.992618968895118314e+01,2.924552329531314854e+01,2.993372023251902192e+01,3.152115992112180720e+01,2.979741569945008450e+01,3.014632456655789383e+01,3.051483898967325104e+01,3.033647947914766974e+01,3.069837556720148086e+01,3.143348617758715591e+01,3.080785085011154933e+01,3.087542150591929158e+01,2.986879352282284117e+01,3.085141172031381984e+01,3.145672605370538122e+01
