2.960030692434594357e+01,2.921335546413223483e+01,2.896987868017788514e+01,2.909007999241276821e+01,2.836855393757883803e+01,2.991862452460753730e+01,2.809434684661556503e+01,2.993485829372275475e+01,2.844354848306858230e+01,3.003567509201894836e+01,2.833147072245628806e+01,2.944150850823751853e+01,2.858894419147219423e+01,3.061688267361080307e+01,2.957829720087255509e+01,2.952073581431687899e+01,2.898145442233288804e+01,2.987430482866483317e+01,2.942399772652737511e+01,2.936308177664011509e+01,2.910860011077011222e+01,3.030200564502121097e+01,2.903436134739649788e+01,3.029416302363978275e+01
2.906449823553134593e+01,2.764907059633867448e+01,2.919068838163985902e+01,3.075522461080481662e+01,3.024134077687699573e+01,2.840874671805238449e+01,3.038740115159737343e+01,3.000951653975999989e+01,3.009024445466246789e+01,2.908456274545352471e+01,2.949190269330421188e+01,2.940485094027900459e+01,2.950688173624166666e+01,2.777179364630865166e+01,2.854662383676219406e+01,2.948232643257631480e+01,3.013474520843271875e+01,2.909344875749354742e+01,3.030352476916846172e+01,2.924120480621905926e+01,2.954809271575061302e+01,2.921581212721514476e+01,2.926388296995787641e+01,2.900996003953036961e+01
2.941751873138366591e+01,2.864311261186475122e+01,2.790438484411242825e+01,2.980766833388980785e+01,2.782633619886797760e+01,3.050306581476024803e+01,2.913292925375913001e+01,2.981624887177679284e+01,2.955086820400589431e+01,3.036570231938264897e+01,2.943031788437042451e+01,2.997340059538379364e+01,2.869757237850217280e+01,3.004235900689263872e+01,2.958538141161631074e+01,2.949866809317154548e+01,2.978179301357226905e+01,2.967327741728263391e+01,2.954469547803120122e+01,2.940640992294652278e+01,3.051436090248984101e+01,3.001696458864563510e+01,2.835407954618500526e+01,3.023544756699845948e+01
3.065032714061931074e+01,2.888319169260631725e+01,3.012896262631539912e+01,2.943068130465582044e+01,2.819585662282611338e+01,2.901920940060239218e+01,3.009085812507237279e+01,2.921986503684274794e+01,2.873902425092518342e+01,2.951478418314798091e+01,3.000014593583426858e+01,2.967220907377560479e+01,2.917291162754958123e+01,2.967469717401002072e+01,2.926532794336480947e+01,2.953902550641055313e+01,3.001915167563311115e+01,2.956648134895203839e+01,3.004530959180669925e+01,3.038489724023696681e+01,2.984326973598905397e+01,2.910382510280317092e+01,3.016345177202907735e+01,3.040025240079563673e+01
2.938376569353232526e+01,2.857460704959072473e+01,2.861005880242197463e+01,2.979827341234272353e+01,2.898293534464454524e+01,2.966877198787733505e+01,2.859435154213940677e+01,2.920227104831650422e+01,2.955797859507060821e+01,2.978682519347927382e+01,2.977539358992680718e+01,2.998589497270302218e+01,2.932390309869975908e+01,3.010234119953258869e+01,2.920010814008759326e+01,2.908445173858683575e+01,2.869358050484635214e+01,3.060124596147517195e+01,3.008202647063342283e+01,3.026541678975826244e+01,2.903145481301731934e+01,2.943602327286970421e+01,2.955888385513333105e+01,2.965625381616524692e+01
3.096887349077189810e+01,2.878253589441754912e+01,2.878217433456671870e+01,2.912577068716939266e+01,2.867753425654746025e+01,2.856099663553288792e+01,3.004073421939722266e+01,2.902771738700187143e+01,3.013068166786854363e+01,2.891611293185769682e+01,2.947933110734419415e+01,2.877949357009538289e+01,3.001520981017580425e+01,2.882236049443145021e+01,3.042999915535949640e+01,2.935289112616419516e+01,2.961740014156299594e+01,2.913669223524323115e+01,2.966815188971003181e+01,3.033634744273962269e+01,2.914339047499640856e+01,3.009715728240678345e+01,3.147814748084681469e+01,2.895450543818401457e+01
2.945937697826212798e+01,2.922120333638798684e+01,2.953989368869576992e+01,2.974682603670555636e+01,2.949739822276717405e+01,3.007605025528647502e+01,2.894806661947126258e+01,3.048441878074851275e+01,2.903830872273772457e+01,2.898962824437563768e+01,2.903206497509660267e+01,2.967859529906490934e+01,2.961595270597683793e+01,2.938296018709581858e+01,2.845627675774426280e+01,2.941509278980896624e+01,2.936311622976586477e+01,2.999885289121931464e+01,2.910900691881312241e+01,2.989370768360197417e+01,2.929541618676080361e+01,2.944121178981390585e+01,2.964885524228964186e+01,2.905856770263022781e+01
2.951869259509027188e+01,2.905917550063082899e+01,2.859701530656633395e+01,2.959462223348918997e+01,2.969760961414334588e+01,2.977045547050033747e+01,3.018285503358725919e+01,2.978084179843915535e+01,3.022774697375211872e+01,2.963094115386252270e+01,3.007754951248449515e+01,2.978506651689315277e+01,2.966570176166590045e+01,2.941813614457527137e+01,2.937332356789198684e+01,2.963416060090219162e+01,2.985957826162223228e+01,2.936775032694038146e+01,2.973790456819625661e+01,3.056147953063594969e+01,3.012036730262411766e+01,2.987535038221722061e+01,3.054812690490763316e+01,3.015287889103643693e+01
2.915800435397994761e+01,2.905255666090317845e+01,2.929390287191091602e+01,3.061073471544716540e+01,2.967513357592605416e+01,3.063441478181965749e+01,3.023928867792039910e+01,3.026442213010176374e+01,2.920998040536625240e+01,3.011550899417204619e+01,2.993992784173303789e+01,3.029407154971545424e+01,2.936788836349489884e+01,3.021396800121641490e+01,2.979496277381559821e+01,3.013568874003266274e+01,3.051434648517761161e+01,2.999939815834977708e+01,3.026386587483466428e+01,2.958036920939542824e+01,2.949801992187082078e+01,2.895018400055164420e+01,2.906810467262573638e+01,3.008499819231059291e+01
2.864023258603117483e+01,2.839766849349041422e+01,2.991968488809681048e+01,2.852965087289175017e+01,2.911591464534859597e+01,2.900349065889633948e+01,2.955108057996170601e+01,2.837837110491039994e+01,2.896912157845599722e+01,2.908229346957568850e+01,2.926680723893895220e+01,2.946768229839017295e+01,2.932519469318827987e+01,2.951606814162192904e+01,2.877313634452730184e+01,2.885350684724096482e+01,2.941642158952879527e+01,2.881830788600433380e+01,2.962104718772661727e+01,2.858985800897579566e+01,3.014160055816091699e+01,3.032126534112717309e+01,2.966320676648496146e+01,2.876461199196438656e+01
2.836700091111509892e+01,2.897579732775841421e+01,2.862023800447485655e+01,3.039871522463988640e+01,2.827883438966529184e+01,2.948876411146449072e+01,2.795380972097206040e+01,2.884751561771628303e+01,2.903760385021809043e+01,2.917589605452502610e+01,2.886557872320520346e+01,2.895837802366173719e+01,2.977842950670071787e+01,2.952461254403169733e+01,2.933495582964621917e+01,3.009082865033383314e+01,2.988589658557799567e+01,2.960099534807659438e+01,2.968052442896481580e+01,3.008532237914528196e+01,2.976819500169813182e+01,3.020171925079387165e+01,3.080865036719904992e+01,3.008182242051947242e+01
2.828592891130745102e+01,3.008395749918292950e+01,2.926628921938646499e+01,2.897293183216453372e+01,2.911802021198207058e+01,3.036307469407665849e+01,2.955153211796880441e+01,2.915804567491983335e+01,2.996145388498013062e+01,3.026300998017842403e+01,2.926237732964909810e+01,2.905780002443242438e+01,2.954308070312157497e+01,2.900277040493062941e+01,3.020172259994546948e+01,2.942960521351898251e+01,2.952615271999979996e+01,2.973014663408952174e+01,3.069188684026858027e+01,3.061590918874873068e+01,3.032797434170544193e+01,3.026580772567757549e+01,3.054426053748221648e+01,3.056694322921765661e+01
2.882525846898016653e+01,2.930214919881552760e+01,2.843877797419605713e+01,2.996652686703038171e+01,2.980386238898665852e+01,2.831215188935186688e+01,2.912053959448564910e+01,2.886179681818776999e+01,2.957862784807025491e+01,2.993658154532266735e+01,2.982126691408222996e+01,2.934355568933528957e+01,2.929244039043652492e+01,2.909532136978856443e+01,3.003707163431744220e+01,2.921447754094498350e+01,3.031342212936698388e+01,3.077707277861117063e+01,2.981566493273135166e+01,3.049066170909122775e+01,3.064302258764848830e+01,3.044357001714479338e+01,2.962286506175411205e+01,3.111378403727462683e+01
2.940621112592765485e+01,3.007940071557709416e+01,2.825816190369090464e+01,2.887913552012702212e+01,2.958892359933236094e+01,2.910097761721226561e+01,2.994347289805796208e+01,2.920911524280450067e+01,2.920428618950433020e+01,2.959014877851825531e+01,2.919898175603549362e+01,2.960668942099954393e+01,2.849963546721022567e+01,2.908601266735479385e+01,2.922135782215787003e+01,3.013576824912325947e+01,3.081169612045425765e+01,3.015885132125129076e+01,3.030295757119569089e+01,3.164008982573051298e+01,3.074941009873498388e+01,2.989319075269003179e+01,3.075668955415051187e+01,3.098725494339782927e+01
2.849977418650900063e+01,2.966196408642576898e+01,2.875946769246581880e+01,2.968798182139858000e+01,2.937693881858422174e+01,2.969646214125589267e+01,2.989243635927954301e+01,3.005427904044717025e+01,2.911305860000373968e+01,2.992856423022266199e+01,2.995176653071035844e+01,3.018657291841907409e+01,2.995176653071035844e+01,2.987778832488152148e+01,3.079316142344379159e+01,3.085814051664294766e+01,3.070318989959741884e+01,3.051241548267421422e+01,3.128126297523380117e+01,3.050858939928741620e+01,3.135964269487567435e+01,3.146098075945309347e+01,3.098368373331339853e+01,3.117531829609197302e+01
3.031791891682325968e+01,2.909599968996877806e+01,2.906153442763746853e+01,2.935154320707619036e+01,2.907794519236125552e+01,3.021733174543021505e+01,2.949706215868229719e+01,2.930546753128396631e+01,2.906829114795971236e+01,2.981170941931446805e+01,3.014305240737792246e+01,2.977770297691682799e+01,3.009758543324846869e+01,2.932378752907925445e+01,3.077421423510628529e+01,3.120172210906400778e+01,3.142221608821802192e+01,3.023208673654244194e+01,3.158455383760497170e+01,3.062233728200880023e+01,3.192889329989236558e+01,3.153749490762129426e+01,3.117710938411454435e+01,3.047370163829833700e+01
2.874678447545267090e+01,2.997307480208741026e+01,2.943806211530778683e+01,2.930037972409598979e+01,2.905434347414143303e+01,2.971049343782908636e+01,2.891651852237311005e+01,2.921482881113797703e+01,2.904208482975309380e+01,2.922652310470147086e+01,2.926631481386067435e+01,2.945243810864815259e+01,2.893617867140636690e+01,3.122505732817251101e+01,2.946413831856432353e+01,3.057820262423706481e+01,3.041982323257377629e+01,2.942034024524218694e+01,3.022469572216914457e+01,3.022510080717177061e+01,2.960295135719348991e+01,2.988403465879696341e+01,2.971626691980594615e+01,3.014353155871361878e+01
2.940949670100638969e+01,2.913845855214179892e+01,2.942898586013876638e+01,2.836252541775218106e+01,2.899143344278570567e+01,2.903537005102884905e+01,2.847391858355234717e+01,2.947561334869828897e+01,2.937809421455551728e+01,2.992620935967909190e+01,3.002531816868338410e+01,2.927305451842408957e+01,2.949525426018453800e+01,3.132515065813561250e+01,3.146523762364665799e+01,3.099430372281534574e+01,3.006913147675328446e+01,2.956077211268160454e+01,2.925724808215574058e+01,2.999028369722520893e+01,3.013326050164414482e+01,2.943189864133324818e+01,2.969793537647439052e+01,2.963315636011617471e+01
2.872250712148968432e+01,2.890895710465645152e+01,2.892517151464835479e+01,2.998584316579109554e+01,2.898744458890308806e+01,2.934540827182684097e+01,2.909849448190675503e+01,2.923112852531949102e+01,2.990709203237094016e+01,3.035374530347047539e+01,2.993619392888024322e+01,3.071744056041836757e+01,3.228593083659495733e+01,3.408470386148553644e+01,3.464247403556925065e+01,3.377218488525852536e+01,3.099738737570726244e+01,2.988064143775039838e+01,3.020768682688850504e+01,3.004437705691901783e+01,2.940843059176387442e+01,2.972027791743363423e+01,2.960113874229318753e+01,2.994668672768563056e+01
2.906970245766507333e+01,3.026644216754766603e+01,2.984728341720511935e+01,2.958740636410630032e+01,2.927066070651613927e+01,2.888771234597902549e+01,3.016070117257038419e+01,2.926785249110218956e+01,3.019308019691720801e+01,2.974874423907408527e+01,2.952825461038685262e+01,3.031972954351357430e+01,3.271291131552663956e+01,3.354619943157666739e+01,3.468389055579854130e+01,3.398189040179767062e+01,3.120961198661996150e+01,3.129791661891522381e+01,2.960995820969975512e+01,2.988494299768905194e+01,3.072443191596647694e+01,3.099621142427253062e+01,3.075888432432094532e+01,3.040976870347765271e+01
2.930746163763535606e+01,2.920391845479838366e+01,2.886434110010009135e+01,2.981887489511336753e+01,2.933249763151218303e+01,2.954546758874477064e+01,2.916185981117706660e+01,2.986593562030361682e+01,2.981725174140905210e+01,2.817151931340197279e+01,2.884383294200858927e+01,2.916105019414243316e+01,3.126390282433493439e+01,3.382107372670344603e+01,3.447548332706583096e+01,3.445181241421664708e+01,3.122033021573167844e+01,3.057057670885774314e+01,2.918790051254501350e+01,3.085594762554796944e+01,3.099623094944985269e+01,3.130694260823906916e+01,2.937433760349244949e+01,2.991046189591634175e+01
2.892301048413582976e+01,2.904062433273435317e+01,2.962165490246593436e+01,2.970169640068451145e+01,2.956323365611262943e+01,2.948869620497521282e+01,2.950353672105012492e+01,2.901946530937817670e+01,2.923817997879598352e+01,2.977405239230398593e+01,3.006085079386218695e+01,2.963666452328305922e+01,3.190117567661542353e+01,3.321908870395941449e+01,3.436589810171096815e+01,3.436073796250076384e+01,2.999740852563320459e+01,2.934425730023502865e+01,2.999984046158772344e+01,3.067000593288537402e+01,3.001504939811883332e+01,2.862184130306678753e+01,3.025047593069257346e+01,3.039359155393373157e+01
2.893317535093223114e+01,2.903428130346730995e+01,2.944321093992948590e+01,2.945216027509115975e+01,3.037928217624363469e+01,2.940520825328093224e+01,2.925977941577235697e+01,2.955890970045629729e+01,2.874019324274456721e+01,2.954720878312099330e+01,2.940167451741842797e+01,3.002550591449187323e+01,2.953859503385712060e+01,3.297665081364237949e+01,3.454648949789611834e+01,3.402466818565460471e+01,3.163985061984220692e+01,3.126583595690931361e+01,3.000501545689593286e+01,3.049222694174778781e+01,2.972088702220167988e+01,3.077218184824499758e+01,2.988446104440168938e+01,2.916744232593487141e+01
2.910049166220079542e+01,2.908602863242253989e+01,2.880527488627569710e+01,3.054101143856541967e+01,2.900397845934355701e+01,2.916312130868709573e+01,3.005667957397270129e+01,2.994290484955729426e+01,2.996459626588699621e+01,2.967292680605481792e+01,3.085042521416886530e+01,3.056553926447264757e+01,3.199320755555226015e+01,3.280849222472465954e+01,3.428117966982438247e+01,3.315693742773333952e+01,3.236204617266383821e+01,3.187916949832163027e+01,3.111461060493712694e+01,3.036465974534479528e+01,3.096549900838107305e+01,3.035167209367847363e+01,2.909684765337146928e+01,3.057083909635719010e+01
2.945323053347522091e+01,2.871744282386873692e+01,2.991225512854174440e+01,2.971669723370405336e+01,2.905034818885565073e+01,2.907743278503113515e+01,2.938436157996954989e+01,2.933913750984208946e+01,2.920200509390781463e+01,3.126388045701634155e+01,3.158753490037923939e+01,3.169440627875121663e+01,3.136174299942013022e+01,3.186714096362044302e+01,3.188364933811527635e+01,3.165390264619117033e+01,3.189182032157708591e+01,3.122449942108471532e+01,3.175592429021304497e+01,3.114928047273298262e+01,3.131599972973964441e+01,3.059065833748849172e+01,3.014247653554514272e+01,3.055822194229517663e+01
2.954700201960014283e+01,2.945761886624467252e+01,2.949410037740159396e+01,2.861566332567724658e+01,2.934896766004982283e+01,2.909682903858623604e+01,2.967884746827786557e+01,2.986621381473787551e+01,3.039314008345252205e+01,3.012208276803880835e+01,3.235089880856179434e+01,3.165872921014414487e+01,3.226992817385024637e+01,3.197123402872148290e+01,3.188951586240335700e+01,3.187916949832163027e+01,3.257018619239323698e+01,3.066893381352332426e+01,3.122836368310305488e+01,3.210279353289007531e+01,3.145094345040075723e+01,3.051100096189759370e+01,3.063317712545688210e+01,3.037511148797534588e+01
3.000049602782883085e+01,2.977352035923922813e+01,2.837118954229498513e+01,2.981440174957452882e+01,2.927043054529616484e+01,2.981671778804030737e+01,3.028313122329359430e+01,3.040959526020998283e+01,3.059296780533964011e+01,3.179793448734909589e+01,3.242532941181525530e+01,3.284450955889610668e+01,3.193366340575363438e+01,3.182241107224115240e+01,3.146798411336749268e+01,3.208833945040061053e+01,3.244339152780412405e+01,3.249167197021546372e+01,3.245189182830370100e+01,3.351906776025901991e+01,3.166901951662180181e+01,3.135163066653325359e+01,3.127164381784217539e+01,3.156789233387303284e+01
3.002208712776513266e+01,3.117525691186250469e+01,2.867706739629858248e+01,2.972456707243082974e+01,3.006981765877907264e+01,3.038522484744169105e+01,3.032410370508819142e+01,3.022001331515457423e+01,3.108026695009294826e+01,3.057364043695849887e+01,3.225915909754428412e+01,3.203094971467294272e+01,3.211038941796323343e+01,3.222099605506025455e+01,3.139223413257803941e+01,3.257188811115173621e+01,3.263835519053924372e+01,3.219601004982536097e+01,3.322451039975948106e+01,3.370639293537124104e+01,3.236025651013721927e+01,3.090122289046303194e+01,3.192593395204539775e+01,3.190095841955877631e+01
3.025571038156840586e+01,2.964249099285143529e+01,2.989967621939541687e+01,2.994985100283940938e+01,2.915363094287715739e+01,2.976900151077717283e+01,3.157280685829323374e+01,3.014978905309948232e+01,3.275618430335799758e+01,3.287645651327875385e+01,3.335463975354400645e+01,3.370438971743084267e+01,3.126044845331642819e+01,3.137476372027026628e+01,3.179902525953053782e+01,3.214908004217500093e+01,3.198673562586810704e+01,3.283153842734429873e+01,3.392412292918714911e+01,3.382984967654670072e+01,3.104134116968873514e+01,3.154678629706836546e+01,3.135207095347521999e+01,3.183993300318496722e+01
2.992434910619647326e+01,2.907703851670402173e+01,3.052980028558675940e+01,2.958104138391360038e+01,3.019654161996129460e+01,3.034347986043286483e+01,3.061895824402040489e+01,3.053710373218501672e+01,3.200788804223537909e+01,3.321674016567084209e+01,3.528491379606595046e+01,3.489115363397024794e+01,3.237771641808194545e+01,3.256816045572753637e+01,3.121235355893480801e+01,3.138721644467062788e+01,3.248410742521110706e+01,3.340355882322251091e+01,3.411418094229100006e+01,3.332670335242869442e+01,3.242789831717459492e+01,3.177482322660608816e+01,3.161175732221761336e+01,3.143657672002632353e+01
2.977322520753290291e+01,3.052663018721182198e+01,3.036306279224169202e+01,3.007698819081861075e+01,3.006608071730380516e+01,3.233193725242466599e+01,3.342197096924115840e+01,3.318349946060197908e+01,3.254364386265365283e+01,3.327703341180313146e+01,3.265041692417526065e+01,3.339106982916825928e+01,3.194771870504752087e+01,3.225677280408928027e+01,3.448567117705704277e+01,3.476873481512046737e+01,3.345060893541824498e+01,3.375574969948888793e+01,3.320481834221158124e+01,3.370942238477704223e+01,3.154593299151861174e+01,3.160701262993745786e+01,3.235508847502745766e+01,3.141078008513835584e+01
3.038213837390134131e+01,3.027426606786082175e+01,2.937122356642572640e+01,3.181345663249049949e+01,3.153447101138118569e+01,3.275055054088329598e+01,3.395346077157330456e+01,3.378263161723708663e+01,3.219476275785098096e+01,3.396972748777602646e+01,3.267924640932506009e+01,3.209518720310438766e+01,3.279229121618016052e+01,3.369214657029590398e+01,3.433560771129486966e+01,3.484941366884822855e+01,3.432887701866974339e+01,3.446065858670385751e+01,3.410870952354451902e+01,3.434779903883554653e+01,3.281891535638646928e+01,3.228272494837187878e+01,3.224082094467837578e+01,3.283718594184853146e+01
