2.937031422573409145e+01,2.769551499208478162e+01,2.830882417124996664e+01,2.973371097807785191e+01,2.893387931080508224e+01,2.886140140106732588e+01,2.814439808799642151e+01,2.780977297333043907e+01,2.960221196815956546e+01,2.864219195146876018e+01,2.898035715476783025e+01,2.866636033640816095e+01,2.898621503015806411e+01,2.827754744145431687e+01,2.838987449405772168e+01,2.937055495728429833e+01,2.898801929247088083e+01,2.934820630839385558e+01,3.078367390092762435e+01,2.891559626492488633e+01,2.890336898126378173e+01,2.862058743678448991e+01,2.930729341116733622e+01,2.951682344113908130e+01
2.814746504427006357e+01,2.925654490247671902e+01,2.890211613799408497e+01,2.892457062922858313e+01,2.900819773421443415e+01,2.949048933573573095e+01,2.824785178453782919e+01,2.872571321679356515e+01,2.876346460134277550e+01,2.989328334300472534e+01,2.715715031334673313e+01,2.954755984881660424e+01,2.874435673365854882e+01,2.955090819859395879e+01,2.870384815824854741e+01,2.854324579818506891e+01,2.908521576652930207e+01,2.847900000853502434e+01,2.864588258213899508e+01,2.932720892624371345e+01,2.987249563677613651e+01,2.974617307240123409e+01,2.865354264758713043e+01,2.881255065119756864e+01
2.826745074036307415e+01,2.865046869769184923e+01,2.916011315145891558e+01,2.903272198698215334e+01,2.842399354938675060e+01,2.897946736061055617e+01,2.920532430738637686e+01,2.850613323955417400e+01,2.947362246261559449e+01,2.959058820011404123e+01,2.876466476395097516e+01,2.946018896041289281e+01,2.819453710703811566e+01,2.889367726440434581e+01,2.882838604191482546e+01,2.872557790880790662e+01,2.834433738743109643e+01,2.965765344609286558e+01,2.895691771856962760e+01,2.780108424556999580e+01,2.906679655077169855e+01,2.899260198756780937e+01,2.940598928903790465e+01,2.849023757678486390e+01
2.889177683428607679e+01,2.894994594908962426e+01,2.928521551170172188e+01,2.913306960687100400e+01,2.916161743926494410e+01,2.919340982861803013e+01,2.926331232491298806e+01,3.036404370066935599e+01,2.854742513165024320e+01,2.961556146370259057e+01,2.963880779435123713e+01,2.848097245538622246e+01,2.890962218353541857e+01,2.914532962263183435e+01,2.926978785656120863e+01,2.890914865664638000e+01,2.906070028792203175e+01,2.834590765449570426e+01,3.001502756880847755e+01,2.928560692529816833e+01,2.893745331869990878e+01,2.985685145244349314e+01,2.948090470075516123e+01,2.918886896412669785e+01
2.854822920995900404e+01,2.758553113334244244e+01,2.875176740155694688e+01,2.848454201767407312e+01,2.907238526806128220e+01,2.880002542273336985e+01,2.811232950565801048e+01,2.880133143110441551e+01,2.893694748833763697e+01,2.850641852137584920e+01,2.913346096276870867e+01,2.851283025037560037e+01,2.899574725564127675e+01,2.838710056220224942e+01,2.809366285277582165e+01,2.880008205988872305e+01,2.916784522787008882e+01,2.874313146226734261e+01,2.875327425872495724e+01,2.888452261779968921e+01,2.866527663051397212e+01,2.920852112929736677e+01,2.897353953121000814e+01,2.856974850604041194e+01
2.910944738675169674e+01,2.868315667529776647e+01,2.926344052967982634e+01,2.887219629245254282e+01,2.819799571797335602e+01,2.901667542323491489e+01,2.865276212123131927e+01,2.930276142044232301e+01,2.838999015708361640e+01,2.919433675578903831e+01,2.905537652560803963e+01,2.906718558939610375e+01,2.813861630496285215e+01,2.873810843311599683e+01,2.998445770406885913e+01,2.873380301929523739e+01,2.868829689012102335e+01,2.781438968660694400e+01,2.920387173421227089e+01,2.870488911118440001e+01,2.955264154897247408e+01,2.899421037007027735e+01,2.880243669258226191e+01,2.913324628297704066e+01
2.798991813952306984e+01,2.942014385821636324e+01,2.780149718384086555e+01,2.874855460367859905e+01,2.936255599860038501e+01,2.828799692925537101e+01,2.872891029314416755e+01,2.848327738116131513e+01,2.846803906942176354e+01,2.764599628194702063e+01,2.871305832404249259e+01,2.896832182574729586e+01,2.872906427416728548e+01,2.881930527896543026e+01,2.929826952570624599e+01,2.865984964822189340e+01,2.871282425200479338e+01,2.933365568394253842e+01,2.905880012255096290e+01,2.912813845657444745e+01,2.863447320303743027e+01,2.876117884646527045e+01,2.807667432036618038e+01,2.825371136643241243e+01
2.814625935187387995e+01,2.863778026435142010e+01,2.829314443821044733e+01,2.855089253031684393e+01,2.808936764504267103e+01,2.802353629379143740e+01,2.823073082448456717e+01,2.903881189511554339e+01,2.888012726837973787e+01,2.875457628997560278e+01,2.772641983745342031e+01,2.828683321205096490e+01,2.946748856088777302e+01,2.846044471191368075e+01,2.862252156435050665e+01,2.918429574968217821e+01,2.949420985260138650e+01,2.951595549582231115e+01,2.855924061151046089e+01,2.897644647568182563e+01,2.923586656902057257e+01,2.912742328530146096e+01,2.893025799214768767e+01,2.944220832943403821e+01
2.865106850385774351e+01,2.880002542273336985e+01,2.767575745742612980e+01,2.844922158343507590e+01,2.860288891029586011e+01,2.854208258600988302e+01,2.814058124143247142e+01,3.021579040836763852e+01,2.929361520654862261e+01,2.871041429945501022e+01,2.850251212692967329e+01,2.793481672768365343e+01,2.889087261789086369e+01,2.916377979338409432e+01,2.903233696354180893e+01,2.930871828267498813e+01,2.802650273289725646e+01,2.848077370746892711e+01,2.920008815126698209e+01,2.880856388313776506e+01,2.895082115303404180e+01,2.836473773492934924e+01,2.918532913673982421e+01,2.880005222889235483e+01
2.872392965561385836e+01,2.856942251603913974e+01,2.925819282491943341e+01,2.836102754814402260e+01,2.833275651199227241e+01,2.943012808204389330e+01,2.808068784762889436e+01,2.845782192730553106e+01,2.778556874335015436e+01,2.870454779554245306e+01,2.869999068866655989e+01,2.921690619345207551e+01,2.828413582856359199e+01,2.829724108555143403e+01,2.926922310091799773e+01,2.964381689587366964e+01,2.859311863564334999e+01,2.847347091659429452e+01,2.889398871293622051e+01,2.908583697710355409e+01,2.865350897201125235e+01,2.902327795571727620e+01,2.927855667649367888e+01,2.933031421594591848e+01
2.792779861089945825e+01,2.824188085480346899e+01,2.887482714168146458e+01,2.844093337409947253e+01,2.864311927734053143e+01,2.906102232661572771e+01,2.829978543012526870e+01,2.790373735059131377e+01,2.831299482829535918e+01,2.823743493321052256e+01,2.821950162641314819e+01,2.845877535900632438e+01,2.874698813633216332e+01,2.798354811092104910e+01,2.827674318905815198e+01,2.966946745489349269e+01,2.839423995487754837e+01,2.845693560089830498e+01,2.889203627462336499e+01,2.862446879643965758e+01,2.845126188098674902e+01,2.923568370174524489e+01,2.872264563314763564e+01,2.906268649426789352e+01
2.760721661994148235e+01,2.886362218445049166e+01,2.891580383225993955e+01,2.883319133068761175e+01,2.905846085212357366e+01,2.946885867474446741e+01,2.913617229312416157e+01,2.796720439081337872e+01,2.853377988195006765e+01,2.909386498532501264e+01,2.859370021591132627e+01,2.864908181370753937e+01,2.896575248804299463e+01,2.853004921787248804e+01,2.947041495990958992e+01,2.850391937448813451e+01,2.897762263833266161e+01,2.833111706759126491e+01,2.924919245747548757e+01,2.947336189662388506e+01,2.907966186201224446e+01,2.845364566494771452e+01,2.950522712352500321e+01,2.872681471825586641e+01
2.850036654035733363e+01,2.938456159201916762e+01,2.789256173812390216e+01,2.802553803253022124e+01,2.871739634622275616e+01,2.886385893158586669e+01,2.902042811227863695e+01,2.764427609777970929e+01,2.873028862643633374e+01,2.834178987281097761e+01,2.792843918683342963e+01,2.935549739139656822e+01,3.201500142525031833e+01,3.020672144955346994e+01,2.900995996135060295e+01,2.846530217006107932e+01,2.899839217684478854e+01,2.908871848458397835e+01,2.860627213671239133e+01,2.955025023848065757e+01,2.835523597455505751e+01,2.949579323214015858e+01,2.864548196848528505e+01,2.881903532601495499e+01
2.872164321941636445e+01,2.874786754409700507e+01,2.763517275288148767e+01,2.766104199799309526e+01,2.880194377776570036e+01,2.828687327792209771e+01,2.783589653898263805e+01,2.823860427345437074e+01,2.813772526917932737e+01,2.913997112439284365e+01,2.813389263436158672e+01,3.078336992331821875e+01,3.157067099428365964e+01,3.004362622173789532e+01,2.918633519923093900e+01,2.891361167102445506e+01,2.918237782466002272e+01,2.935458152556384448e+01,2.835921598949653344e+01,2.887158673211575888e+01,2.910439625306634071e+01,2.928724276283060135e+01,2.834423611184831771e+01,2.979504376972397495e+01
2.825649917412101786e+01,2.949901061254274737e+01,2.841542629946314946e+01,2.798378205626602266e+01,2.929284552590848989e+01,2.833137842628849512e+01,2.779216977783198672e+01,2.925649119136943455e+01,2.857446251466888043e+01,2.948919840608022014e+01,2.946067119582056648e+01,3.222637234709105769e+01,3.185956430891792479e+01,2.936628936261257650e+01,2.914870084111993265e+01,2.774664499828315911e+01,2.878915431425934912e+01,2.922258548263823741e+01,2.908726918837930953e+01,3.032150708813668416e+01,2.888772769513178673e+01,3.000790938796473029e+01,2.968386535102104062e+01,2.948202616721698632e+01
2.908579600592537417e+01,2.835734834718107322e+01,2.868346848751986045e+01,2.798679584980141044e+01,2.828745722890766956e+01,2.814401777919658798e+01,2.838617535321964169e+01,2.827826478729969040e+01,2.882170857221046845e+01,2.785902722555005084e+01,3.108510084808500551e+01,3.221754463306592697e+01,3.206181944279921936e+01,2.874806441931787049e+01,2.875071752565253291e+01,2.959852735311881133e+01,2.883617656532015872e+01,2.873132499485109292e+01,2.917264384527095444e+01,2.935171454333959673e+01,3.011784932236236045e+01,3.034924118166799190e+01,3.006349604447137835e+01,2.982190391622776815e+01
2.892311135195421912e+01,2.886623659851858292e+01,2.865392764837508821e+01,2.948217824064977322e+01,2.780615495879123955e+01,2.755008958633834482e+01,2.840210900533270433e+01,2.913707551059252410e+01,2.861199376273214057e+01,2.855188739091789785e+01,2.895647252205952782e+01,3.081483213715625880e+01,3.216076008711422674e+01,2.944250856717582110e+01,2.887266162282094228e+01,2.880972914680035046e+01,2.913488980018757957e+01,2.924133570106829438e+01,2.879825189460257207e+01,2.907348801651653503e+01,2.927371171776206893e+01,2.902248081012197645e+01,2.919427552180985685e+01,2.867191164013951266e+01
2.860955131262483064e+01,2.808089477316980265e+01,2.922890213069149468e+01,2.777646398813459427e+01,2.762705283598234018e+01,2.833335748920467267e+01,2.811297259643913549e+01,2.851699789875470969e+01,2.723540179950862239e+01,2.824378262501124937e+01,2.869759844963846263e+01,2.937135571713423587e+01,3.203878025721832046e+01,3.129153082338723380e+01,2.861215916628617606e+01,2.909597394405727755e+01,2.807634284820858284e+01,2.823647015916742475e+01,2.964987599906493188e+01,2.887158673211575888e+01,2.913282583095923428e+01,2.981437969572652946e+01,2.955666315173397152e+01,2.911570493526716064e+01
2.923284021473000394e+01,2.836915590410757204e+01,2.860026899936514155e+01,2.867870063516852497e+01,2.769307962086958241e+01,2.780911549424848772e+01,2.902229975565813902e+01,2.842559865189224411e+01,2.822533172087082676e+01,2.863861458976845142e+01,2.907228817411731825e+01,2.898375490538927579e+01,3.248818576555964910e+01,3.284762773394049873e+01,2.996147993698292566e+01,2.906713820991433295e+01,2.943447513216756306e+01,2.799802918107025107e+01,2.830182733799892958e+01,2.933756788271995219e+01,2.937609430605624539e+01,2.828336983336311050e+01,2.917676741067248258e+01,2.948637387289608114e+01
2.808738548522495648e+01,2.856516446952929300e+01,2.926263095055179519e+01,2.874052060663933617e+01,2.857839937580314427e+01,2.916149158077593029e+01,2.905846093284213794e+01,2.860268720861085967e+01,2.864164141725001400e+01,2.865837162997507903e+01,2.890383582559974229e+01,2.928588751013370484e+01,3.095034713481783228e+01,3.287110917493441775e+01,3.144235763896631397e+01,2.988762088470554090e+01,2.931640031693319770e+01,2.836453893182073216e+01,2.862025278513448256e+01,2.901123900905469100e+01,2.893209006495294489e+01,2.847264480252238172e+01,2.933947645646878755e+01,2.944699715043793731e+01
2.924232228983385085e+01,2.841758289546129390e+01,2.901825149802692749e+01,2.749849364792885353e+01,2.892470382376234284e+01,2.885907584487864597e+01,2.898369821418231140e+01,2.874243351926673995e+01,2.842814937490953753e+01,2.886542786754341705e+01,2.910761223125746255e+01,2.820202962920131995e+01,3.202117319400355200e+01,3.288310047857765994e+01,3.312189313353229636e+01,3.131860657163446149e+01,2.879907630800983043e+01,2.907810014101863771e+01,2.928489578755898037e+01,2.873286218032512807e+01,2.939439623104061639e+01,2.863146685898675514e+01,2.933521878692687324e+01,2.821699271815680277e+01
2.811161715864301414e+01,2.815007022191150554e+01,2.795377592212406626e+01,2.889038281167324840e+01,2.773865515736139287e+01,2.848995338717014647e+01,2.874035407354853078e+01,2.823626734864910759e+01,2.876867387776036367e+01,2.961043749723882001e+01,2.897872920016493481e+01,2.818901038764079203e+01,3.225403579414074784e+01,3.335899704231229634e+01,3.304953301148663058e+01,3.256989246876310062e+01,2.984710185230670731e+01,2.920200483615462872e+01,2.880729827351620997e+01,2.948280912598204395e+01,2.995272845654812954e+01,2.789864825340191601e+01,2.952922511771618019e+01,2.944689046771759422e+01
2.952814247975925355e+01,2.847462893697951358e+01,2.717344360964568750e+01,2.825296000626201476e+01,2.848811928611110034e+01,2.892690167703858606e+01,2.711399028813940504e+01,2.862776693594713606e+01,2.862132970869930659e+01,2.851871398300340843e+01,3.002959661909017086e+01,3.258444905726577190e+01,3.349862994258137405e+01,3.338602218895630358e+01,3.350978884884466424e+01,3.343573754474374482e+01,3.206020946225891066e+01,2.963557635763669396e+01,2.916812574542308312e+01,2.875231101471871398e+01,2.896328102086488343e+01,2.908554861575186123e+01,2.890100191989955647e+01,2.869481922734706814e+01
2.793584742282490652e+01,2.759873624893583610e+01,2.795298719602146775e+01,2.860294532818562629e+01,2.848516987585435345e+01,2.835999128833822169e+01,2.932941407868594297e+01,2.828081339637691372e+01,2.837982150076800281e+01,2.856590164542825505e+01,3.160569170904955172e+01,3.209965774995345100e+01,3.443620249073950390e+01,3.329693178178376911e+01,3.341449030064882209e+01,3.420982103790004203e+01,3.262284961894675916e+01,3.044500731194580112e+01,2.974557380572031207e+01,2.945634958251901026e+01,3.093867540266012384e+01,2.940739163239362597e+01,2.818035850512234219e+01,3.012163438984737240e+01
2.890015405917665703e+01,2.903645355266564820e+01,2.847593834998986040e+01,2.838555580440976200e+01,2.828751610230028746e+01,2.858444059385971059e+01,2.907332088719255125e+01,2.878968802131856819e+01,2.912573654226787312e+01,2.989002301429150066e+01,3.291008090986144907e+01,3.295247079226180631e+01,3.322128675790605712e+01,3.232154962887636884e+01,3.273683665818356303e+01,3.328294220680868420e+01,3.258676459743855958e+01,3.119416219630335263e+01,3.039299728549224255e+01,2.942365597458280035e+01,3.003142087855536602e+01,2.908514296612310090e+01,3.028942272107019562e+01,3.175835270782488351e+01
2.911756782800301835e+01,2.830840614663230781e+01,2.850802659117766780e+01,2.854059109964561003e+01,2.773097745703813644e+01,2.852527109597468780e+01,2.789288096986842902e+01,2.896612873650093434e+01,2.895798054650083486e+01,3.022092444370508701e+01,3.280847510501172337e+01,3.362669969250202939e+01,3.362142807530744903e+01,3.280159204353793712e+01,3.380066419459382132e+01,3.395406081897527883e+01,3.197663990748981178e+01,3.079577622675589055e+01,3.060615579918913909e+01,3.043223515713970073e+01,3.005349444562125427e+01,3.041474120890836730e+01,3.034557595879158498e+01,3.135762120665782504e+01
2.848968322863368030e+01,2.904482135517253028e+01,2.827354180359918701e+01,2.817732285513989154e+01,3.020912570658146024e+01,3.065481880376700019e+01,2.987185907736494528e+01,2.882401517181602912e+01,3.118324077809563732e+01,3.249580766137887622e+01,3.190908169508730907e+01,3.090166021411266684e+01,3.397398126511160399e+01,3.247749373536862549e+01,3.418145909284953632e+01,3.440872054850473205e+01,3.228057671270391893e+01,3.181192889526766976e+01,3.212757813662949502e+01,3.150817474345137725e+01,3.012165789640403091e+01,3.077460424556971930e+01,3.200713375061400257e+01,3.300070416563727349e+01
2.866820763718141052e+01,2.854434367223933577e+01,2.868883378351767988e+01,2.937505551538714599e+01,2.949199692753745694e+01,2.970680674234870366e+01,3.088194770273452150e+01,3.235063110778401096e+01,3.252651192377788902e+01,3.250864267301528798e+01,3.091237962365221392e+01,3.236864308945837365e+01,3.356139180051070525e+01,3.289093404614663996e+01,3.321637233018742563e+01,3.290546098774058237e+01,3.252966558769907124e+01,3.097628122714968413e+01,3.108944685680938846e+01,3.188832887697350316e+01,3.012717056345462652e+01,3.057230897689919402e+01,3.127438959730250190e+01,3.318984411560597891e+01
2.782045272183751194e+01,2.777761336776728740e+01,2.766281878460910093e+01,2.803944779990683855e+01,2.894577810477051116e+01,2.944447631255542319e+01,3.138972799267844493e+01,3.163953612680046490e+01,3.288652728807744552e+01,3.053015704834444932e+01,3.027299644231442244e+01,3.237503537375056339e+01,3.373978212364352203e+01,3.431822484743031509e+01,3.395078826331888422e+01,3.276424962845914024e+01,3.342400148198692023e+01,3.132882033358993112e+01,3.162473269597984427e+01,3.113861058522076064e+01,3.124801371204546285e+01,2.955869263020412063e+01,3.142402533583100421e+01,3.119795175202654036e+01
2.865395319063384250e+01,2.890496948959781776e+01,2.767083834313439183e+01,2.884687688231866787e+01,2.806164054312262124e+01,2.875924387781810765e+01,2.966639718019962402e+01,3.239810961559629732e+01,3.068185038827562039e+01,2.958009729054566606e+01,2.997703017519853574e+01,3.200690719631785441e+01,3.436452968842854716e+01,3.380394047414853276e+01,3.221363931484097520e+01,3.365775760387373339e+01,3.204065585139130690e+01,3.314348212527522719e+01,3.129431474538591829e+01,3.167620789804476544e+01,3.149500764524367469e+01,3.049323313853074069e+01,3.232840114305543011e+01,3.319502326761755739e+01
2.820756791463958280e+01,2.835416307111677270e+01,2.895207037579098142e+01,2.788147367261848331e+01,2.819058363713827475e+01,2.857787335999444167e+01,3.071407339997546160e+01,3.040508079311706524e+01,3.035416303757733658e+01,3.002512901830499459e+01,3.057015713023889703e+01,3.225026793292926186e+01,3.353993261455224228e+01,3.341063743500455985e+01,3.358406355707541024e+01,3.247672134554727563e+01,3.342550639240982946e+01,3.368805524488408309e+01,3.224485218894329819e+01,3.274220977738167448e+01,3.186499647349779707e+01,3.238836726268021948e+01,3.364910529443164933e+01,3.250078152769918916e+01
2.937704305083144618e+01,2.888495053679218927e+01,2.852824065601123493e+01,2.864141135075198008e+01,2.805955952153527733e+01,2.765873803623446747e+01,3.061889057286413163e+01,3.103813436096112355e+01,3.188980447164698262e+01,2.986836837293020608e+01,3.107188063547954471e+01,3.227392603984509378e+01,3.325349166078302687e+01,3.348845810028785763e+01,3.349077895585367060e+01,3.292929487221016416e+01,3.329653825389721078e+01,3.415017290618493462e+01,3.486599548487237143e+01,3.323018107964185219e+01,3.236573101923130480e+01,3.265643620968899086e+01,3.292760697351280896e+01,3.209706796293903608e+01
