2.812647398644679697e+01,3.026954523873337166e+01,2.875020295052178199e+01,2.941605721991413702e+01,2.821676185457857855e+01,2.884303251723486028e+01,2.942663180669489975e+01,2.871714518162781360e+01,2.954727039096889030e+01,2.935759558056031437e+01,2.831542119342208252e+01,3.076698071790485756e+01,2.991722793032988648e+01,2.909635455044309538e+01,2.936305728703160867e+01,2.886229523801216601e+01,2.964119359300599399e+01,2.941982332480256446e+01,3.008395543168984432e+01,3.024863602923971939e+01,2.832151713943818550e+01,2.976405289287669120e+01,2.964427212517620092e+01,2.866661964336492474e+01
2.847411904001330640e+01,2.737170089979014165e+01,2.975515113776810949e+01,2.912516776326424406e+01,2.867151858457486924e+01,2.925593876762997070e+01,2.874450670493575899e+01,2.817513286280433249e+01,2.916647477672842115e+01,2.996854804375567483e+01,2.843262122577522177e+01,2.880731066269402163e+01,2.977382457137832716e+01,2.846260743367128043e+01,2.836591236672632022e+01,2.975125468457576972e+01,2.993944907189495552e+01,2.955625724157579270e+01,2.899624935657124070e+01,3.035489462426778573e+01,2.949740383723019477e+01,2.894868726038129125e+01,2.939954317233195979e+01,2.989363376660179483e+01
2.815763395712934880e+01,2.843927818985298472e+01,2.825097913298873209e+01,3.087398606822750935e+01,2.846412992873501935e+01,2.958915311864615205e+01,3.023217421117476533e+01,2.963917701503407898e+01,2.960013328806735444e+01,3.021790111355750241e+01,2.890290466116516654e+01,2.966150501119233240e+01,2.879781704538731901e+01,2.872695251615749612e+01,2.969969994615405540e+01,2.900170409653799197e+01,2.944741918856408347e+01,2.891247332510340584e+01,2.835424825117502223e+01,2.967624412913664855e+01,2.878621126045766232e+01,3.068822433817831552e+01,2.992427411625664035e+01,3.042343379033707151e+01
2.996328394582343435e+01,2.898159205399247185e+01,2.908949654540822394e+01,2.960640386492849530e+01,2.995852557446778519e+01,3.011507105818282071e+01,2.989747149248501046e+01,2.905897750391466161e+01,3.004716888170338507e+01,3.022513193252609653e+01,2.929815598979155311e+01,2.838315646710799456e+01,2.969661733750149324e+01,2.943389647119613528e+01,2.937713597360800577e+01,3.006763871471798666e+01,2.931855224593948606e+01,3.009799201167709271e+01,3.032809062060101724e+01,3.027707599219905887e+01,3.052092841668246592e+01,2.980414032611031416e+01,2.924715545764638591e+01,2.929110391654126033e+01
2.834291584960885757e+01,3.058269024902136834e+01,2.905082313796174276e+01,2.940611567520824110e+01,2.946064423191052128e+01,2.913341608841307107e+01,2.913036159554116011e+01,2.916594932009996910e+01,2.838744348311615795e+01,2.884047032259724119e+01,2.937920320222985993e+01,3.017522923298082560e+01,2.913496448517230419e+01,2.861684551381540587e+01,2.751668333366774277e+01,2.854873092935639534e+01,2.848808458216643658e+01,2.831686307780995548e+01,2.946606754351654445e+01,2.964967241031831691e+01,2.914826343367167283e+01,3.016439788342535167e+01,2.900123651947268399e+01,2.952800912578032921e+01
2.998520396811636601e+01,2.941973746895536124e+01,2.966351247924120571e+01,2.830918907243597005e+01,2.958367023969350385e+01,2.866724461001257396e+01,2.875760133849445310e+01,3.034804326534447227e+01,2.952678096584014611e+01,2.909517993333827235e+01,2.931091738880240882e+01,2.899035196109400658e+01,2.966201678972953459e+01,3.032861834432253545e+01,2.877969664149100026e+01,2.993579674610816710e+01,2.962228857655708225e+01,2.877334506584639939e+01,2.907185052438620687e+01,2.976066174097604744e+01,2.929136071706273015e+01,2.946129867190808227e+01,2.842348629099672053e+01,2.904283020836857077e+01
2.942161573723569745e+01,2.964298635522789027e+01,2.852464276359802398e+01,2.981342427375460602e+01,2.838691143087498858e+01,3.039454207267795027e+01,2.892125178899379989e+01,3.029472752661826007e+01,2.961280745414683224e+01,3.011678578378683824e+01,2.925662858235972408e+01,2.899474923412469707e+01,2.984744081879682653e+01,2.925347616291043096e+01,3.013654241563347114e+01,2.965019026685371273e+01,2.902970254113751025e+01,2.911161195237474431e+01,2.969003664719457447e+01,3.009131522664898739e+01,3.061884418090744475e+01,2.884817183642064720e+01,2.997109830443491774e+01,2.876468934946882428e+01
3.060577156815037370e+01,2.908987807148440652e+01,3.032486923922488131e+01,2.988414255850580048e+01,2.903851947002010547e+01,2.858687992010965218e+01,2.959638335845698975e+01,2.885198738640355032e+01,2.933439170714979127e+01,2.894605448561935646e+01,2.995473827880323370e+01,2.896040806879085494e+01,2.917350686801944448e+01,2.876555094795054401e+01,2.960732356401388188e+01,2.970718255814136910e+01,2.972473768632869451e+01,2.978730282115589034e+01,2.976252251749440347e+01,2.968166065019744337e+01,3.011438034297776767e+01,2.969845773078480988e+01,2.968054404990107287e+01,2.930518620243697114e+01
2.878698529925429739e+01,2.892630852342438175e+01,2.942747067098241587e+01,3.001866369484980623e+01,2.986443870360380970e+01,2.899072997585557232e+01,2.899293825580184603e+01,2.868357236297600821e+01,2.874261506480740991e+01,2.896662777832199254e+01,2.830396990207788122e+01,2.955332760644216705e+01,2.948715344410777561e+01,3.000336801043471269e+01,2.972916507378806728e+01,2.938761604961570129e+01,2.942534105459429838e+01,2.803539839228989194e+01,2.895831285013770184e+01,2.950611987831456418e+01,2.937180265813401547e+01,2.973573445143892968e+01,2.905263961118203042e+01,2.931093917744874489e+01
2.974550094845585591e+01,2.889425961598544745e+01,2.906687080431146342e+01,2.907273477032629216e+01,2.857236331984950084e+01,2.903741357735475503e+01,2.906977701839821293e+01,2.826988750460697020e+01,2.939813967322123744e+01,2.917803583458095318e+01,2.970883721098994101e+01,2.922725323896344207e+01,2.843304070114527349e+01,2.965366990157286864e+01,2.854941538969546855e+01,2.932777551582768183e+01,2.815402858922686846e+01,2.877422912954119738e+01,2.953669759622943047e+01,2.956621119723769198e+01,2.894004623107502994e+01,2.966573934504401677e+01,2.872451731020078114e+01,2.934517617387803057e+01
2.865809410290552250e+01,3.008019871119290656e+01,2.896214089363900257e+01,2.962028312790823747e+01,2.828803785762647749e+01,3.005819536570243145e+01,2.909631358244939747e+01,2.981400468479137089e+01,2.948278662844035125e+01,2.858234399081499078e+01,2.932802472093186452e+01,2.958868812840677265e+01,3.007955587050571467e+01,2.965249893581392371e+01,2.845566498802566002e+01,2.922001642776598374e+01,2.932051277960505331e+01,2.936783325810625911e+01,2.962211509634232698e+01,2.915057598404035843e+01,2.930204476679915615e+01,3.062283536481254487e+01,2.917652259666715509e+01,2.992298815256145872e+01
2.878219518687251366e+01,3.021573961468413927e+01,3.037284824750969392e+01,2.953895849651553362e+01,2.968824556662792702e+01,2.950839765236293033e+01,2.943138699956898563e+01,2.941750022894768790e+01,2.884602791626747376e+01,2.936151913240428257e+01,2.938110040552123792e+01,2.953606681987213278e+01,2.917638035153100873e+01,3.032137044577268625e+01,2.983070763239209100e+01,2.873246075736136618e+01,2.931650919847334080e+01,2.902292164193221424e+01,2.940649424262005596e+01,2.951738077080193534e+01,2.937348618002192779e+01,2.985341725624437004e+01,2.855770332611251661e+01,2.934951793476085413e+01
2.897326478515549297e+01,2.985695352496776422e+01,2.975388470313316702e+01,2.871871437045984976e+01,2.968144184911221828e+01,2.998751202139339966e+01,2.853889030442184094e+01,2.984159870982551865e+01,2.902454912019157973e+01,2.838597679969268484e+01,2.928785120636416650e+01,2.966130554903787697e+01,2.865518648405844715e+01,2.927855767049169344e+01,2.823273594941395004e+01,2.856597572733431889e+01,2.881308478738424128e+01,3.012442537648064445e+01,2.927275230157584929e+01,2.842719888427103569e+01,2.935520380075178082e+01,2.896533485239496031e+01,2.916062443879894772e+01,2.924308133070684335e+01
2.934467192130892954e+01,2.947028750850216738e+01,2.883523636845114879e+01,2.873801543375248002e+01,2.857651216430741670e+01,2.846528191824603482e+01,2.846573006249099080e+01,2.915158740238075552e+01,2.917005705925049597e+01,2.890617530293826576e+01,2.848759891698637148e+01,2.807244269859387487e+01,2.932337701464439306e+01,2.927482720952923501e+01,2.888540909591449690e+01,2.982769181697216254e+01,2.879986780812413372e+01,2.881264637149268992e+01,2.911213498884654882e+01,2.981072058712300077e+01,2.912702091861046938e+01,2.930816786937640472e+01,2.832814258270337859e+01,2.911167684831519864e+01
2.843069442230751065e+01,2.903339623402507641e+01,2.895073407156928624e+01,2.971037136849963645e+01,2.890803456035757790e+01,2.977507772048812740e+01,2.860114288517877412e+01,2.964922736638590095e+01,2.873819688797811978e+01,2.923421900127851814e+01,2.911706172860544939e+01,2.984944225302859877e+01,2.911706172860544939e+01,2.970658519470526926e+01,2.931294758793802657e+01,2.887501873443829936e+01,2.900960009873233503e+01,2.949097662264256314e+01,2.903937440587532137e+01,3.012193913231510578e+01,2.972882357158601963e+01,3.017280826949064476e+01,2.979746474280318580e+01,2.944127564605196312e+01
2.886777437617325859e+01,3.040884556253286064e+01,2.962624292063651410e+01,2.938450799966551585e+01,2.985273520212268750e+01,2.978508614366597840e+01,2.925580793716505923e+01,2.840864257220107447e+01,2.869697377138072625e+01,2.996850835263933277e+01,2.897706646458698287e+01,2.929781702653298225e+01,2.895614410811072048e+01,2.851757189065062903e+01,2.948969476610795937e+01,3.043493160636978700e+01,2.943445451312584282e+01,2.824546238807511145e+01,2.905606649415648235e+01,2.993857098852583931e+01,2.981387159160937017e+01,2.960631897584624994e+01,2.997880457977515789e+01,3.001537334155403869e+01
2.948882843177369750e+01,2.959923132691977798e+01,2.871663520456587548e+01,2.952567448717763909e+01,2.950145429553936083e+01,2.913195827735290777e+01,2.938408476144832093e+01,2.901164999213079909e+01,2.817673650855454071e+01,2.921850622165936784e+01,2.842023901548310505e+01,2.846309730016406547e+01,2.960070494456573442e+01,2.901564209843337494e+01,2.932111200065571666e+01,2.948048875283075176e+01,2.974208228580442892e+01,2.890587062463333723e+01,2.970652484038214425e+01,2.904018401472308142e+01,2.972805239354971718e+01,2.931853365252186450e+01,2.927868589401072086e+01,2.883596041452722147e+01
2.937954691153498743e+01,2.894605143552757909e+01,2.943566268585550461e+01,3.041527963876080776e+01,2.871312539944773334e+01,2.912673793550715118e+01,2.944434090587964192e+01,2.896108497969021300e+01,2.903635534160679299e+01,2.911507757049048450e+01,2.936314482936739978e+01,2.911507757049048450e+01,2.902056297931966355e+01,2.895006005101510027e+01,2.841315122388357395e+01,2.957518792366983007e+01,2.940664316466751416e+01,3.005587142003884082e+01,2.855312624499191543e+01,2.981072058712300077e+01,2.939022199817310366e+01,2.937596691648894875e+01,2.977330799008075246e+01,2.919071897666844961e+01
3.003749980862028224e+01,3.040472400793510133e+01,2.911284227941433755e+01,2.962912486022077019e+01,2.887250853408431794e+01,2.906863929024558502e+01,2.989593296147768342e+01,2.951374014251467770e+01,2.901120139617739824e+01,2.845548255109031288e+01,2.989879094305399576e+01,2.934765294773899313e+01,2.954868758946741991e+01,2.977957977488216557e+01,2.950209014204642699e+01,2.976063009998887310e+01,3.030439114619957763e+01,2.933416314714321516e+01,2.950489528631419489e+01,3.051004468252921242e+01,2.950560427395146235e+01,2.963997182556346388e+01,3.021038157131602020e+01,3.019508050956738998e+01
2.898247525962636928e+01,2.984037881795632074e+01,2.911139550923144270e+01,2.944239669562398376e+01,2.894632337914663367e+01,3.002897006589137163e+01,2.922744778190502757e+01,2.921965724367214534e+01,2.914089441907492528e+01,2.905400187038566173e+01,2.894916264675828188e+01,2.943345745539869540e+01,2.955200332466978352e+01,2.927048806664333824e+01,2.950230366598003684e+01,3.011946411357655506e+01,3.000486589357802814e+01,2.909512967426803698e+01,3.040867458825039193e+01,2.984794164850160314e+01,2.961588716115517173e+01,3.008069304100058616e+01,2.952728331227569925e+01,2.957035930685293579e+01
2.963907488701568127e+01,2.877817677824191378e+01,2.943983457909416757e+01,2.856854407643066907e+01,3.046726316823412617e+01,2.873792646928001204e+01,2.907521399522624961e+01,2.822494389551116001e+01,2.843210916933577437e+01,2.915934428976299841e+01,2.949000811923735910e+01,3.014462152199632783e+01,2.912281265246241446e+01,2.964512746907286100e+01,2.947867185378424892e+01,2.963500383491145840e+01,2.953526313135870396e+01,2.888410911717846830e+01,2.983406541341298635e+01,2.949824941160517255e+01,2.970352659080725743e+01,2.932271682483161612e+01,2.997947013600821720e+01,2.924715978201140842e+01
2.884112976110134241e+01,2.879347743278788130e+01,2.925318642889584453e+01,2.936449716035883739e+01,2.962023803558349755e+01,2.867445107124399328e+01,2.907985403049599427e+01,2.895670568255326316e+01,2.934913397944126245e+01,2.938406780811811814e+01,2.885489423747304727e+01,2.979007017388306622e+01,2.953870262491534504e+01,2.924485675583315469e+01,2.926200632007953573e+01,3.027885823062939608e+01,2.897578625853498124e+01,2.949998672988903081e+01,2.995251353365108571e+01,3.028981445351422508e+01,2.905730263598383090e+01,2.924904409579005460e+01,2.974930497806542462e+01,2.991253833982568722e+01
2.942605334867056399e+01,3.014567088392306005e+01,2.959877094253215546e+01,3.019130986072866563e+01,2.967117580431175838e+01,2.906827517223382529e+01,2.912800433696605751e+01,2.961426038925412740e+01,2.899487339322274693e+01,2.892232110996343408e+01,2.809741480478578524e+01,2.978366393299722859e+01,2.965857267520323148e+01,2.975169027577669567e+01,2.879087114673097858e+01,3.014561486684243619e+01,2.984359499457974607e+01,2.981202551328277650e+01,2.973512035912858664e+01,3.057676809504181392e+01,2.996474569895718787e+01,3.012268120941951111e+01,3.138716665262927563e+01,3.287264208345152383e+01
2.936444601447567493e+01,2.938457500514306275e+01,2.972256534026695363e+01,2.897868618829409115e+01,2.937531199314247488e+01,2.844407924424132261e+01,2.901529432687880217e+01,2.983174036827864484e+01,2.953130205877113212e+01,2.890922965863967420e+01,3.008496192802778069e+01,2.982143990329137750e+01,2.929254839276489975e+01,2.932747956004470780e+01,3.037599187946659640e+01,3.010239559888628946e+01,2.950585113389826120e+01,2.990546427480165903e+01,3.031592194194439571e+01,2.940661602830664378e+01,2.938330475706032985e+01,3.005359010656974306e+01,3.189964852263000239e+01,3.282560511914795143e+01
3.056317198306186356e+01,2.901266918119483762e+01,2.984975768172836297e+01,2.889054636297061052e+01,2.943983457909416757e+01,2.818280999262572095e+01,2.831535916421660204e+01,2.865459168755234032e+01,2.872797668025037865e+01,2.939961808861050940e+01,2.904402139197827637e+01,2.935206639045247812e+01,2.888405970683476198e+01,2.976973771122305834e+01,2.907306439433676815e+01,2.850202054926251094e+01,2.977265033813364425e+01,2.980258831731401870e+01,2.954032444433818227e+01,2.980753835390191853e+01,2.975357907426558768e+01,2.974248088316801386e+01,3.069660922720555618e+01,3.073452842294182119e+01
2.892251315537788514e+01,2.951580610996529686e+01,2.859131981997222738e+01,2.915042779247824001e+01,2.971722643366950933e+01,2.911116397622828345e+01,2.843243232892484684e+01,2.882572815299522517e+01,2.788991435199790203e+01,2.874773157027306070e+01,2.857208538236920958e+01,2.823624948879131580e+01,2.863964928081691141e+01,3.013435852366870904e+01,2.972890235124037872e+01,2.937886674943246135e+01,2.901071212697354440e+01,2.971679260198396832e+01,2.931876759359062135e+01,2.913541305876356091e+01,2.946338433254999245e+01,2.924457115551263087e+01,2.985443484236759559e+01,3.113627145730026768e+01
2.997501826983670981e+01,2.976681661732362727e+01,2.969787177707632964e+01,3.071153530245021557e+01,2.959701901727731865e+01,2.956076780608276522e+01,2.910124559097920383e+01,2.963192315897430262e+01,2.983908470891026354e+01,2.956764602175957179e+01,2.938605916751282621e+01,2.928012670673081175e+01,2.928190113695353602e+01,3.007781465164435986e+01,2.972397650428820270e+01,2.926839771779276589e+01,2.921315462087687820e+01,2.979912994472920218e+01,3.019504400339866379e+01,2.995232867086571105e+01,3.010012223840482193e+01,3.033874844251795366e+01,2.899601288444563352e+01,3.110662375638526100e+01
3.017184657537870862e+01,3.025321045428836442e+01,2.998976316227805228e+01,2.873015019699715822e+01,2.937292381668470398e+01,2.953909772829405256e+01,2.892118171469081744e+01,2.963157064838736687e+01,2.862922073169198711e+01,2.890775229380176370e+01,3.026203975457468687e+01,2.952835014273381375e+01,3.068373180310800308e+01,2.936316157753333300e+01,3.050606632108059557e+01,2.933779975981485677e+01,2.990897251301163351e+01,2.947305061607050902e+01,2.881845754492428568e+01,2.992395852234449194e+01,3.015171032689084996e+01,3.085612650402208601e+01,3.056603997839772546e+01,3.035030016227483429e+01
2.918466030778449749e+01,3.003513482823120739e+01,2.944985282334465637e+01,2.931389219229197352e+01,2.860625700761113421e+01,2.925396706958582627e+01,2.906294855058700932e+01,2.846448782250467957e+01,2.867886682649952945e+01,2.846013221312591668e+01,2.884379001693270084e+01,2.925243298645887080e+01,2.996899144461275455e+01,2.934291270069024904e+01,2.947384211798112119e+01,2.965154861243678397e+01,2.974109713283519341e+01,2.889338881584387764e+01,3.046272266113157912e+01,2.915929447930898277e+01,2.974483807793149026e+01,3.004024706281870749e+01,2.972695100345902119e+01,3.044583936620136910e+01
2.931979110192526150e+01,2.946644038027039869e+01,2.914006893505603557e+01,3.046821649819980848e+01,2.892980035971754660e+01,2.849489721303569922e+01,2.890058408173001681e+01,2.866933038839289338e+01,2.906029018960703070e+01,2.823349014176471883e+01,2.864233821724064910e+01,2.884821224374144322e+01,2.992732242126015763e+01,2.977469955859419315e+01,2.850057122311835656e+01,2.869529324900969414e+01,2.937474334719354374e+01,2.974785129642822312e+01,2.976684505667105896e+01,3.013940973219598618e+01,2.946301416742636547e+01,3.001870711649951318e+01,3.016652659225843536e+01,2.999532033785442309e+01
2.870999057073009908e+01,3.003837061519254803e+01,3.047325836030677237e+01,3.043683605945687987e+01,3.024185039141212883e+01,2.871497754889009002e+01,2.935574600184918381e+01,2.873972994682196713e+01,2.858369116621872763e+01,2.896820794679172195e+01,2.887018714321038715e+01,2.944587918882945132e+01,3.003677413350391134e+01,2.975215659048330963e+01,2.907319540368234811e+01,2.957359640405383061e+01,2.937348819758415175e+01,2.907777060464508168e+01,2.881996275092586757e+01,2.954121227485200052e+01,3.111650960405108890e+01,3.093315426635825816e+01,2.927049314296493776e+01,2.921642097112351166e+01
3.009514860397308667e+01,2.925104844887118816e+01,2.919908863178198999e+01,2.932546158300044681e+01,3.007923566843845720e+01,2.933862161927470424e+01,2.981001757096919391e+01,2.996060888374404385e+01,2.968898440327359367e+01,2.924333158883348460e+01,2.982136216151712915e+01,3.093849217273736940e+01,2.962668636853487669e+01,2.997375916864638157e+01,2.945666867410875511e+01,2.943660835511803953e+01,3.006795715060860630e+01,2.940182752693715429e+01,2.983497839940196172e+01,3.075640746918355717e+01,2.988122624288149609e+01,3.048387872837071200e+01,3.026652234054631663e+01,3.066538693399752447e+01
