2.900686123162842023e+01,3.033582282930103702e+01,2.773812778899446130e+01,3.073808253660081391e+01,2.998027271539490357e+01,3.035366696309426970e+01,2.899152692578564938e+01,2.878134600505325125e+01,2.890317672774915536e+01,2.897277842790123259e+01,2.902818196600924239e+01,3.061279498734677418e+01,2.861538268868036994e+01,3.004393663275232029e+01,2.895223813327328344e+01,3.069848090491035464e+01,2.899790442425967285e+01,3.060480490229031147e+01,2.828732104680960902e+01,3.077068048365100594e+01,2.977690759360996253e+01,3.030547984793452088e+01,3.017393382475330554e+01,2.998821610824347772e+01
2.908732720599891763e+01,2.740300446304786419e+01,2.931574755319547876e+01,2.816026583489673385e+01,3.042246253967152825e+01,2.784937323925726105e+01,2.857711507013004848e+01,2.866286735279970799e+01,2.922951760810110500e+01,2.978086178216778990e+01,2.827692645799777438e+01,2.732193199162782093e+01,2.899030813858206557e+01,2.934363960260463955e+01,2.929014755759084210e+01,2.763851353004906741e+01,3.043614579518140317e+01,2.915307876924464381e+01,2.950122434704553598e+01,2.906641860431784607e+01,2.956197135051763780e+01,2.874818641253597207e+01,3.089157226365085762e+01,2.920428528200886831e+01
2.923109088974212000e+01,2.951613746847766606e+01,2.803907472262886813e+01,2.927804999883392156e+01,2.941460338321553536e+01,3.009918365065584567e+01,2.940111559569470501e+01,2.948963124018325743e+01,2.857164963186681916e+01,2.986377208833528130e+01,3.017323785061154240e+01,2.952180132560351922e+01,2.965088359138911756e+01,2.960566933769155185e+01,2.892409713114642500e+01,2.967358605389620152e+01,2.885572622974740398e+01,2.897787093038664352e+01,2.817651199348154023e+01,2.932097189315334163e+01,3.013902967087568641e+01,3.075699758021403341e+01,2.810451397158749387e+01,2.956816366713610478e+01
2.876719752969597721e+01,2.950504671312364735e+01,2.938955873397605956e+01,2.894637203637711309e+01,3.046984075311848983e+01,2.837462456325317817e+01,3.017527081507273579e+01,2.994286352710281562e+01,3.011004869967405284e+01,2.944255764982568735e+01,2.996772223985357186e+01,2.942727060996031696e+01,2.856608281761674561e+01,2.808324572837676669e+01,2.964127482382633616e+01,2.950300929769036884e+01,3.018985004017361007e+01,3.013230794461219375e+01,2.977173787856082754e+01,2.948041934143492426e+01,2.952022383571670616e+01,2.983755425276660844e+01,2.998584712953362441e+01,2.999856663330859874e+01
2.837737720615012904e+01,2.880886578049825175e+01,2.842255231836998064e+01,2.968396644056707601e+01,2.928609593951460965e+01,3.002108741814231507e+01,2.857168681712158786e+01,2.961680412282970565e+01,2.784143067818820327e+01,2.909327958876627918e+01,2.864692112281306891e+01,3.004980837693062767e+01,2.973821296627818356e+01,3.074296091522370489e+01,2.868501005306234219e+01,2.898730183502453883e+01,2.967223500054382157e+01,3.029189617956103575e+01,2.773106561019716310e+01,2.951937856802697979e+01,2.898006894793684296e+01,2.962310537555714518e+01,2.924724723095562240e+01,2.980798916683045263e+01
2.981753474725428532e+01,2.876738655587183757e+01,2.994319989693093476e+01,2.812656770507140891e+01,3.005374948976663063e+01,2.768069305980247918e+01,2.962196337111976163e+01,2.880872793376079244e+01,2.939611387339016346e+01,2.932050040679860103e+01,2.955808006306551761e+01,2.939358387234551628e+01,2.916600755636250142e+01,2.962654260567614983e+01,2.921567829106248837e+01,2.753773934650456567e+01,2.968474759030800669e+01,2.861690016486954846e+01,3.009394520091217373e+01,2.941001898697595607e+01,2.915811111855697391e+01,2.850063686816429254e+01,2.933145685380890200e+01,2.928677131232859665e+01
3.013505574547264132e+01,2.904022125712725710e+01,2.941173231403450927e+01,2.904672528681641097e+01,2.882920093200715428e+01,3.045778973262531508e+01,2.934120633352188179e+01,2.960493909526792322e+01,2.908822481649735892e+01,2.925679948236546579e+01,2.910930646981495329e+01,3.014809652293985209e+01,2.842383892607750795e+01,2.931677438491504972e+01,3.035166931733226647e+01,3.007345948181620088e+01,2.925002251572982459e+01,2.954476798135533500e+01,3.009699916119672025e+01,2.922075429840793959e+01,3.008592864473081363e+01,2.968586968973539797e+01,3.000671055244356467e+01,2.903809013103148118e+01
2.779988187720664428e+01,2.933864576412980796e+01,2.954973865855515669e+01,2.909476063719768035e+01,2.870518446335785256e+01,3.016581249824190536e+01,2.984854405416666623e+01,2.926323086808929475e+01,3.031457168092964594e+01,2.824351868570596480e+01,2.875310293113693660e+01,2.917442265881817320e+01,2.995616132443012702e+01,2.916039213534128294e+01,2.930893341300480870e+01,2.938326544149856545e+01,3.033046312856549775e+01,2.909522383178580185e+01,2.964086752716679030e+01,2.971589021453723944e+01,2.961021090657419563e+01,3.011164982541771451e+01,2.954496282328244661e+01,2.893540040568831273e+01
2.903420364572423296e+01,3.043125844182139872e+01,2.946312623203408521e+01,2.950441198533161469e+01,2.933526017307252687e+01,2.905272882862550432e+01,2.921319146271309819e+01,2.965753411687705920e+01,2.877821665991257305e+01,2.973761078052706353e+01,2.816352569020568808e+01,3.013216192919941250e+01,2.866149378046981155e+01,2.903871728261646012e+01,2.872011553475141454e+01,2.927694268641124609e+01,2.841740715691031482e+01,2.931853055893122928e+01,2.810640557149116603e+01,2.904170152226379287e+01,2.830954091313077470e+01,2.961866113011859625e+01,2.792481150176683968e+01,2.879666131705670296e+01
2.875381162423855130e+01,2.975069196754725454e+01,2.833526598516561990e+01,2.949408650256378905e+01,2.919310431815171114e+01,2.870318958271633392e+01,3.038566209940211138e+01,2.830336058042672676e+01,2.981243202754797039e+01,3.026139619378204770e+01,2.942240151630954870e+01,2.873974018422228482e+01,2.934508552929844427e+01,2.901239833602801355e+01,2.929527866126704794e+01,2.781923040122586599e+01,2.873410146363909234e+01,2.863562977593983305e+01,2.907050269990998004e+01,2.836279615815095667e+01,2.990679333791302952e+01,2.897227447945590484e+01,2.897746720687842981e+01,2.899768133512674240e+01
2.807204080981875904e+01,2.751300604939848427e+01,2.958278988742313231e+01,3.044435013014572178e+01,2.982233496164548114e+01,2.938542695193615373e+01,2.913196827129257827e+01,2.970438681397496339e+01,2.951871697411121431e+01,2.881877090020316245e+01,2.970662822194600494e+01,2.896745561787548695e+01,2.943774837826777002e+01,2.988459677804780767e+01,2.917109812152637005e+01,2.894453909822630067e+01,2.935633188233543933e+01,2.891258977404140751e+01,2.879042323232681611e+01,2.869068468422960905e+01,2.915758286018029821e+01,2.943463342513945236e+01,2.921177239912066170e+01,3.017701385576657458e+01
2.986354890302828835e+01,2.866317831843770136e+01,2.985986126723770440e+01,2.919482337476347311e+01,2.975039904102084165e+01,2.936059544737815941e+01,2.895524141239826577e+01,2.891950650886161611e+01,2.977597524812961183e+01,2.905179891660742442e+01,2.893120313861584236e+01,2.855466089727497092e+01,2.923787673034132695e+01,2.902516125909869515e+01,3.006160919626853456e+01,2.842690302173065220e+01,2.954851793424245443e+01,2.820168189311272045e+01,3.016515145798030062e+01,3.024857317426864256e+01,2.943658460301816149e+01,2.953644705314906105e+01,2.917683685051474640e+01,2.938260681362356763e+01
2.881283510656282942e+01,2.877307696265211234e+01,2.923119749173577020e+01,3.079328384989594269e+01,2.899662484903211634e+01,2.987311808362159127e+01,2.892064723915962077e+01,2.888080003841287180e+01,2.940193530157546320e+01,2.980413692133453196e+01,2.915484717639799328e+01,2.955622622839376845e+01,2.885470015505381980e+01,2.836294277443249712e+01,2.942602420030760868e+01,2.978030642713935094e+01,2.834463778951942459e+01,2.935940622130920019e+01,2.879640516678830409e+01,2.917456413744702104e+01,2.939086223339705839e+01,2.938310482055840112e+01,2.919600900264913435e+01,2.912908628418688295e+01
2.960404953304583842e+01,2.853309533672774023e+01,2.871154679674134513e+01,2.877173705550558225e+01,2.935658709217756268e+01,2.832016574841406964e+01,2.940349734184479757e+01,2.796903691674674519e+01,2.973636565359424822e+01,2.826795386302148927e+01,2.939413263017615918e+01,2.861434327360984753e+01,2.840186082668100198e+01,2.849488583437494071e+01,2.927729163384140065e+01,2.937137382404750952e+01,2.902968843240103070e+01,2.901465615848007928e+01,2.900551105412722563e+01,2.917299984185694939e+01,2.866433921798017082e+01,2.916693579763710886e+01,2.911272721476643710e+01,2.842126403015919323e+01
2.925988762148773503e+01,2.967795855815052164e+01,2.861113723727839897e+01,2.977276088963787970e+01,2.948173425258585212e+01,2.913080699576255483e+01,2.881155416100301636e+01,2.936692154996489990e+01,2.961933920695724964e+01,2.862238144540697249e+01,2.848459222474906483e+01,3.007704462862858463e+01,2.865206150700845456e+01,2.943868698611544232e+01,2.918282309037380173e+01,2.927024511584210131e+01,2.955121320016661457e+01,2.938624837327250816e+01,3.010031166730624363e+01,2.898741485932765727e+01,2.994034053703506970e+01,2.971154026398176029e+01,2.892652767388267421e+01,2.914362217649647846e+01
2.833209504869472539e+01,2.986551391122628729e+01,2.837942031859881808e+01,2.941871336560313921e+01,2.920425746557901903e+01,2.929320722175719993e+01,2.983436860970476801e+01,2.946965893049133456e+01,3.044048068660811168e+01,2.917068551185701608e+01,2.920446806440247656e+01,2.900299628511351102e+01,2.983920497585529574e+01,2.904515753040135451e+01,3.020367142433792651e+01,2.949713276318158250e+01,2.932990619806957966e+01,2.927977801120567847e+01,2.962521377533181521e+01,2.845094640977117706e+01,2.970374995354029579e+01,2.964046297340155434e+01,2.949942548933501030e+01,2.950589396910589812e+01
2.894453610518422693e+01,2.985031828282797051e+01,2.875222285718530202e+01,2.976993929878051404e+01,2.918891983160256132e+01,2.953844676897381305e+01,2.753268378638870217e+01,2.839353653976883152e+01,2.922335529572848145e+01,2.911357150777985225e+01,2.828801497542764309e+01,2.968191636560908364e+01,2.865455699563534608e+01,2.923967987314540551e+01,2.854009948879240710e+01,2.954281246611765255e+01,2.877042555050962847e+01,2.964041047965315556e+01,2.940686430433726173e+01,2.927182511748196703e+01,2.837969462787634711e+01,2.938250379603755391e+01,2.966763306996062965e+01,2.925590573110537207e+01
2.963466322553330201e+01,2.878991290599748254e+01,3.061454896918053237e+01,2.934383280641782221e+01,2.877463636754612253e+01,2.898527868095936810e+01,2.916785478410906762e+01,2.865920107308301112e+01,2.943075811263332753e+01,2.848746818572629991e+01,2.958962685332176079e+01,2.865332694617057996e+01,2.957035636484806673e+01,2.849488583437494071e+01,2.913026616927567147e+01,2.846673259552443369e+01,2.897021844035452887e+01,2.825849232770070785e+01,2.878400465049719514e+01,2.900436363907880377e+01,2.893332126117286407e+01,2.940960710469028072e+01,2.983635504824303553e+01,2.886584838414756859e+01
2.869347649261106881e+01,3.027591364712623090e+01,2.895975877548681865e+01,2.969142895184978670e+01,2.836828840377228289e+01,2.841947407384196822e+01,3.027734710717805910e+01,2.906004408636522385e+01,2.870371956620658693e+01,2.970680745325017824e+01,2.959604301526030667e+01,2.907180255254485246e+01,2.991301511485619358e+01,2.935026337327622059e+01,2.887473645005860590e+01,2.965922923808716405e+01,2.983564710596550640e+01,2.990563393481454568e+01,2.920057910569931892e+01,2.989742663886818264e+01,2.936574245685488904e+01,2.970498907347655404e+01,2.988629705274973958e+01,3.062119209420535526e+01
2.944565831502887931e+01,2.987479925864585084e+01,2.936176102990992831e+01,2.818192935278102595e+01,2.900833868576785335e+01,2.934821108603000539e+01,2.963569286011573922e+01,2.925402562539238716e+01,2.852035329668933628e+01,2.891916300566055043e+01,2.918304151393761003e+01,2.929707723498341920e+01,2.995005772475451522e+01,2.997469849047030266e+01,2.989670879443224294e+01,2.932598246872157688e+01,2.972955700103739218e+01,2.929940860057479313e+01,2.944392874851172337e+01,2.902178359861591161e+01,2.950490500819029194e+01,2.889111832719532913e+01,2.977430764490003412e+01,2.978652528385470077e+01
2.987291525305880668e+01,2.864488560890379176e+01,2.816395238179563876e+01,2.936917053006067135e+01,2.798353912466376414e+01,2.897785833755818885e+01,2.858123511641935011e+01,2.898833496662319931e+01,2.812579830897692545e+01,2.905326483896675427e+01,2.901831105008739087e+01,3.053965326791649204e+01,2.832263698396627660e+01,2.954262477997724545e+01,2.918282309037380173e+01,2.986253156059996172e+01,2.906470175883578122e+01,2.945338072491233561e+01,2.885493634656194217e+01,2.973055463128605425e+01,3.009094645570593229e+01,2.921058705057316729e+01,2.910665826967868952e+01,2.967741007096219619e+01
2.990333870171411945e+01,2.941563080999833346e+01,3.006432379803317190e+01,2.884379641258584570e+01,2.968252432691679132e+01,2.924519866840938676e+01,2.983997470682868425e+01,2.864246151879154922e+01,2.923820124259333397e+01,2.872896180640884722e+01,3.009470531109343483e+01,2.932305037600974629e+01,2.943154744639815590e+01,2.843243672865725102e+01,2.966080964210436832e+01,2.914008115739358118e+01,3.021040447830955600e+01,2.818750286192795329e+01,2.984436291716485812e+01,2.963905956850300072e+01,2.876664238599352075e+01,2.875235775420446771e+01,2.999575569490241378e+01,2.884187637570994411e+01
2.925487611430929746e+01,2.960692389074949915e+01,2.963454411434975100e+01,3.006447266247977268e+01,2.915059497913091491e+01,2.894647626430793252e+01,2.988973488334295325e+01,2.967692434170623983e+01,2.920860214724376647e+01,2.933830888851355212e+01,2.883702639001438683e+01,2.915265783765465812e+01,3.020776939932653704e+01,2.947307237267290247e+01,2.865313669070229707e+01,3.003866695836330791e+01,2.952999190544835528e+01,2.935093885179043127e+01,2.905951734679507581e+01,2.975668887902014603e+01,3.000076701403793322e+01,3.054773534621398312e+01,3.032023269136061572e+01,3.056329364341678456e+01
2.942873752766701045e+01,2.838312355086827665e+01,2.919508404236790966e+01,2.901248148581112218e+01,2.811419192693892910e+01,2.885135860453601708e+01,3.016830276257257992e+01,2.860331639062735576e+01,2.941857481821250531e+01,2.859256315946578297e+01,2.979969318135584899e+01,2.933611844886178233e+01,3.006055320772412642e+01,2.988478421877829305e+01,3.043931955543843060e+01,2.996615835398989702e+01,2.850668039155237921e+01,2.958872374913858039e+01,3.002577848917457004e+01,2.944063335830696815e+01,2.999402999981845142e+01,3.026971897104272102e+01,3.103850435531194307e+01,3.101094387423364651e+01
2.976291924281593992e+01,2.928208698044301173e+01,3.028249826206638318e+01,2.954087174333102439e+01,2.891550491510975007e+01,2.954151747436486630e+01,2.835078584247497702e+01,2.889985385125908124e+01,2.894443136152403895e+01,2.964006499164173647e+01,2.872326387706658579e+01,2.906077870742393543e+01,2.944383439585544693e+01,2.896472211445092171e+01,2.928358747713718913e+01,2.856436795982330068e+01,2.911066831027301305e+01,2.986637594310366239e+01,2.885755185853867033e+01,3.040723915617383000e+01,2.960731557577020112e+01,3.053700622328824466e+01,3.015640587313987453e+01,3.060878258431245058e+01
2.985250437554338987e+01,2.848951882130000968e+01,2.926535438294894220e+01,2.918409380104526463e+01,2.940077424443757081e+01,2.876815280993491797e+01,2.941687254196796175e+01,2.867590817901469791e+01,2.905309266842294846e+01,2.878140330540094283e+01,2.934881961279478446e+01,2.969235783742465173e+01,2.995323913236285307e+01,2.928006734306211456e+01,2.926322852859726709e+01,2.870621567174333677e+01,2.978074429733356965e+01,2.922068444677108801e+01,3.028509467497821106e+01,2.935033845771317829e+01,3.063652222533346503e+01,2.871516509202518819e+01,2.991860283213617322e+01,3.040877530775509285e+01
3.023620355824670014e+01,3.005181741683742302e+01,2.973370178694256083e+01,3.015755906962874633e+01,2.923323804629899314e+01,2.962420696469473569e+01,2.894265790778018754e+01,2.969516230679550972e+01,2.892453182501736819e+01,2.868435281908074330e+01,2.868184780830392810e+01,2.915934100434822085e+01,2.986524741002671135e+01,2.959638287411894453e+01,3.030557434611131384e+01,3.006029889382648435e+01,2.924867478469741400e+01,2.986342930499307613e+01,3.042141070366039912e+01,2.963466403895364465e+01,3.033101572170170357e+01,3.001292614548827942e+01,2.923360709128604640e+01,2.996682598548738952e+01
2.788763568400520398e+01,3.028704271460702557e+01,2.897836065367027913e+01,2.918832953435088484e+01,2.984177391065094298e+01,2.937409785374728699e+01,2.937627334071123641e+01,2.947317613234969258e+01,2.869248036283846659e+01,2.856300204402947429e+01,2.864220175927277978e+01,2.900630261787517838e+01,3.037973428306463575e+01,2.865544088766932873e+01,2.908784522507022530e+01,2.825209010740292115e+01,2.922557266164994871e+01,2.950687145641472853e+01,3.004588666383926920e+01,2.976471031606808992e+01,2.942217209355203522e+01,3.049442407433519975e+01,3.021664684769001497e+01,2.996501030753665873e+01
2.800356876941327755e+01,3.033400842534769026e+01,2.948532381543031988e+01,3.003405241438190387e+01,2.989158781262972298e+01,2.972606335601574301e+01,2.868839916103507903e+01,2.933607393590557422e+01,2.851712312195513732e+01,2.910822006176732657e+01,2.945460054445067044e+01,2.912538239969688902e+01,2.981688810417819013e+01,2.921779074396187070e+01,2.872979212450860587e+01,2.932782919914876629e+01,2.958660236333372495e+01,2.895769304697040525e+01,2.932455240643867000e+01,2.902608931344400389e+01,3.018776219711406839e+01,3.010644974428299747e+01,2.954885320894152301e+01,2.966433563117988115e+01
3.011477824823259652e+01,2.973629609100839843e+01,2.965979310274548197e+01,2.804960778740024807e+01,2.964403223198280557e+01,2.980687531258774925e+01,2.875964760452632163e+01,2.870233360773210052e+01,2.833407034698916505e+01,2.865761091201926547e+01,2.909664408919746847e+01,2.868672803088520595e+01,3.018207593279169032e+01,2.847140971987840885e+01,2.953518747364421415e+01,2.950276042182707670e+01,2.943902392071078111e+01,2.880150552860345670e+01,2.882924953112996036e+01,2.856594523599426338e+01,2.848647224563922009e+01,2.942627846843186035e+01,2.980216558321518505e+01,2.981142583393682344e+01
2.820594649757367733e+01,2.906420325211973932e+01,2.879367290913000943e+01,2.906246417014250483e+01,2.842326410446599994e+01,3.126732506480323082e+01,2.983013002600927166e+01,3.032147861902507202e+01,2.990669364929044605e+01,3.051340170123995676e+01,2.911326765744610157e+01,3.012812665989883953e+01,2.986846257433109031e+01,2.940866492959531797e+01,2.994429331210938017e+01,2.943013352112740222e+01,3.004394648948937174e+01,2.871914157640156873e+01,2.928725488715599568e+01,2.982314422136624898e+01,3.048828136294957858e+01,2.965526315685468717e+01,2.954127420151638717e+01,3.211072154436953952e+01
2.907795344312035013e+01,2.848539976071856472e+01,2.926616057254835823e+01,2.862851242420231301e+01,2.967880765642934193e+01,2.844763985360225433e+01,2.965341962674199294e+01,2.845241257654743094e+01,2.867334279350001225e+01,2.841681911104092251e+01,2.903676336529940727e+01,2.971611010457911561e+01,2.948520640833476136e+01,3.041857551061144704e+01,2.994487646700559935e+01,2.904885226608803350e+01,2.949996100114611863e+01,2.985715530162121922e+01,3.056033477564642453e+01,2.858593868537803928e+01,2.903478073943324489e+01,2.891684925036150844e+01,2.961670763260690364e+01,2.901884606674974521e+01
