2.913914253153200207e+01,2.880334290203313685e+01,2.839593672255574575e+01,2.906825999571083230e+01,2.763491424488802295e+01,2.875767266510626996e+01,2.888547895704971324e+01,2.980081577095126022e+01,2.812178245103450536e+01,3.040765659987187064e+01,2.893182909427861205e+01,2.960059787610725834e+01,2.919206837186152370e+01,2.991600040974901731e+01,2.863621551865276160e+01,2.924415944509502197e+01,2.890148111629150662e+01,2.980359386782208730e+01,2.888224802697442328e+01,2.972676853141638276e+01,2.943900804177656028e+01,2.945448945025202647e+01,2.857119696813714427e+01,2.958688452800663526e+01
2.890547611217289159e+01,2.888113196284945161e+01,2.965874312703465421e+01,2.953816935632789864e+01,2.858315868536772086e+01,2.846508888178436791e+01,3.004052110839376155e+01,2.811335771413968132e+01,2.909444875063280733e+01,2.924528141947115500e+01,2.880345529972885288e+01,2.897325697425645785e+01,2.886894365149993291e+01,2.884099805095956981e+01,2.895138130458133219e+01,2.863721526901684911e+01,2.965883875312141527e+01,2.928751483537126887e+01,2.937212968999284612e+01,2.853740881581859412e+01,2.942337945587297554e+01,2.842268217787545836e+01,2.955687569296770789e+01,2.910835994537546867e+01
2.961838396411798158e+01,3.010961675233210144e+01,2.987861598814288300e+01,2.865046259703115084e+01,3.022178701565684378e+01,2.907258744288247954e+01,2.974418102181186896e+01,3.022079652057095700e+01,2.997237531753319217e+01,2.911302995689692352e+01,2.906571514697662906e+01,2.981700369450112476e+01,2.834490220661206195e+01,2.867928716512170695e+01,2.925540003241189879e+01,2.895609371778107288e+01,2.940255983409167584e+01,2.927948354668399134e+01,2.957343448933727359e+01,2.983525832420235702e+01,3.048600953432315919e+01,3.106872709447503667e+01,2.963130561104082972e+01,2.989631952717775221e+01
2.911215254895029148e+01,2.988022119178276625e+01,2.948030603237958758e+01,3.000042564004172618e+01,2.898535634763010194e+01,2.939515388800373330e+01,2.875462285323243350e+01,2.964818782715605039e+01,2.916654460182314779e+01,2.957193540706424528e+01,2.924868046603234006e+01,2.955689506938779232e+01,3.004705329592945873e+01,2.940170085710241210e+01,2.852108402935283493e+01,3.003244066675796375e+01,2.906665829480067487e+01,2.925655727192605582e+01,3.048217117221656736e+01,3.044367316551995373e+01,3.025126023023557309e+01,3.082834061582127561e+01,2.804609721168395708e+01,2.991456457327564067e+01
2.874495024207681126e+01,2.982276824665785853e+01,2.810748996448643311e+01,2.869858119382195127e+01,2.877989109177423188e+01,2.907980633030200579e+01,2.830226916849380814e+01,2.893067788441413768e+01,2.893432437064319629e+01,2.918418506040444527e+01,2.819454669952312997e+01,2.957192733825502273e+01,2.910714348261075202e+01,3.027448694733726597e+01,2.862433145294284031e+01,2.870475086638788298e+01,2.922599555819306261e+01,3.000359921477217995e+01,2.904344115340359167e+01,2.882574102083117396e+01,2.931330953578253684e+01,2.991899455897589633e+01,2.853310005141224792e+01,2.820386739338442794e+01
2.874548178225700212e+01,2.844035212205153584e+01,2.938200666955356155e+01,2.847374536947108936e+01,2.912217103502950977e+01,2.923494116279499622e+01,2.971141551333687403e+01,2.814472675105832877e+01,2.987005832158507701e+01,2.887559730470303521e+01,2.983241929659652669e+01,2.896795622441379692e+01,2.888271582046962749e+01,2.975503417745210299e+01,2.893216363489511878e+01,2.972859376361185468e+01,2.958663452700727703e+01,2.969493294705836206e+01,2.999259194682139196e+01,2.896454560882466467e+01,3.003218937190280258e+01,2.903462654780287266e+01,2.921259123136201197e+01,2.815378288095195103e+01
2.890264095136228661e+01,3.001807138304820910e+01,2.974876510419318265e+01,2.830191837474148997e+01,2.875203143696262487e+01,2.956027311845019767e+01,2.984788947606710963e+01,2.874726809974407615e+01,2.995874225396147494e+01,2.971725772895473483e+01,2.978166352355719937e+01,2.951269866802442721e+01,2.946312300667227646e+01,2.904512904556929698e+01,2.921997042149041590e+01,2.962446272213679777e+01,3.011083022519898122e+01,2.908252315388239140e+01,3.022223358901976553e+01,3.024737947233791147e+01,3.002263716494462642e+01,3.035300925869069033e+01,3.013534203466576855e+01,2.933747533615053271e+01
2.988457465414637682e+01,2.946785633770724644e+01,2.921855861737748228e+01,3.024991608615346195e+01,2.958329325084366701e+01,3.010073088381039952e+01,2.821805251619673527e+01,3.014021272140820429e+01,2.856071617777882921e+01,2.983876814859002025e+01,2.956685330777236231e+01,3.072841082612700347e+01,2.986543570904876788e+01,2.856747268092368586e+01,2.993914663741134063e+01,2.933306365010139416e+01,3.005830606578751940e+01,2.976956525083761562e+01,2.954615346279678079e+01,3.003164222791446036e+01,2.932088136620876639e+01,2.948544666906923339e+01,3.003510018770145962e+01,3.106826979286518053e+01
2.852432455821337953e+01,3.011083119883204517e+01,2.899509428962778657e+01,2.978744141822221536e+01,2.889190604438164200e+01,2.895622684423551618e+01,2.896875844384430820e+01,2.938390033282172453e+01,2.836395346196371747e+01,2.929679548294001279e+01,2.863996684752561350e+01,2.866642488632493269e+01,2.930380716400412666e+01,2.947291084368561087e+01,2.954236457470273081e+01,2.954124060889347447e+01,2.836957533225563566e+01,2.958261258894401635e+01,2.859045001355724480e+01,2.913373641621586785e+01,2.807157068105681219e+01,3.043743753300947219e+01,2.883136849597428863e+01,2.947128027100228564e+01
2.905621078047181527e+01,2.926348647719527207e+01,3.039647404306919043e+01,2.845748080690094639e+01,2.909699797200636340e+01,2.846312878944297609e+01,2.886031296584508254e+01,2.861132943294046527e+01,2.954876821439421519e+01,2.898900572817052534e+01,2.916296730303605500e+01,2.869399463489406799e+01,2.943441517119850914e+01,2.880198387899019963e+01,2.938476233527785553e+01,2.966027251003714582e+01,2.882437048941540070e+01,2.859454582058339156e+01,2.951330634558109978e+01,2.920284775752401174e+01,2.873013985931544312e+01,2.837503710548077152e+01,2.906888916007233092e+01,2.894459889744740622e+01
2.964072791799350171e+01,2.882563707371588180e+01,2.990073223043856387e+01,2.900772492307885386e+01,2.901300026795053100e+01,2.929067648607889396e+01,2.908098712592084212e+01,2.858169749290647133e+01,2.929435987136463382e+01,2.821124742923456097e+01,2.931648602155695471e+01,2.905798792601564173e+01,3.006932327813234451e+01,2.827217916307535006e+01,2.997031608099689493e+01,3.021452209063511418e+01,2.999585293289294441e+01,2.848318603804426630e+01,2.926435710376694033e+01,2.913186923399035777e+01,2.982286589955657519e+01,3.006463824910827043e+01,3.008350736731711095e+01,2.895913644129927889e+01
2.873077184374909621e+01,2.998265434213726621e+01,2.917756305494373237e+01,2.951193262932838479e+01,2.910096526533112637e+01,2.966990281443003141e+01,2.958253571153255734e+01,2.940193098941909966e+01,2.847354089981905645e+01,3.020672241347489262e+01,2.953191000530745214e+01,2.936043876167633471e+01,2.882247675257650599e+01,2.965350606166936132e+01,2.896628445635042226e+01,3.074007314203811347e+01,2.878796394752976084e+01,3.020184416653557946e+01,2.903487063058150852e+01,2.985618580093080254e+01,2.811410751536834596e+01,3.001876867467291277e+01,2.963659609237629411e+01,2.970309584927161950e+01
2.854731603130056783e+01,2.962867583413549255e+01,2.860765098068475254e+01,2.868627530523406222e+01,2.875901266871437656e+01,2.978580125979323157e+01,2.904480934158925720e+01,2.897136107037368902e+01,2.969490341191942662e+01,2.972517190099154050e+01,2.843085586114398211e+01,2.914355061371162492e+01,2.815894049848202485e+01,2.910591820738613933e+01,2.905612812399351697e+01,2.921410628772508744e+01,2.880693691600345119e+01,2.928384528597769076e+01,2.858100679209115924e+01,2.858256168884679482e+01,2.951722814256339689e+01,2.965101865865329955e+01,2.824252164723060332e+01,2.922241145543983976e+01
3.008629089478455398e+01,2.827312389874396104e+01,2.990870921133455340e+01,2.890026189519846866e+01,2.908773241333170745e+01,2.862743611229478802e+01,2.896815288793305854e+01,2.931333083705550280e+01,2.847459785564552703e+01,2.890018796052197558e+01,2.897718325936722295e+01,2.840517626357268455e+01,2.898416033591314545e+01,2.813402385508135239e+01,2.870498633368538322e+01,2.917152753603505744e+01,2.895188013956391160e+01,2.931181241095686119e+01,2.976820228273930979e+01,2.862885421238104300e+01,2.858005106923263838e+01,2.947305792505716227e+01,2.956257273361825355e+01,2.783208588370098369e+01
2.977883860104037694e+01,2.899153979232119127e+01,2.948308817967915729e+01,2.931098173712223343e+01,2.978371026004890609e+01,2.886625966456330161e+01,2.893562465041787846e+01,2.876491780184574054e+01,3.041219051092139125e+01,2.769531424243439233e+01,2.927684771240780037e+01,2.933965626803654914e+01,3.010481362880028655e+01,2.936316751246437207e+01,3.013322264925108129e+01,2.985717524107968757e+01,3.051158585746304652e+01,2.998107014990642938e+01,2.988388082595707829e+01,2.976452185589397459e+01,3.024057032826414115e+01,2.909783722736773370e+01,2.941839249136853596e+01,2.868884731644601516e+01
2.882217106165199993e+01,2.882965909087948830e+01,2.959238026660744936e+01,2.972872583684517167e+01,2.893733675813314221e+01,2.924437123837469699e+01,2.888828991898060394e+01,2.976607532020773306e+01,2.816970645749336200e+01,3.029424786956457183e+01,2.929397347964470555e+01,2.929531542776072683e+01,2.910805655030418393e+01,2.900919292574479869e+01,2.898637801436819927e+01,2.962531530082515019e+01,2.958583667927803162e+01,2.973970604656608430e+01,2.920913072004117339e+01,3.043606284342956769e+01,2.962044507696077744e+01,2.942473307443674457e+01,2.922691422870667566e+01,2.982229547826506177e+01
2.868232910676118763e+01,2.880418008439551159e+01,2.887714189473132365e+01,2.931186684302247158e+01,2.826183576410966225e+01,2.858985590956655187e+01,2.920308210700920881e+01,2.882391442387836378e+01,2.917876480333245581e+01,2.953601379715809117e+01,2.858010578772291410e+01,2.878083878028729714e+01,2.877913498546229221e+01,2.949159904477278360e+01,2.899214572727282757e+01,2.963282105028832802e+01,2.923182761392689599e+01,2.889124435239307331e+01,2.936356076950181659e+01,2.919458887518902657e+01,2.937359119802533769e+01,2.912793006277070162e+01,2.855452836104808512e+01,2.917160303887311557e+01
3.010811297366882400e+01,2.948653606097445845e+01,2.883744572393368344e+01,3.020847130293043392e+01,2.921963354883177999e+01,2.911295311451999623e+01,2.857912784157576880e+01,2.895573706292304905e+01,2.918794577587158301e+01,2.894729760759832971e+01,2.868553680429619135e+01,2.894729760759832971e+01,2.868126056001125335e+01,2.895011549328711453e+01,2.905692396954651713e+01,2.908699649674031207e+01,2.822566253428999516e+01,2.889140009602834880e+01,2.921175416851986029e+01,2.913516912165874828e+01,2.988813850781389192e+01,2.971409675175982557e+01,3.027972090177530617e+01,2.900172878769586760e+01
3.000120412046885576e+01,2.901372178869860363e+01,3.002263702447805827e+01,2.866551025621896542e+01,2.974635124855478807e+01,2.922096508751070587e+01,2.901536872982421755e+01,2.880525627880780348e+01,2.934191249122892486e+01,2.894885260446898201e+01,3.022609609818840681e+01,2.966829259369018246e+01,2.970810948006823082e+01,2.861627625661481034e+01,2.916573430792510635e+01,2.825985367518046587e+01,2.995918669353528685e+01,2.914796499206590852e+01,3.000502904023937845e+01,2.947790687738074666e+01,3.001691528903188555e+01,2.891411850589275900e+01,3.091000593558226228e+01,3.017426400309204837e+01
2.792746480181557445e+01,3.039125006880493629e+01,2.963919994951316994e+01,3.015360473342832393e+01,2.946215361988583936e+01,3.018986855169578121e+01,2.989756702532770305e+01,3.023511999107961401e+01,2.912299912186637130e+01,2.887845550263602945e+01,2.892808836454605625e+01,2.993539167562090597e+01,2.852162007533041788e+01,2.993430005057126664e+01,2.965438977828870293e+01,3.028174246052651597e+01,2.897035712828022724e+01,3.044212960580233585e+01,2.901712327164040062e+01,2.984093068581262287e+01,2.942097170973823950e+01,2.989804806822826322e+01,2.913121498186978897e+01,2.992128141827924992e+01
2.979959793633855725e+01,2.854036579102762516e+01,2.847893104835907252e+01,2.964304962313082115e+01,2.811002643701641546e+01,2.977804526812440145e+01,2.888264727145292454e+01,2.907863093260897358e+01,2.910238472567539247e+01,2.830106204496138389e+01,2.948068011155561408e+01,2.844983595970859369e+01,2.878302916901003528e+01,2.930243119735808932e+01,2.914110656079981254e+01,2.829290060690294695e+01,2.952707564872190460e+01,2.954425047421523232e+01,2.932000315194198947e+01,2.931467331424306622e+01,3.004080955015740528e+01,2.912599830845562110e+01,2.977989510289773989e+01,2.904017532691631232e+01
2.939535673660736848e+01,2.895715672422880971e+01,2.940593244536029260e+01,2.934234575081183038e+01,2.977207409770937829e+01,2.829956248277687791e+01,2.940692743117188002e+01,2.877179746681247252e+01,2.915523281653372578e+01,2.885820924284649891e+01,2.900644055959082834e+01,2.877974793010019994e+01,3.036452190124583694e+01,2.974354365986442872e+01,2.958248227202761882e+01,2.842508034894154889e+01,2.946437111467008663e+01,2.899347059468055932e+01,2.924813626044550574e+01,2.976910943257098552e+01,2.921133627941156874e+01,2.888580614485181286e+01,3.008607677002731862e+01,2.953164061316891775e+01
2.999844957670734402e+01,2.848365444790744050e+01,2.975884247130323956e+01,2.900772492307885386e+01,2.946109873230676612e+01,2.829778515665458372e+01,2.928830472325188339e+01,2.886539303366362219e+01,3.004055007581331438e+01,2.907507749392999585e+01,2.913702209700051071e+01,3.010863325095641585e+01,3.015962261428768443e+01,2.939219350402981945e+01,3.015461765007086115e+01,2.909990555279074442e+01,3.017775850121546455e+01,2.926671514187705725e+01,2.954169959068912021e+01,2.877751953777720928e+01,3.102034220958267952e+01,3.027958666979270674e+01,3.081477950323403547e+01,3.028536567384463751e+01
2.930842323978515651e+01,2.975422479480215543e+01,2.829486800895330134e+01,3.049105631222192869e+01,2.952816634672382179e+01,2.990782955014896061e+01,2.916879048711399491e+01,2.873338372324496959e+01,2.845065122579171657e+01,2.994217375750264409e+01,2.919042598663185117e+01,3.015574210756830098e+01,2.944549674331472033e+01,3.001304788367139054e+01,2.915118093129683530e+01,3.043472054255374815e+01,2.912993435118374919e+01,3.024331431095163225e+01,2.958327492983374896e+01,3.010216460104521730e+01,2.917222949653853448e+01,3.058230736857012744e+01,3.094207941796440764e+01,3.170124492229444968e+01
2.967861670962048493e+01,2.895992497717048764e+01,2.881538377446139521e+01,2.845277830029209554e+01,2.885387215940244232e+01,2.944744390856340033e+01,2.958411429807085824e+01,2.953838615053018657e+01,2.888895113439298257e+01,2.847607301411164826e+01,2.831283757369720888e+01,2.897427576909046820e+01,2.991529285006271266e+01,2.870717666364754450e+01,2.888515545982704680e+01,2.830576578259615417e+01,2.958584966334831279e+01,2.856411955482690246e+01,2.880496932786820707e+01,2.924456883496276305e+01,2.991609793536696316e+01,2.916603181773444931e+01,3.047498573300634916e+01,3.031477357544741835e+01
2.864323094069021636e+01,2.883511273127913910e+01,2.895046732059455508e+01,3.010599499537147494e+01,2.930112856777247998e+01,2.833296513165464603e+01,2.895588037154249150e+01,2.898987079267192257e+01,2.877802526973550812e+01,2.891184565744180190e+01,2.890458338878488576e+01,2.911360284827361511e+01,2.986496745769994732e+01,2.905314948589756341e+01,3.040782598124684455e+01,2.919089309279252120e+01,2.880974369043099159e+01,2.882077200911948012e+01,2.929174964503482670e+01,2.857368244885248032e+01,2.943258070163022921e+01,2.866247804349757189e+01,3.020014568653311926e+01,2.977931578300899673e+01
2.968668162392822296e+01,2.925879541200572476e+01,3.007022844482747814e+01,2.921037009281661767e+01,3.055162145833037357e+01,2.833026457548970711e+01,2.887484551306295089e+01,2.901983457792658783e+01,2.981018143446999602e+01,2.839509108111246860e+01,2.917863129119768928e+01,2.925004271871233641e+01,2.944309872707719933e+01,2.932224725581653502e+01,3.024875162318124922e+01,2.869185077421775532e+01,2.919083884446587263e+01,3.013812327825775128e+01,3.016640249074157509e+01,2.837666398413040270e+01,2.967858946212010096e+01,2.971171310627607909e+01,3.016986575544160587e+01,2.924846201877460317e+01
2.869045530033764635e+01,3.041866322358652042e+01,2.885376983408281149e+01,2.974305594182419554e+01,2.891956343801683715e+01,3.069021090908177030e+01,2.809262933762340708e+01,3.075038173584482593e+01,2.859321250694137007e+01,2.850569908052199253e+01,2.929742690485011281e+01,3.006180532074455414e+01,2.917264878193304867e+01,3.026357935448089620e+01,2.973672649495409814e+01,2.950357846712216769e+01,2.875345117931925643e+01,3.001225661013143053e+01,2.994367602138243001e+01,3.028311578238225366e+01,2.971281608174905386e+01,3.102268768656404063e+01,3.092984713703043553e+01,3.114477302690391980e+01
2.838013747805013054e+01,2.901622861029807154e+01,2.916729128538094074e+01,2.814703497854475245e+01,2.856059731920782951e+01,2.920325857142586301e+01,2.902168454248402440e+01,3.002906521757694236e+01,2.825106459525790115e+01,2.841948841808562065e+01,2.881415318616370769e+01,2.921672316476559672e+01,2.918722838433563993e+01,2.912033123478079233e+01,2.905270438932444677e+01,2.941916685318977898e+01,2.914197460073785351e+01,2.905000313148065061e+01,2.906002985731259969e+01,2.832364010624695538e+01,2.909279457324601026e+01,2.937909272723499043e+01,2.839426599086056058e+01,2.868788454724102621e+01
2.996525130006813242e+01,2.963488234035776259e+01,2.815338331344463541e+01,2.885949234941074337e+01,2.930268940962747592e+01,2.993898073672954752e+01,2.925998702781737393e+01,2.782321210696341041e+01,2.901829519561431425e+01,2.918003872767963003e+01,2.938290033394747525e+01,2.843077961066137505e+01,2.931692308814962189e+01,2.956015237386515082e+01,2.904551387407042284e+01,2.847393670415203815e+01,2.854868306783822618e+01,2.834556356352942430e+01,2.872032159716411570e+01,2.970748309403370513e+01,2.920529867334101937e+01,2.956286430547282862e+01,2.967876262408907451e+01,2.951923455127393936e+01
3.073772074318435443e+01,2.889567525725959740e+01,2.917051253327667837e+01,2.891309101269547455e+01,2.971392620023539166e+01,2.795476608515588168e+01,2.973788789397769960e+01,2.802110896868947520e+01,3.024589054731336546e+01,2.869856894150223070e+01,2.965460288429562752e+01,2.918906182196565169e+01,3.040282274970053322e+01,2.970474470484515450e+01,3.069266778119902028e+01,2.931325227313175219e+01,3.017173165165627324e+01,2.986866431634609853e+01,2.920221028972366639e+01,3.034471359740581420e+01,3.061761831417641133e+01,2.974870360035043859e+01,3.084512187995386512e+01,2.890460554183363229e+01
2.917291131712215702e+01,3.073658899496524555e+01,2.810602664645807636e+01,2.997820958496248522e+01,2.953738598287390005e+01,2.950789425282044931e+01,2.907456365853181524e+01,2.925186517931285834e+01,2.876667467151730762e+01,3.026377269623583288e+01,2.955522405790219409e+01,2.879495432734313454e+01,2.999112623562950830e+01,3.096113360413437476e+01,3.024708341946450219e+01,3.002466239151323180e+01,2.938040866319636280e+01,3.041418673589521404e+01,2.999543540041895540e+01,3.027103841412946394e+01,3.026837585717015600e+01,3.020164565023361547e+01,2.922989607025772330e+01,3.107833067504873270e+01
