2.412839782323811733e+01,2.347366379902848621e+01,2.369065776855660488e+01,2.357612773156273533e+01,2.229093831495771383e+01,2.443059543423709101e+01,2.299365401067893799e+01,2.328683471934090221e+01,2.402260330618366879e+01,2.361523773285279049e+01,2.387196425911162123e+01,2.323841039538763198e+01,2.460285543629925087e+01,2.331640109744910205e+01,2.398524133485113907e+01,2.284028304909884355e+01,2.337795788927843432e+01,2.434430677243994978e+01,2.405063762481285039e+01,2.565830902747626396e+01,2.521392959002082534e+01,2.426784906696781263e+01,2.392212842076122570e+01,2.496741234611113214e+01
2.419143259162410686e+01,2.320480664392789549e+01,2.349081853333080971e+01,2.275770445839668810e+01,2.433450141959417579e+01,2.408937616480505994e+01,2.427057280508233816e+01,2.288397850903237440e+01,2.301402191794903729e+01,2.166370018556568766e+01,2.315022750212972369e+01,2.294974085419363519e+01,2.466497229800199875e+01,2.261945672113216688e+01,2.369350628324815489e+01,2.302625823095388569e+01,2.377674275286244665e+01,2.305453639226448104e+01,2.348546057537276965e+01,2.365087575523818941e+01,2.592569009529324831e+01,2.592651531268103327e+01,2.474150258280286607e+01,2.407825522890760794e+01
2.152035568122954601e+01,2.348865606338944190e+01,2.311132623927738905e+01,2.245413991245567331e+01,2.343916789577838244e+01,2.443770628417831858e+01,2.292665708362159194e+01,2.304855985402639362e+01,2.358911787459993548e+01,2.385592300100864804e+01,2.323006261392748684e+01,2.347182578311168299e+01,2.331739607987265117e+01,2.354648208078788230e+01,2.318515073328393328e+01,2.256277914214246039e+01,2.379548051230028705e+01,2.334670204270474869e+01,2.504253086719836574e+01,2.413671392588338449e+01,2.475099858480257353e+01,2.313343235825902866e+01,2.370230793830222638e+01,2.540629507675447485e+01
2.399812951108964398e+01,2.234901491935892182e+01,2.473260983561726789e+01,2.268875416663610167e+01,2.435795119647553975e+01,2.302688770977204058e+01,2.445977790552319675e+01,2.473157961243998670e+01,2.391920852308368239e+01,2.267739285955246942e+01,2.329996904894551335e+01,2.327555018011076982e+01,2.409511450948917854e+01,2.409598948883905223e+01,2.357780125388291026e+01,2.375214822572240791e+01,2.352373401976603873e+01,2.332169549006960096e+01,2.352325023130782711e+01,2.371895319861033613e+01,2.459719060304234972e+01,2.367925360475851448e+01,2.356062889874522170e+01,2.385401787497079340e+01
2.411290239343486519e+01,2.355168225070917742e+01,2.441361077029597482e+01,2.433092265625231221e+01,2.408547459376831057e+01,2.440561122824777840e+01,2.481249819826820158e+01,2.389834502264801586e+01,2.362057386141316329e+01,2.506525335847499036e+01,2.382398601585350661e+01,2.466995279418694054e+01,2.470813907242126106e+01,2.420235627553228142e+01,2.440187250858690504e+01,2.467082386844975872e+01,2.348472372742264724e+01,2.372591514981638738e+01,2.311887722717222005e+01,2.353003285556957280e+01,2.280921752820472648e+01,2.386799256433835126e+01,2.441152830126532081e+01,2.319687746910472015e+01
2.462602602908037852e+01,2.394570700310129041e+01,2.464241014957053721e+01,2.488992633371844931e+01,2.569165088228982086e+01,2.402920477742640060e+01,2.377679817094099235e+01,2.444593748365645069e+01,2.409207792173452845e+01,2.487699957170406151e+01,2.438359725614901663e+01,2.395876641733377710e+01,2.360644753011735020e+01,2.321174706485135175e+01,2.400722636979384106e+01,2.337497030547109489e+01,2.353958696593639388e+01,2.388303164658611877e+01,2.338094424072176025e+01,2.315037101617184589e+01,2.342299647182255740e+01,2.411190289849548662e+01,2.260406403692235244e+01,2.328023916921466707e+01
2.463706293822190219e+01,2.470778510017220242e+01,2.509340957609572342e+01,2.621862582556798316e+01,2.478690341847641321e+01,2.526547886944882748e+01,2.475935180060571383e+01,2.504146446867201803e+01,2.497508570765950253e+01,2.538388347052500649e+01,2.474827442718429893e+01,2.457534631824211147e+01,2.496725204801390419e+01,2.481791983533179291e+01,2.468672532358277749e+01,2.447851091239004973e+01,2.452919102255208372e+01,2.396033946883272847e+01,2.465458308708991808e+01,2.460476485015766457e+01,2.428943728264596302e+01,2.448940985654235192e+01,2.344652574558006108e+01,2.453102732133055497e+01
2.498891253050175010e+01,2.417793449747898649e+01,2.464631666601150073e+01,2.448336605817189593e+01,2.508874314189250754e+01,2.479014490636717483e+01,2.571727907323776208e+01,2.592121336569579171e+01,2.554193950405732494e+01,2.386207024971429291e+01,2.516012442048958064e+01,2.529633787164783598e+01,2.549564584483562157e+01,2.437545119810971528e+01,2.480331511319735682e+01,2.531846105520594392e+01,2.512166326389876758e+01,2.450933759083341101e+01,2.406838081304471189e+01,2.514830020479928407e+01,2.464981361241990498e+01,2.424482041115965103e+01,2.488825324844236775e+01,2.451532689233027895e+01
2.512600849179739271e+01,2.334821867723582045e+01,2.475538366059288364e+01,2.434278157140732901e+01,2.526377319049947801e+01,2.458796735319225490e+01,2.487584506610426160e+01,2.513752371834101496e+01,2.526076134745557056e+01,2.442912088441880769e+01,2.543060683539454203e+01,2.443824162672882494e+01,2.447917519190986013e+01,2.573776915514878283e+01,2.562814832412584565e+01,2.514369107958015093e+01,2.530764570512104683e+01,2.569691910511079413e+01,2.505143953557620762e+01,2.492123286138075855e+01,2.575367316530076778e+01,2.541765162655758559e+01,2.445176386003447533e+01,2.392938344677907025e+01
2.401995323447886221e+01,2.430480772791082700e+01,2.509213077925357993e+01,2.454098322145392785e+01,2.476575558040565284e+01,2.530025927181702627e+01,2.480588995590744616e+01,2.442351396060092839e+01,2.455838187825105479e+01,2.490843116970222582e+01,2.502039139220727293e+01,2.566020046180534564e+01,2.538418126351956516e+01,2.599833955497166471e+01,2.552209834409461564e+01,2.548431346118394458e+01,2.497273670945867252e+01,2.563222748784494343e+01,2.536134025154058236e+01,2.440027803759284097e+01,2.555967364340511949e+01,2.492340052620204460e+01,2.530027944310268140e+01,2.467835991416308161e+01
2.427416641247157258e+01,2.456065640260982263e+01,2.484615821166556771e+01,2.476268305072193243e+01,2.477603905553564800e+01,2.461039011493039652e+01,2.450178813590338223e+01,2.510904467667450035e+01,2.417668807699186573e+01,2.474413711153658824e+01,2.466362756988831961e+01,2.519724582934173895e+01,2.506487296572584000e+01,2.490074218471221457e+01,2.511719924090868972e+01,2.529905629070316309e+01,2.483220767755011593e+01,2.481323493351112575e+01,2.409372901217307117e+01,2.495701093546597349e+01,2.528007263183729947e+01,2.617766788866737215e+01,2.506623789018362913e+01,2.587013664545463598e+01
2.322992650288404093e+01,2.334135573227416671e+01,2.423658404064326533e+01,2.357185946384009867e+01,2.534591834317683379e+01,2.424729007523421842e+01,2.464240213125549417e+01,2.392229401103958253e+01,2.415838666243553234e+01,2.381584450548245968e+01,2.465815768778162465e+01,2.361969771413140506e+01,2.510053095987944971e+01,2.338541390682280507e+01,2.507106640798741637e+01,2.485554514527603942e+01,2.540938220287802096e+01,2.464975327142383321e+01,2.611020338136597729e+01,2.571722538109878542e+01,2.556277061240768944e+01,2.588663390120501617e+01,2.544922010261404921e+01,2.549299585787275646e+01
2.445895853665922459e+01,2.478103642457762135e+01,2.400766560817010031e+01,2.448906434843524949e+01,2.462758940392939166e+01,2.367209125841179684e+01,2.425301775419228534e+01,2.453660521009766171e+01,2.451946214622313391e+01,2.493771961411630400e+01,2.476198944842360561e+01,2.432422269533248027e+01,2.385949623066431968e+01,2.423298935717224367e+01,2.479436980768906551e+01,2.467018834483025103e+01,2.472326349748072971e+01,2.493375736545345944e+01,2.595298810737227768e+01,2.565454143263139031e+01,2.526063882777128811e+01,2.455389090891469550e+01,2.512592744752089402e+01,2.485058700159987666e+01
2.433504846032070645e+01,2.395717805191850402e+01,2.406954681176057420e+01,2.311625981076434755e+01,2.483980139958788413e+01,2.497462752047573531e+01,2.411827073217563111e+01,2.396022916576941952e+01,2.422530454497120900e+01,2.453331299555401301e+01,2.422107272692699098e+01,2.469548149293689221e+01,2.497761312102295506e+01,2.462603334544610334e+01,2.439549022330498929e+01,2.404687050460245246e+01,2.465468304327748683e+01,2.508203087561730626e+01,2.497727808605026212e+01,2.405085155246382556e+01,2.561724383729631427e+01,2.500528080106823836e+01,2.526989768395412739e+01,2.504802569989533367e+01
2.434899002652173294e+01,2.363705044459965166e+01,2.397876034674953871e+01,2.387513370475988950e+01,2.452587619754694970e+01,2.350077426590695495e+01,2.416874855009643852e+01,2.441377294953690580e+01,2.388377472084226838e+01,2.411275771573724569e+01,2.454528697812378368e+01,2.437998209417185080e+01,2.369670446049946122e+01,2.406062906539398227e+01,2.422989709876344477e+01,2.405712653075289609e+01,2.480602685863971146e+01,2.432989179725046824e+01,2.487787591474705096e+01,2.521481792749773376e+01,2.472727482265827348e+01,2.544801771050566686e+01,2.432905380304788423e+01,2.493453781805101244e+01
2.408895713795277516e+01,2.373650674269708816e+01,2.416609638556599293e+01,2.398027596420701002e+01,2.469505746444110628e+01,2.449852656025245778e+01,2.420892922871706787e+01,2.370472184877081645e+01,2.476503602157976047e+01,2.354008745205533160e+01,2.519511035912933039e+01,2.435105773315729039e+01,2.411391620650687173e+01,2.354648346581046781e+01,2.431458689185575395e+01,2.479112539893338862e+01,2.329861467511830142e+01,2.430812676555069629e+01,2.512277503818444302e+01,2.436065414034851528e+01,2.597582711527638821e+01,2.542701787163730387e+01,2.572640297357781947e+01,2.557484923220800965e+01
2.493279757191430690e+01,2.331320674172042118e+01,2.424531650766920166e+01,2.378415965362688667e+01,2.506116782715196223e+01,2.369297741851067940e+01,2.418701842014087333e+01,2.388002635660251372e+01,2.413017923170843915e+01,2.471104747613384234e+01,2.418517055959512163e+01,2.459844212098852267e+01,2.399869550461676226e+01,2.475944670217143084e+01,2.403668551343099580e+01,2.490690563050179662e+01,2.381157270641040213e+01,2.385326748148963816e+01,2.465326760415791796e+01,2.383938744808131105e+01,2.486336998129803533e+01,2.398613263254839012e+01,2.484923074425773848e+01,2.476555345029316868e+01
2.392903478379963644e+01,2.357518956351697170e+01,2.471324430461874044e+01,2.410615174438783015e+01,2.475575422447099072e+01,2.381747438669594885e+01,2.401926459079112419e+01,2.387496989083143717e+01,2.368816988562576853e+01,2.450436071226414469e+01,2.387488438060540830e+01,2.366363519172716678e+01,2.383444392397427691e+01,2.413057263750152970e+01,2.402084806795880922e+01,2.377676590251286370e+01,2.422714182646183190e+01,2.344306742179088587e+01,2.409832931142153711e+01,2.456508919729071749e+01,2.497827226713491200e+01,2.540552148573897284e+01,2.438982614850425534e+01,2.582270311993215728e+01
2.356421546330756200e+01,2.405215592326180740e+01,2.432340622833214638e+01,2.322995001784113356e+01,2.451328703723351055e+01,2.476463543352889474e+01,2.368229266735295369e+01,2.426861231073257841e+01,2.416116780698780531e+01,2.437788692360339837e+01,2.522826588762222855e+01,2.475455998854226891e+01,2.445551868466844780e+01,2.378850539116700702e+01,2.424882510676411584e+01,2.410623695196170502e+01,2.390144166940945070e+01,2.491665478579824367e+01,2.460846141766938899e+01,2.456291110247644838e+01,2.488708500344785080e+01,2.597609147445155031e+01,2.527049047650012881e+01,2.514254489148618177e+01
2.422452485673835554e+01,2.391145082069368755e+01,2.494061542208538640e+01,2.286924135092374399e+01,2.454729224708643187e+01,2.492885301275936172e+01,2.418549750750116800e+01,2.331221747639210662e+01,2.437198519591584045e+01,2.415724322179949013e+01,2.388857725283236277e+01,2.439953535166540632e+01,2.477345705055614644e+01,2.470796846358950916e+01,2.486415693277916716e+01,2.516635934888438442e+01,2.351628140309321680e+01,2.451138414599228099e+01,2.411233383091706628e+01,2.564924779153869849e+01,2.454879933806887493e+01,2.539348704816472946e+01,2.548104356323500497e+01,2.551753312385648087e+01
2.332931503158022224e+01,2.388268561837878678e+01,2.403656313690265733e+01,2.355956277609550398e+01,2.375191980518212631e+01,2.384870847492072699e+01,2.429223419474311640e+01,2.346533740786173894e+01,2.389498168834836633e+01,2.398221228213225231e+01,2.425751440150287408e+01,2.430946909698258196e+01,2.301734557252240165e+01,2.360123346809740497e+01,2.422989709876344477e+01,2.426768445218868919e+01,2.429174897827516588e+01,2.469190329990749433e+01,2.530552130334604044e+01,2.636479688754212702e+01,2.683728184175413389e+01,2.598185389365528408e+01,2.578334050741858618e+01,2.527393621869271101e+01
2.485944012613271070e+01,2.428068508272184545e+01,2.414314716923354354e+01,2.358497242473919187e+01,2.407996779538689225e+01,2.316309528369231430e+01,2.434631121022931666e+01,2.411858043448040689e+01,2.442227705789377978e+01,2.435962357010299684e+01,2.441396343433598304e+01,2.369626059763078274e+01,2.440169894501644876e+01,2.400194018810316265e+01,2.376199426909920476e+01,2.350885710490803149e+01,2.345906329450366457e+01,2.372979971430635260e+01,2.536226305582067653e+01,2.457135163827626911e+01,2.575060193432778988e+01,2.585159338842657917e+01,2.586144769283959022e+01,2.605637710434461951e+01
2.422934998850229249e+01,2.376479701260768707e+01,2.409628242186056468e+01,2.339387236113378776e+01,2.445361527875144247e+01,2.430437126627856514e+01,2.367601940069880584e+01,2.463498569140222116e+01,2.368398432650019458e+01,2.424897027483029888e+01,2.470679960150732768e+01,2.367089166661617128e+01,2.377726124770157412e+01,2.379836693967519068e+01,2.341659657864130395e+01,2.398932005638295095e+01,2.505630982133777707e+01,2.401614619768758985e+01,2.587068572699826063e+01,2.481224162811321321e+01,2.723229319514558711e+01,2.600343764356136944e+01,2.618787135011319833e+01,2.681567162877246346e+01
2.273897847044031550e+01,2.434229705990884440e+01,2.454392163632508073e+01,2.360863976161357414e+01,2.506683746871675567e+01,2.299238463030275170e+01,2.513526785009020159e+01,2.399676074947296911e+01,2.394386962233812710e+01,2.443615116586573777e+01,2.486316713281900093e+01,2.429315331418780488e+01,2.497041109939311809e+01,2.464557577918344577e+01,2.443369093631844180e+01,2.438527508068295901e+01,2.535472949846581514e+01,2.403219225408207649e+01,2.673214185137402410e+01,2.528742139524359800e+01,2.624284799718111572e+01,2.694032701778223782e+01,2.701742858629273769e+01,2.833977587258152653e+01
2.302846914955460988e+01,2.382226642393072780e+01,2.453900918948272647e+01,2.381616022619090245e+01,2.384588573717689997e+01,2.354708336027391624e+01,2.453457546182414717e+01,2.344352604916292648e+01,2.451291118011096160e+01,2.380347409943880166e+01,2.515322217293260110e+01,2.373346310717761298e+01,2.404340944649237599e+01,2.427456235109781346e+01,2.423144358688455213e+01,2.442863092136838077e+01,2.423115501925053650e+01,2.393809891039046533e+01,2.548798944526635069e+01,2.510868013106983199e+01,2.648619499775071517e+01,2.833065563642912821e+01,2.940122548869061347e+01,2.927658846791189262e+01
2.407678652878104231e+01,2.370270787827530512e+01,2.356911568962351566e+01,2.402480076594991942e+01,2.405422998482572439e+01,2.349389855843327268e+01,2.379153877476841217e+01,2.391093439639678309e+01,2.474804190931047287e+01,2.436232107064654429e+01,2.422567262106258568e+01,2.415199458622078055e+01,2.578760601814201436e+01,2.392204737128292891e+01,2.447840974760771360e+01,2.421200481481065481e+01,2.500668660843689395e+01,2.437866460519569500e+01,2.502235088243457994e+01,2.566585639975636468e+01,2.783296760512195078e+01,2.773764987266912385e+01,2.974279785576834456e+01,2.900181622418443794e+01
2.353725603079459461e+01,2.319503994764039589e+01,2.429872858296369031e+01,2.393876433650063973e+01,2.491839691481129648e+01,2.555774168684513370e+01,2.414483847948253015e+01,2.359955950267385560e+01,2.524514178858720470e+01,2.506094266747356869e+01,2.526757637579794391e+01,2.469968404068941936e+01,2.458132690713335933e+01,2.419673445571305592e+01,2.554806665193905246e+01,2.406557505414031084e+01,2.565004375382972057e+01,2.523571214249483319e+01,2.978365905405127023e+01,3.017418227295291899e+01,2.979412205996436569e+01,2.939222025670125049e+01,3.109760356523031533e+01,2.984381858309677682e+01
2.389265177480086777e+01,2.450496318942191465e+01,2.562548920498795724e+01,2.523167555025969477e+01,2.356472185814362774e+01,2.421975704123104833e+01,2.426350413338008138e+01,2.543350853720187388e+01,2.428902131149590105e+01,2.482399897752713969e+01,2.401119121877468388e+01,2.479635079241813855e+01,2.538475269383508248e+01,2.443547105528944030e+01,2.501322172258676346e+01,2.441429085331725446e+01,2.611022381510764490e+01,2.700912119162995850e+01,3.067170258313683462e+01,3.045776536112038002e+01,3.103719610966879827e+01,3.024524956760114947e+01,3.121722003551690250e+01,3.166017093682091854e+01
2.275615353221326131e+01,2.341761057744298569e+01,2.458437212026314000e+01,2.400464590261083231e+01,2.379318238522597539e+01,2.387204832880581762e+01,2.459836062510913735e+01,2.383012646084199559e+01,2.390048904599802881e+01,2.413382453016879481e+01,2.463468647313527526e+01,2.449351484734535234e+01,2.627708909743330423e+01,2.551819413289814520e+01,2.803013784561477451e+01,2.937158477722442740e+01,2.983030250766921654e+01,2.963069989781121194e+01,3.073394228381619087e+01,3.014078376985617069e+01,2.912754335697843544e+01,2.829890018268054064e+01,2.774493557577159208e+01,2.718109347870813508e+01
2.368062723128542757e+01,2.398457455426495244e+01,2.439661377083524485e+01,2.469072974105523599e+01,2.452371829714383011e+01,2.413989323127060516e+01,2.455039486472526278e+01,2.395896210008163507e+01,2.361650314101956383e+01,2.283478335096907585e+01,2.511882066918519740e+01,2.620745007085645284e+01,2.520889197734453546e+01,2.687214956725756565e+01,2.670973031838207135e+01,2.796078089420939250e+01,2.859355177969820261e+01,2.945422369005700602e+01,2.813332139801639187e+01,2.764238217693917932e+01,2.781075671567299423e+01,2.666222732445504562e+01,2.744129137344816627e+01,2.675343612163015905e+01
2.534155949472290104e+01,2.406801147063993085e+01,2.584423011793705882e+01,2.391770391777356508e+01,2.382758057080025083e+01,2.417678724647248600e+01,2.333477131976820829e+01,2.541304652279114862e+01,2.532818292801681537e+01,2.448626455533656099e+01,2.489233272296507948e+01,2.573706021231299701e+01,2.580626630663635979e+01,2.580559025297787912e+01,2.676502220983780944e+01,2.652402574136408475e+01,2.691617434573061018e+01,2.711480456881503187e+01,2.642751281955304421e+01,2.681783219356492509e+01,2.734603083576843119e+01,2.682731056329612329e+01,2.734171352846436776e+01,2.664246499629308573e+01
2.603724356894491621e+01,2.500871835903899409e+01,2.520702138001161074e+01,2.509281328372213693e+01,2.563819244159003574e+01,2.635323525231848407e+01,2.637583345911957622e+01,2.570239542311054493e+01,2.416710998390368559e+01,2.462709874054780812e+01,2.536144367266484778e+01,2.594805126006053797e+01,2.510326071621904021e+01,2.694793956238163446e+01,2.518991765800319627e+01,2.562237981795635733e+01,2.624134770467787803e+01,2.645061964345785555e+01,2.673673429679911351e+01,2.732384857970646408e+01,2.651215386523557527e+01,2.649098545143777983e+01,2.773620647697680397e+01,2.726935460654431154e+01
