2.880323296251049214e+01,2.857256570627930614e+01,3.001284851866580539e+01,2.875269998079812694e+01,2.897782638328982330e+01,2.897305405081090157e+01,2.922292961903156083e+01,2.822468611655529003e+01,2.940411782777840699e+01,2.914200306442927513e+01,2.880618685994500083e+01,2.940332601246575450e+01,2.904285198795258793e+01,2.902772085167725891e+01,2.955726605662670181e+01,2.859221379465731161e+01,2.879923403464147214e+01,2.919467855259716771e+01,2.948082142031535113e+01,3.051689224247252241e+01,2.882940263048618590e+01,2.950392289362349629e+01,2.937220137516936802e+01,2.886615131551963032e+01
3.007152615756604064e+01,2.832071624712921221e+01,2.838572136897022347e+01,2.845341258511473370e+01,2.861683232566724655e+01,2.796055302562189127e+01,2.708426787523143275e+01,2.828920859126384357e+01,2.901245922981797776e+01,2.974371210758380357e+01,2.833729021866389530e+01,2.864763771458325436e+01,2.871223641010925576e+01,2.763778007413753812e+01,2.927367552663531569e+01,2.891702473674996554e+01,2.833466270646556495e+01,2.794127166979973254e+01,2.873270703801125592e+01,2.854882776441337455e+01,3.009175745605818975e+01,3.020757312855783994e+01,2.877938529197655271e+01,2.968028864086352314e+01
2.688656888816660739e+01,2.786225767736658554e+01,2.801376298254001540e+01,2.865704753932300264e+01,2.862800433480674656e+01,2.789151890617034724e+01,2.779402681468826586e+01,2.842927750530532194e+01,2.816429599616270707e+01,2.936125630451908819e+01,2.939956371505599009e+01,2.809346534424150832e+01,2.783313263133226201e+01,2.855343113533683663e+01,2.748876396543198553e+01,2.859892380418074254e+01,2.834153385811805492e+01,2.843300126670084182e+01,2.790401564471699203e+01,2.922909556706122203e+01,2.872961435775300743e+01,2.820738108197923566e+01,2.778903985466905624e+01,2.939707611699947165e+01
2.811332836782497679e+01,2.851159177615903673e+01,2.824793554124136108e+01,2.932915602927084819e+01,2.894651236568347485e+01,2.793384391290328495e+01,2.937442598360979673e+01,2.887087657266386032e+01,2.813197962410686159e+01,2.824808266476304652e+01,2.851192107343507587e+01,2.736421815892521181e+01,2.960859388097554756e+01,2.793019369724930812e+01,2.955253654533720464e+01,2.821957456321382551e+01,2.932760777720295664e+01,2.864144436089202372e+01,2.962313534359407186e+01,2.952436340220003785e+01,2.802234468054308536e+01,2.811264297264489187e+01,2.885628205078791098e+01,2.815174554520115180e+01
2.890771121572555558e+01,2.892018900987307006e+01,2.903747535631453047e+01,2.819483685142245122e+01,2.862426902481632851e+01,2.882196598340721039e+01,2.804186005162796391e+01,2.954583226633013737e+01,2.874679296578358390e+01,2.779339356133152705e+01,2.895312648175524828e+01,2.948845465873762350e+01,2.921953677088436052e+01,2.919832298497925649e+01,2.851543336587479871e+01,2.871264002292463147e+01,2.899904320444045425e+01,2.897273962355615140e+01,2.929557217891027676e+01,2.963853789859376775e+01,2.853936834610743745e+01,2.930709651458658982e+01,2.770678087532166955e+01,2.900301474664092893e+01
2.859737020117489692e+01,2.911561347816638090e+01,2.936804241087975242e+01,2.943406871274578407e+01,2.782246675731289542e+01,2.828663254823021589e+01,2.913233171064422322e+01,2.924666239613719654e+01,2.856218874142678033e+01,2.883934915496746498e+01,2.839996783802587288e+01,2.824639304263320128e+01,2.930563041053812867e+01,2.846462590702259376e+01,2.879131175605050430e+01,2.881783387442214917e+01,2.911167177037776810e+01,2.824765266289796273e+01,2.959192318754509188e+01,2.815338893696207379e+01,2.777363438422258923e+01,2.776092755463668027e+01,2.858791509099796713e+01,2.726545531866537431e+01
2.775057168877020786e+01,2.902554219462336960e+01,2.815489627736144485e+01,2.832449644300550062e+01,2.742047853778984745e+01,2.837792370794886665e+01,2.814788924785466406e+01,2.869752006888541018e+01,2.871464513357392434e+01,2.845472980682427533e+01,2.828433230564655787e+01,2.873343611394244590e+01,2.831343254790357378e+01,2.931460281135764490e+01,2.802975390182456294e+01,2.862566842425354707e+01,2.808082456964774565e+01,2.852802075500665069e+01,2.895379253338495573e+01,2.955994054623278089e+01,2.769938214677239330e+01,2.896999390347207282e+01,2.774446474055861245e+01,2.772750806013658575e+01
2.776252033319303791e+01,2.726438600325906236e+01,2.740519078805965592e+01,2.774356339836856478e+01,2.935605313936605398e+01,2.877154490214036286e+01,2.917073166400115269e+01,2.760249122891110574e+01,2.786626458147719632e+01,2.905419555016112554e+01,2.893382808831842112e+01,2.773400113470921724e+01,2.853753239117878593e+01,2.826186917794791498e+01,2.929878083545833078e+01,2.882469842868044907e+01,2.926864526641759312e+01,2.876815852377200144e+01,3.028015103745900660e+01,2.871437941220710854e+01,2.776114960867977288e+01,2.880697079290405327e+01,2.922688989590943720e+01,2.819386556406834643e+01
2.922745225682962200e+01,2.963479966429360957e+01,2.875960034386832831e+01,2.939925306063776134e+01,2.919578619209261205e+01,2.880628341086679711e+01,2.805016944161388892e+01,2.857946518605353958e+01,2.875981929345493882e+01,2.908608325783603732e+01,2.924048416679914908e+01,2.852757188893468765e+01,2.914621973434805113e+01,2.859913324943596535e+01,2.840441455612074151e+01,2.888215803705003282e+01,2.911609744943109490e+01,2.856698969775197838e+01,2.941003885324295197e+01,2.903931210375270666e+01,2.854615473565098682e+01,2.814912455736532593e+01,2.843550756267597990e+01,2.787446227552146638e+01
2.931355307877157657e+01,2.858862605089063891e+01,2.820740257613203994e+01,2.851922985208778982e+01,2.766669863010145036e+01,2.935723296131556026e+01,2.875867874770807475e+01,2.915514263599510514e+01,2.901467892439495699e+01,2.874576199201237614e+01,2.857387287245950347e+01,2.876696134051292120e+01,2.839307885656359076e+01,2.941335167984163945e+01,2.853294560072953345e+01,2.825841674307446283e+01,2.850908296647088491e+01,2.806680851560679457e+01,2.806071660611888774e+01,2.860766214202004676e+01,2.844692800446239289e+01,2.970716209028063304e+01,2.970863572635067840e+01,2.826590826537585599e+01
2.794375320493531945e+01,2.849794155344920910e+01,2.882669041352539807e+01,2.900704454325278903e+01,2.907359040129085770e+01,2.841222407477158640e+01,2.781034836059927784e+01,2.796272900708459019e+01,2.835426343856619269e+01,2.880894394709446260e+01,2.847395902944555246e+01,2.821330092802162426e+01,2.818045897855949988e+01,2.926250561955680496e+01,2.772337921132509564e+01,2.880771508132153258e+01,2.796135968099741831e+01,2.835977963704846161e+01,2.827793755634428408e+01,2.868373103450682038e+01,2.896519991847748088e+01,2.974843858528743112e+01,2.806496533143223360e+01,2.859924964659597890e+01
2.844563780571297684e+01,2.857609460843139004e+01,2.849407370679864471e+01,2.868352880528675541e+01,2.895580530789317208e+01,2.815770274568365039e+01,2.946522592879136937e+01,2.850285122670533156e+01,2.789069126593989267e+01,2.918536425059892281e+01,2.818177610140440947e+01,2.827810703899422151e+01,2.876385977810002714e+01,2.901751491632450097e+01,2.825636628193728939e+01,2.813915986979901618e+01,2.875825075787281548e+01,2.861915559959186339e+01,2.878602551279152522e+01,2.937603992964716326e+01,2.859881211692555780e+01,2.868428777720157541e+01,2.888819843310238866e+01,2.868526561226752847e+01
2.902748821233961962e+01,2.808523786707775116e+01,2.941766702566440017e+01,2.921569197630554982e+01,2.920869614869451425e+01,2.870845013233218879e+01,2.943031202234277544e+01,2.842950554431331511e+01,2.883082819672250707e+01,2.963978443828324316e+01,2.888150075283277829e+01,2.869309532930031992e+01,2.907741158470417986e+01,2.901244396092397437e+01,2.887222947811955009e+01,2.899402227398940113e+01,2.949197257753269241e+01,2.894662191879120883e+01,2.905307163458172681e+01,2.868611975012726134e+01,2.943327132929994150e+01,2.955518021971317921e+01,2.827996609524456062e+01,2.901695618873043259e+01
2.884766466536206053e+01,2.910079950570582241e+01,2.899735328884315777e+01,2.921144000095461024e+01,2.913829146160622940e+01,2.881201652314337025e+01,2.908001389107278101e+01,2.899608070310688390e+01,2.892572371033452328e+01,2.928860425269829193e+01,2.875499833253115867e+01,2.897566901046445764e+01,2.909782080724221487e+01,2.932577886326362204e+01,2.968939924858636914e+01,2.846747247476201892e+01,2.950300390706900089e+01,2.835675527909194216e+01,2.916526862085851235e+01,2.902077964673759425e+01,2.848312533121207935e+01,2.883736622572331498e+01,2.939968367875263766e+01,2.962937242464425935e+01
2.816811668183538586e+01,2.984153128789853326e+01,2.864470280313821604e+01,2.860639304909153680e+01,2.804385147728385164e+01,2.886369154216174593e+01,2.800105146872391515e+01,2.899164680407722017e+01,2.868825671106316122e+01,2.897109888399785405e+01,2.848089361865436331e+01,2.903732099621737461e+01,2.831616488213830962e+01,2.921391014897380956e+01,2.800638809046381539e+01,2.888988177208153729e+01,2.875589903720987195e+01,2.870781073876139544e+01,2.834218826513358636e+01,2.942126182522730460e+01,2.928069045566792283e+01,2.902520114805219009e+01,2.768761793196773624e+01,2.910845769351539047e+01
2.919458467078919739e+01,2.908563838272743851e+01,2.800140180103699095e+01,2.789439846535901779e+01,2.932638528387781207e+01,2.903141699136716625e+01,2.861647822099803307e+01,2.855054463026937128e+01,2.845278166141707743e+01,2.834093674706082311e+01,2.916460708715953842e+01,2.860298610458039548e+01,2.859982200504094862e+01,2.895091788533147792e+01,3.007180323042251757e+01,2.886943177757063950e+01,2.914760990987326750e+01,2.907124647786952210e+01,2.947154872921800006e+01,2.899694880050299162e+01,2.848147590970734200e+01,2.977025109917218515e+01,2.914275618820386171e+01,2.893273848804017234e+01
2.928808449592202123e+01,2.909954576854187280e+01,3.000609006189068850e+01,2.979217435540249426e+01,2.888294847164587509e+01,2.881350694325078621e+01,2.884102367979772907e+01,2.843451525215982656e+01,2.891701590371559405e+01,2.905139425618949645e+01,2.911577485516812658e+01,2.925161814731336563e+01,2.921610832574646111e+01,2.968421044607822523e+01,2.956225379944783072e+01,2.983737981141848650e+01,2.961526245608229146e+01,2.941425759465289502e+01,2.959797190072322337e+01,2.873770439328103521e+01,2.987727385723803764e+01,3.013998715964197572e+01,2.922199221570616601e+01,2.890167855662770080e+01
2.916810150999526741e+01,2.922692323971733686e+01,2.928985626187943581e+01,2.985615163393839566e+01,2.920732455019776808e+01,3.008504690022840578e+01,2.805243048473465706e+01,2.899938834842839697e+01,2.936943085141939491e+01,2.908005169892953745e+01,2.935701506803047778e+01,2.988777003000154764e+01,2.943127556138551881e+01,2.900665421930995080e+01,2.946675305252381349e+01,2.915623868390110829e+01,2.955614171107436050e+01,2.922532537153040266e+01,2.946283002795274797e+01,2.885493366401300364e+01,2.870918123223049179e+01,2.921943271160279210e+01,2.921968488848119705e+01,2.983987223020579904e+01
2.954772612810319288e+01,2.985083431996065428e+01,2.770246474608444487e+01,2.947047706219467500e+01,2.855113214314019388e+01,2.903803380730164463e+01,2.856952582873111623e+01,2.901170211454103764e+01,2.882493098090571948e+01,2.941786718654338983e+01,2.901328383995911508e+01,2.910783002644694761e+01,2.886794637244059913e+01,2.925437663614769690e+01,2.933182468167399293e+01,2.924812375904372175e+01,2.989107428147019618e+01,2.927894156611523613e+01,2.959561719929217816e+01,2.877699773144416895e+01,2.924668924357035849e+01,2.832251479908376268e+01,3.004679250316434036e+01,2.948034491259545575e+01
2.974291866245545179e+01,2.929378396295425091e+01,2.951290442473424491e+01,2.975010544081720809e+01,2.994442795540538782e+01,2.915139728754871840e+01,2.962583005562134986e+01,2.903460123749317745e+01,2.908875040343747287e+01,2.929200491424387565e+01,2.982125488888755172e+01,2.922677412699988508e+01,2.862841754220261237e+01,2.915363204892639715e+01,2.951952815800569851e+01,2.975549344857478218e+01,2.792536887765146503e+01,2.966901692624486486e+01,2.955035729841114289e+01,2.912118318230494651e+01,2.984332234476693202e+01,2.871684097592543594e+01,3.071127468203991384e+01,2.888420438871531815e+01
3.052229681926797866e+01,3.068474428091298023e+01,3.036687843625111327e+01,3.103648404399376659e+01,3.135539338500763051e+01,3.198690671868564550e+01,3.259284969053823033e+01,3.219423757528215901e+01,3.233090970519674556e+01,3.227615891155630834e+01,3.203135024168813061e+01,3.032916721650900627e+01,3.124842307497448246e+01,2.959889064051708374e+01,3.157773506142331144e+01,3.104682185762408153e+01,3.025971600712614418e+01,2.973894733376170052e+01,2.958088851483637427e+01,2.921232581251967986e+01,2.995765393666999898e+01,2.972542741248480525e+01,3.019706329265210343e+01,2.945211474213448355e+01
2.938719767672398575e+01,3.001771546937862922e+01,2.985115462228441174e+01,3.024536467735117640e+01,3.210115997243940456e+01,3.230823825864695209e+01,3.168941225068067524e+01,3.202108011852601521e+01,3.303389584275680591e+01,3.302473757554565736e+01,3.157008147074094495e+01,3.112383825365839130e+01,3.192268622220382213e+01,3.160342233429213366e+01,3.258412009531213016e+01,3.370079992236719590e+01,2.951452995840560334e+01,2.985389621858507780e+01,2.958141378036179958e+01,2.924472916183395910e+01,2.914324252222832001e+01,2.950161621789311539e+01,2.965805378673837822e+01,2.977730576398613493e+01
2.893254517549780758e+01,3.052160810603641039e+01,2.885851458879761822e+01,2.957147751098341359e+01,3.110745580195981574e+01,3.153279537297476054e+01,3.221084331967699654e+01,3.244568555040200408e+01,3.242336154799272663e+01,3.281597232225192329e+01,3.177766224008303197e+01,3.234450660137150635e+01,3.182035734001897254e+01,3.155701260511068540e+01,3.281321332421873649e+01,3.226541815841738980e+01,2.957812168701877908e+01,3.038007977245922575e+01,2.952824306817626621e+01,2.981888068559277372e+01,2.999889592479723888e+01,2.942419390630232101e+01,2.861468444541145573e+01,2.952688717859058443e+01
2.956487247761396020e+01,2.844036488529224016e+01,3.000673819330836523e+01,2.935133277285149234e+01,3.000019288116129701e+01,3.026694282098077338e+01,2.964032686343290379e+01,3.072939872887400270e+01,3.167053718611225577e+01,3.016379910316311452e+01,3.116892928509076910e+01,3.186339080094518295e+01,3.233062706749302606e+01,3.123166362238811189e+01,3.287309630261722759e+01,3.223012099716709145e+01,2.995980427648061095e+01,2.963911730872263206e+01,3.010635907622582863e+01,2.967344455145496340e+01,2.929649469736483525e+01,3.009509277746570888e+01,2.934259252131749918e+01,2.816345543491712533e+01
2.908036125571084085e+01,2.826319000975047402e+01,2.995779558599969050e+01,2.873285391557658386e+01,2.963852028197072741e+01,2.905582054447501150e+01,2.936510401888574506e+01,2.946105238771866652e+01,3.069416212968940272e+01,2.955475188847071877e+01,3.057238869329802355e+01,2.892659818128612415e+01,3.165495047687625174e+01,3.093894926701432269e+01,3.250056616895727757e+01,3.090748676945889883e+01,3.150777371426488571e+01,3.046378945235886704e+01,2.970463541522872220e+01,2.943156149807737165e+01,3.017568961433624963e+01,2.923873939499435437e+01,3.009725116600293404e+01,2.932942347565358432e+01
2.987777959320987975e+01,2.951411770139901591e+01,2.938484931767078479e+01,3.002677234170835163e+01,2.850156524998197938e+01,2.858710733262836357e+01,2.945586799771422193e+01,2.909675342478027460e+01,2.962130881020488005e+01,2.879207418709427202e+01,2.959601818808283724e+01,2.942531332690094814e+01,3.247152060122772355e+01,3.182156535857518520e+01,3.220592808130584217e+01,3.152124877855948171e+01,3.152845502738671257e+01,3.032989258527356924e+01,2.935692728390068851e+01,3.024303754084002094e+01,2.961324730518413162e+01,3.069426978610499646e+01,2.904513852575047395e+01,2.857692940911289270e+01
2.714127217854860419e+01,2.954223633849778707e+01,3.051747644504064283e+01,2.919743384716684886e+01,2.914500037158904888e+01,2.886776470040166487e+01,2.737297570062173691e+01,2.939290753018997293e+01,2.900132037791723860e+01,2.852707396386148275e+01,2.952804409173342037e+01,2.995152849789081984e+01,3.116789381154876537e+01,3.175369985155111863e+01,3.139543816498786555e+01,3.217024357505619037e+01,3.134036460790332512e+01,2.995264838328773749e+01,2.861783603565851308e+01,2.968276667911152344e+01,2.991159537951216407e+01,2.861967100182960166e+01,2.837307523859431058e+01,2.981120035687780501e+01
2.881632965854277018e+01,2.899919926471767440e+01,2.965451083932322263e+01,2.935018367397555039e+01,2.877110942430419982e+01,2.806728189898643677e+01,3.010559854083072651e+01,2.882690224272079149e+01,2.853874293694553899e+01,2.932166773259098136e+01,2.916950986628302189e+01,2.909725718010668061e+01,3.155431668596037298e+01,3.180436389796074081e+01,3.102040859454780275e+01,3.109012541526448103e+01,3.119220251747935890e+01,3.054226593740548878e+01,2.958263362508495220e+01,2.966752037847248857e+01,2.888232681147866288e+01,2.895356649050546594e+01,2.925106777364959498e+01,2.897535995876813786e+01
2.838578255337546352e+01,3.002823141643250437e+01,3.206819482164405599e+01,2.944042539148676951e+01,2.997231507545558316e+01,2.869240317534223550e+01,2.908566771067347645e+01,2.862358409856545904e+01,2.890692130213011524e+01,2.921288547722383555e+01,3.010939521478070446e+01,2.838188232530717414e+01,3.111833437219706866e+01,3.120295552325740118e+01,3.118672439633706972e+01,3.131071042265597271e+01,3.112159615518737610e+01,2.972324692529292633e+01,2.931813044866203199e+01,2.841494547711300811e+01,2.954362555149981517e+01,3.123314429994445618e+01,2.931732423728777803e+01,2.912252502682321165e+01
2.970778564813048206e+01,2.974982919316568086e+01,3.013493259537813174e+01,3.044004567338316747e+01,2.945923466414654968e+01,2.850916425562172662e+01,2.913194691561113814e+01,2.961290916631111259e+01,2.872911691305574777e+01,2.861961492555559516e+01,2.902176813783444231e+01,2.958969795868125630e+01,3.207028165346878268e+01,3.188512442945858538e+01,3.037679780561563803e+01,3.111817014534835835e+01,3.091246952427849237e+01,2.975614417024240765e+01,2.869147396658860316e+01,2.887318445193409389e+01,2.973754970572997536e+01,2.908931371571185309e+01,2.914402989552598910e+01,2.939617358652924395e+01
2.831246861040534668e+01,3.030048618783303027e+01,2.924683749648340836e+01,2.891971143059600990e+01,2.744932129278521415e+01,2.881450654117037402e+01,2.844326871771744436e+01,2.926985122836441633e+01,2.947376418937523113e+01,2.896278860631025509e+01,2.795486618544282464e+01,2.931071425376939033e+01,2.926515386142193620e+01,3.016786519154840107e+01,3.042508687764643582e+01,3.111245670127868834e+01,3.038561961995139882e+01,3.027668918755318828e+01,2.822696229144332847e+01,3.042826521467469547e+01,2.845004573943282367e+01,2.939587101402224789e+01,2.859598772610536344e+01,3.063141328834325350e+01
2.838873112025936507e+01,2.929549781508256956e+01,2.927260351639910141e+01,2.922143718814606927e+01,2.868676725988842691e+01,2.718345491023683280e+01,3.025259522232266818e+01,2.835902979884400565e+01,2.783065605482289584e+01,2.816531174099907275e+01,2.918636360690550191e+01,2.942485744276081050e+01,2.930767445746113253e+01,3.120505599850173439e+01,3.025735216202798483e+01,3.137421720119289148e+01,2.983379024698302828e+01,2.848274283608213864e+01,2.952554174361461037e+01,2.933162266778566618e+01,2.862638691384404410e+01,2.894540378956406812e+01,2.890352456375546808e+01,2.901233272353192660e+01
