2.845327564887634253e+01,3.113561588187428697e+01,2.827308454530100335e+01,3.048360509742468594e+01,2.875843579585477983e+01,2.841813002471224081e+01,2.970670086377106145e+01,2.877791907136241889e+01,2.914048865596248561e+01,3.008916507842531018e+01,2.926355094674380553e+01,2.972602822542381773e+01,2.862580692013523276e+01,3.047793984310038695e+01,2.985316329598623497e+01,3.047466459182805920e+01,3.058586889409099285e+01,2.993155699103562029e+01,2.875846204104908566e+01,2.963068867702725129e+01,2.955106132574184130e+01,2.983207384925879069e+01,2.968901258560902079e+01,2.924090166617020259e+01
2.908401063124648545e+01,2.875674769073594916e+01,3.006553496878569831e+01,2.867102444371420233e+01,2.969749007464997703e+01,2.906112202118521282e+01,2.971778496122107072e+01,2.980329854489326635e+01,2.967521277539208313e+01,2.956930529620967718e+01,2.978838757745853627e+01,2.820324384418603358e+01,3.046190010621660349e+01,2.935421518981701183e+01,2.949921619303000853e+01,2.936950489525202102e+01,3.021414006307480804e+01,3.025136370986558632e+01,2.927625435581501279e+01,2.863288837658086550e+01,3.024547258050148457e+01,3.083646839409192353e+01,2.946108358066226174e+01,2.897312438094303388e+01
2.741627470040128856e+01,2.926155340680708150e+01,2.878672769975167967e+01,2.903591149742135258e+01,2.804861981267475812e+01,2.942640320495542028e+01,2.853769058876912368e+01,2.819426186374948884e+01,2.964597299005180275e+01,2.922904965572962510e+01,2.977337463496320424e+01,2.992591115547401159e+01,2.925311931943031141e+01,2.796885179733516225e+01,2.893451548690882191e+01,2.886114156314999946e+01,2.928452877940799226e+01,2.939334824477344910e+01,2.945440687564877180e+01,2.889599934673100279e+01,2.993032201793442937e+01,3.009515529389040012e+01,2.858128006106085195e+01,3.003295868768668697e+01
3.077319834119299458e+01,2.729131506139117391e+01,2.962142249573798836e+01,2.988125803836419436e+01,2.979274970453741389e+01,2.860889476332755521e+01,3.038412452157564303e+01,2.974157549369704157e+01,2.948596689236916291e+01,2.883653301923891377e+01,2.996229801278968807e+01,2.963899755728488117e+01,2.935824361075236766e+01,2.888738430942504465e+01,3.023671435969799859e+01,2.850852784529780592e+01,2.876768961994184792e+01,2.933647716071823197e+01,3.018089258451880141e+01,3.073453316611983155e+01,2.994332845441113022e+01,3.027729721307395039e+01,2.953392025892281936e+01,2.978419229601740881e+01
2.980859532563380299e+01,2.903633151123739253e+01,2.953633506560180422e+01,2.989285541489670095e+01,2.971637007359902327e+01,3.001540389135323039e+01,2.838355846654945935e+01,2.980487303281535105e+01,2.843295419845907190e+01,2.946720944738365233e+01,2.846478380704098754e+01,2.909548526366103260e+01,2.861064376959905076e+01,2.942974576733911363e+01,2.869554276832872119e+01,2.842062379320879018e+01,2.968255282721798949e+01,2.895375453453317505e+01,2.990137935711248929e+01,2.931961896332114748e+01,2.878668346782609433e+01,2.982298863735167060e+01,3.051562893178692093e+01,2.959549537054425628e+01
2.864994420678698361e+01,2.808815458472645332e+01,2.950407105335062852e+01,2.942435069734739272e+01,2.964048630537291729e+01,2.911679836700557189e+01,3.001491425896671217e+01,2.862133606045983925e+01,2.958266682197285036e+01,2.952220778311300364e+01,2.918097321471572059e+01,2.884977065393292150e+01,2.990284454285381344e+01,2.945229652803953968e+01,2.939638012760508445e+01,2.905181750741263613e+01,3.005383678430450800e+01,2.919691967135003097e+01,2.970546621969100443e+01,2.884126671349372373e+01,3.071421928907091115e+01,2.910861152492850579e+01,2.911667061536439860e+01,2.908566682007602822e+01
2.786917494333988543e+01,2.992389366731941891e+01,2.857012649061857701e+01,3.028449846856909744e+01,2.924549772797303149e+01,2.906864175078823109e+01,2.877448779158657999e+01,2.960008717229715103e+01,2.909880658205230475e+01,2.999104040300596807e+01,2.948586828225398904e+01,2.923560626901178239e+01,2.861809191600764279e+01,2.967365485008059522e+01,2.910477106600944808e+01,2.898764523078961020e+01,2.962909914500158948e+01,3.027468313516504850e+01,2.936384123773240162e+01,2.959270361608736266e+01,2.971497476130190307e+01,2.968317964955235766e+01,2.900425493364838303e+01,2.924212336425972580e+01
2.890860595894889684e+01,2.956408885431238787e+01,2.954493932857110394e+01,2.910555760641432244e+01,2.968510914991270511e+01,3.017640815351154515e+01,2.965310201035850923e+01,2.908566689791769022e+01,3.012547900544853974e+01,2.806974164600507038e+01,2.965158582786818897e+01,2.936487419714467251e+01,2.977059004586226365e+01,2.899097105326046631e+01,3.002340292298998747e+01,2.921448929237681114e+01,3.050476538406417149e+01,2.928802485611043949e+01,3.037185580832391452e+01,2.804479287286898170e+01,2.922552464015512896e+01,3.031125361942872587e+01,2.954088893192931664e+01,2.994950715509111205e+01
2.862014058996226140e+01,2.836060277095032234e+01,2.947352132641026401e+01,3.007570973805707126e+01,2.934584441513584352e+01,2.867262787941018587e+01,2.922381150675454364e+01,2.928777934629459878e+01,2.932653056183517037e+01,2.920064733502363197e+01,2.939874351748369463e+01,2.960956692168741711e+01,3.038854892978258704e+01,2.971911376363999580e+01,2.977576653960778685e+01,2.961841482379520585e+01,2.947177166457487374e+01,2.931342863570279178e+01,2.953304300221691392e+01,2.903751629475857499e+01,2.923550812844536040e+01,2.888282004272508630e+01,2.948299953107101601e+01,2.937513475279826025e+01
2.938259542240706423e+01,2.935066722522492455e+01,2.951754557579806715e+01,2.853374331545927589e+01,3.048055964434524867e+01,2.908223348375656769e+01,2.930536543054654430e+01,2.885096215008638865e+01,2.927656882608158639e+01,2.869506918073511770e+01,3.011058564363980850e+01,2.927220133744617669e+01,2.882941078172933658e+01,2.919249718571296626e+01,2.877648092351614650e+01,2.903187447398380527e+01,2.890101436774034482e+01,2.864656740673029844e+01,2.924137774051439465e+01,2.855132877769648303e+01,3.079712121738594988e+01,2.971000225219893309e+01,2.783022030839316585e+01,2.900824351777265520e+01
2.808276798381967865e+01,2.893312198377071809e+01,2.782845448395408994e+01,2.872023499687247750e+01,2.833406436577604381e+01,2.938046020753398579e+01,2.914257022712496337e+01,2.952657005713047056e+01,2.900681340368169003e+01,2.898798946726685699e+01,2.971711635950032360e+01,2.964613379693798834e+01,2.910766676941938158e+01,2.937128342921545254e+01,2.952009216851439533e+01,2.961577232977879248e+01,2.884889967494450502e+01,2.925450067155168199e+01,2.880101209055703748e+01,2.955877488873261427e+01,3.006501117842634585e+01,2.943140108354970153e+01,3.033656467302665760e+01,2.905184713106012850e+01
2.924881727655082386e+01,2.966847130452390502e+01,2.927647028180075495e+01,2.939513548531255083e+01,2.956051461196125274e+01,2.900587090575135107e+01,2.912952557376564755e+01,2.910824692943253922e+01,2.890224962036376155e+01,2.940692183942019255e+01,2.943692230059224357e+01,2.822502517764957020e+01,2.973499722455881056e+01,2.903607428919451650e+01,2.954926952145450514e+01,2.860776692022898260e+01,2.869235305597220531e+01,2.906760131800291447e+01,2.963814688886299109e+01,2.938751667250221544e+01,2.855050682599176071e+01,2.901834733778446207e+01,2.954136224302709479e+01,2.920859933750296022e+01
2.960414433461443195e+01,2.934231573644450464e+01,2.998587206055032084e+01,2.969383088030934914e+01,2.900728750466788597e+01,2.968980564540078149e+01,2.927660764074289546e+01,2.870381169354925532e+01,2.941255680959386609e+01,2.996597540861341713e+01,2.899625268939729494e+01,3.054825423399785223e+01,2.919255999079604180e+01,2.901014799132320832e+01,2.894186166128184823e+01,2.862307150875415118e+01,2.902711032484910447e+01,2.985125757805263902e+01,2.897793081692378792e+01,2.899929521840221014e+01,2.904998231965396371e+01,2.867108635012112927e+01,2.920635072389285369e+01,3.037964720223590120e+01
2.959855142020245466e+01,2.912764461102040059e+01,2.870638487185777876e+01,2.933050250124483682e+01,2.952949879033280922e+01,2.886659050187392950e+01,2.904773683763460213e+01,2.832923354061028931e+01,2.972986229626474142e+01,2.945250851451709195e+01,2.871225400325346300e+01,2.896285204397304369e+01,2.937844679565318984e+01,2.866923601684845835e+01,2.910609580392974749e+01,2.888912503954969679e+01,3.019327577083294045e+01,2.936111162959508647e+01,2.832332249962627202e+01,2.884633019901366424e+01,2.935852374979060642e+01,2.865144151762410729e+01,2.964575155514256721e+01,2.915502710184500756e+01
2.927035425302028671e+01,2.967307309431174644e+01,2.937011840076303315e+01,2.976747616626403214e+01,2.949227507572686591e+01,2.965582164356248995e+01,2.917141036155135225e+01,2.953395452056236081e+01,2.912334993114836834e+01,2.929117539573275053e+01,2.782314895795008169e+01,2.857852359900391548e+01,2.916360140008669077e+01,2.926800249310116442e+01,2.902714252864944910e+01,2.876646636549713776e+01,2.972978008033908282e+01,2.971790264150757821e+01,2.891374857478285776e+01,2.966963558796561529e+01,2.942378961398185311e+01,3.005885307850087429e+01,2.875469877154091591e+01,2.914161875865755746e+01
2.932282495271078915e+01,2.948915427993063076e+01,2.949754254889626282e+01,2.869280931514077793e+01,2.884223652158226514e+01,2.859831686951167740e+01,2.931201939314325955e+01,2.999035061749583519e+01,2.858387616526084685e+01,2.867898024567983839e+01,2.952988530822278790e+01,2.950737000659177056e+01,3.015970513018777410e+01,2.856249875543301187e+01,3.019739450834697436e+01,2.918175069545992528e+01,2.965705507883501468e+01,3.011759432704889150e+01,2.911367988889838898e+01,2.981549275337675908e+01,3.004476980435578071e+01,2.912929532042227265e+01,2.913154766030100973e+01,2.915291004893867921e+01
2.914887948318062172e+01,2.927742969496017622e+01,2.987729648750718070e+01,3.048938870520959199e+01,2.814699167336459595e+01,2.831991577650012459e+01,2.909012549843953366e+01,2.923600725096554243e+01,2.805361565790678924e+01,2.910741974280574595e+01,2.930151510943369431e+01,2.918102779023155335e+01,2.899373616737756265e+01,2.939551346931455100e+01,2.904174064758541363e+01,2.953677567596042763e+01,2.911820706922912905e+01,2.929922583203835984e+01,2.958534141423746178e+01,2.993761106191578847e+01,2.908469095176252495e+01,2.955050520032500572e+01,2.950143350445245005e+01,2.925243952113180512e+01
2.924433507665929710e+01,2.880078274964995444e+01,3.005144118939324471e+01,3.027704805525678466e+01,2.894684491068341003e+01,2.917166013801681856e+01,2.949968449025811879e+01,2.883836208409189794e+01,2.942454511758785429e+01,2.899523771726478572e+01,2.908768228447780757e+01,2.866435349054160042e+01,2.907588634329528077e+01,2.964398555012473935e+01,2.977571526838835325e+01,2.913215277443964624e+01,2.863128065744638207e+01,2.927235504587417836e+01,2.928457358197761096e+01,2.901518197220610773e+01,2.927474356945242562e+01,2.907261941315101694e+01,3.036097921431991153e+01,2.976845736312321833e+01
2.890223764175590304e+01,2.891903744311275659e+01,2.915895540647818507e+01,2.894373997511650032e+01,2.801788662577774858e+01,2.912573816223073209e+01,2.907577512437552514e+01,2.870989381855196143e+01,2.905772093109476373e+01,2.970121745559544024e+01,2.977628515754565797e+01,2.957319711041628807e+01,2.893619695827061378e+01,2.934518856628181993e+01,2.971386478577591106e+01,3.014632892614281445e+01,2.950797460557345175e+01,2.888247083324648656e+01,2.921111907433100896e+01,2.887058932009739465e+01,2.972707195541329384e+01,2.970113356187482623e+01,2.935379801844834446e+01,2.989886029670816470e+01
2.964058397075575613e+01,2.929920755176050307e+01,2.916959560071813939e+01,2.930357295382179927e+01,2.918550516673832362e+01,2.881937589054905402e+01,2.858872908997523155e+01,2.892094382921294482e+01,2.919760788469653789e+01,2.842138369878017556e+01,2.986376316807843523e+01,2.879386241050377748e+01,2.944032626296018407e+01,2.931566049037434141e+01,2.939275589820562118e+01,2.900377124907288362e+01,2.870419190371904961e+01,2.914017358662653123e+01,2.857544921438977781e+01,2.972151395838773169e+01,2.915085835129190173e+01,3.029934784919328195e+01,2.958672011165043614e+01,3.052481876983819120e+01
2.829103794883900491e+01,3.019388187741355978e+01,2.948632485888623478e+01,2.917913545945521037e+01,2.944148408815721041e+01,2.968204863643182989e+01,2.929780248578936153e+01,3.002641674090392598e+01,2.745024528106660000e+01,2.887932583920598972e+01,2.834816607336955485e+01,2.936455851595263766e+01,2.900265200423405076e+01,3.003021369626708292e+01,3.018599337568781493e+01,2.919538164972590266e+01,2.975049165792296435e+01,2.911063619572593097e+01,2.954325127781817173e+01,2.921851765022586278e+01,2.939771761142429796e+01,3.043317529395466181e+01,2.984474759471657990e+01,2.949174483975599514e+01
2.869864422222451594e+01,2.903420353015189903e+01,2.949801483466433183e+01,2.922465115732933327e+01,2.967674595662344927e+01,2.907738736292026260e+01,2.913622952656822918e+01,2.952205592517469768e+01,2.923241651217784920e+01,2.925733080289438703e+01,2.891084466231370698e+01,2.933388472824003657e+01,2.942559437618308493e+01,2.895210636533818160e+01,3.032455708003084283e+01,2.965530942144346227e+01,2.936849391439125156e+01,2.920980240150458940e+01,2.966732033505542176e+01,3.033473239224116469e+01,2.999393155568429847e+01,2.929315104739754361e+01,3.053656008557970836e+01,3.013942712813269509e+01
2.864296764752907620e+01,2.940097128811714811e+01,2.906270671202491940e+01,2.929604356032263013e+01,2.934700011214687265e+01,2.894177344693633813e+01,2.953788832347237303e+01,2.931189431654740929e+01,2.850563290343615108e+01,3.003667660436883580e+01,3.006953486708403034e+01,3.001370429238181714e+01,2.953372677244783517e+01,2.980948661679326506e+01,2.866383590599787112e+01,2.952001914520621995e+01,2.936516974372005961e+01,2.899535150876209855e+01,2.924829396266335380e+01,2.992986753914323117e+01,2.965057294288504863e+01,2.928129434191777136e+01,3.033022993546029511e+01,3.056027504305581033e+01
2.984702290616070286e+01,2.860186954829094930e+01,2.919094764351439153e+01,2.999010045766038957e+01,2.905703373886871077e+01,2.848864931561098501e+01,2.925566246022060568e+01,2.861430525597143060e+01,2.799986938886559074e+01,2.860355758695499162e+01,2.927018613109737544e+01,2.969369251824355160e+01,2.952673639472629930e+01,2.867173459488896015e+01,2.922889343219810598e+01,2.894632381772390772e+01,2.991545937287946799e+01,3.030016760871302495e+01,2.877367072957076743e+01,2.980566519322604790e+01,3.053309813785784854e+01,3.064308365402933987e+01,3.158988829639918094e+01,3.083439604480031448e+01
2.956307464230667392e+01,2.907043298003776499e+01,2.989651893834218299e+01,2.953492224090388163e+01,2.948632485888623478e+01,2.879689555329366613e+01,2.891745479297401289e+01,2.889423256306275789e+01,2.841237913662894243e+01,2.927690675727882308e+01,3.015365677474443373e+01,3.011116744302148618e+01,2.928007469864650147e+01,2.965370383651804786e+01,2.964251080241552927e+01,2.960323533689415854e+01,3.016673791754129752e+01,2.951400376408611237e+01,2.958679491543489348e+01,2.914838868073729827e+01,3.034508604655979980e+01,3.125582522113995765e+01,3.035892269886090844e+01,3.002542881857289103e+01
3.006348025534816770e+01,2.850032399048586740e+01,2.803721376989119562e+01,2.879645323578660054e+01,2.901524754504578141e+01,2.840103605938668352e+01,2.941162278664057794e+01,2.923631361679952079e+01,2.977566665290243009e+01,2.915474261646096465e+01,2.880854443063304871e+01,2.934910928487198589e+01,2.994746802658869456e+01,2.964713761218041554e+01,2.943444794231123751e+01,2.924732159382557484e+01,2.889132269737427805e+01,2.940832437062886129e+01,2.991942393388796972e+01,3.008397135512331033e+01,3.007812740834742726e+01,2.966166459557217649e+01,3.086603187381513180e+01,3.022785509319805897e+01
2.888754621866837624e+01,2.916383202160960764e+01,2.932109172346503101e+01,2.932362077250633092e+01,2.803624573354511540e+01,2.961959968734885251e+01,2.914737984903524648e+01,2.873239838040154837e+01,2.950638735639131482e+01,3.018966367274765616e+01,2.998393323045502257e+01,2.878653456595105808e+01,2.840959811797529255e+01,2.831038635492961930e+01,2.885569767545786135e+01,2.822815474668635716e+01,2.944393323009711594e+01,2.930496957748431441e+01,3.005075076250739130e+01,3.039524487559947374e+01,3.014634501852691528e+01,2.961633631909825226e+01,3.025155285658013327e+01,3.036929429117316204e+01
2.953490523820869385e+01,2.916080862453048894e+01,2.983634659779403364e+01,2.856096943849712488e+01,2.862036695732757607e+01,2.958354907947739321e+01,2.917666479624381282e+01,2.851698087876599175e+01,2.906955263671329703e+01,2.914080589591645776e+01,2.863838710777378083e+01,2.883116003542431827e+01,2.907726294943540779e+01,2.940798288675694039e+01,2.833557616614285735e+01,2.919670469860113826e+01,2.959570591961846731e+01,3.026302781588231028e+01,2.946177141786364473e+01,3.016122864677726056e+01,2.961769683123031882e+01,2.950863377547426580e+01,3.000494823533665567e+01,2.976552342672482609e+01
2.922993525929206271e+01,2.915608680115855122e+01,3.038416189816592805e+01,2.915404054156874736e+01,2.802150340711290255e+01,2.931242109881782198e+01,2.890423422416785115e+01,2.872560183978322357e+01,2.931418304360437332e+01,2.910332025880319406e+01,2.831135410661590868e+01,2.950082048824941694e+01,2.926013318819758524e+01,2.977737148352508711e+01,2.874032711539683760e+01,2.990347501098278826e+01,2.940610633883238734e+01,2.990764090264752895e+01,2.992356052533318689e+01,2.961512475080434115e+01,2.999442450283385142e+01,2.989825733882986469e+01,2.977207617960158359e+01,2.837604502062896472e+01
3.083470729900045626e+01,2.927223996520592664e+01,2.988283042058549199e+01,2.962709288156224829e+01,2.920741333928356198e+01,2.896637164775796691e+01,2.916466236290915504e+01,2.851090973247539750e+01,2.892287057662611005e+01,2.808105382522580840e+01,2.928703112966798017e+01,2.928034343415981766e+01,2.922103155907950622e+01,3.000866893437313365e+01,2.933727423712957716e+01,2.912684265297497177e+01,2.923898223965358056e+01,2.881222866269894212e+01,2.942772596959827069e+01,2.958351893281445655e+01,2.910940110239459955e+01,2.922747448144491500e+01,3.087142230986933100e+01,3.025315547189768495e+01
2.955754130304836735e+01,2.853873211137840826e+01,2.905064233488820946e+01,2.881812284308529115e+01,2.843373254078170476e+01,2.877674201815580091e+01,2.851875661334514689e+01,2.880094378883404715e+01,2.862948658162014226e+01,2.966571922705651332e+01,2.933106747501483369e+01,2.930029158147573298e+01,3.008323026359607866e+01,2.920035223237658784e+01,2.890922715470782123e+01,2.942683556657453892e+01,2.856736462094721674e+01,2.977331617522776241e+01,2.929746928338448697e+01,2.938961216614302430e+01,2.915677628703957680e+01,3.010353577022993932e+01,2.836556862065799578e+01,3.070667810471144321e+01
2.853121621635273186e+01,2.796117730387214806e+01,2.926523163150312712e+01,2.912567311926915181e+01,2.967676283274454363e+01,2.915154202710999698e+01,2.942756275463420934e+01,2.890564297524400672e+01,2.823604546751198541e+01,2.885817570435852986e+01,2.967241888318454812e+01,2.951578769412606107e+01,2.927486941650369090e+01,2.919096357467958569e+01,2.994192254902236527e+01,2.927005978871335401e+01,2.907280709556903275e+01,3.028830067158367001e+01,2.967978885026775515e+01,3.080010761943105990e+01,2.903347124753537400e+01,2.984432453930969587e+01,2.865059061989563816e+01,2.878724809419799158e+01
