2.308231053442386838e+01,2.415585421573445046e+01,2.539865264971837178e+01,2.501143899571718521e+01,2.495728149346058444e+01,2.359752429853426747e+01,2.458738017971421641e+01,2.416242166977974648e+01,2.418054327163952166e+01,2.516002266607449656e+01,2.471941090441356437e+01,2.477562281427321977e+01,2.476409768122914556e+01,2.484891306442256109e+01,2.505675089359203866e+01,2.438690099304079695e+01,2.561128530191689379e+01,2.520556499081982338e+01,2.514212574860755467e+01,2.560300994031223354e+01,2.584269778923146532e+01,2.564333917242748839e+01,2.583150861697544087e+01,2.614191885373639934e+01
2.542017981504710633e+01,2.522022068126341310e+01,2.414708310915159473e+01,2.365980316447041787e+01,2.423693281144437606e+01,2.350260323695709985e+01,2.396412806114597061e+01,2.488972180807496670e+01,2.410647601061958767e+01,2.367253676843034782e+01,2.376755504782363460e+01,2.400292479725811745e+01,2.289156814153386676e+01,2.431229670028847067e+01,2.343002720697677432e+01,2.385867428148202407e+01,2.439606919844004551e+01,2.412068172143295897e+01,2.500759473614908757e+01,2.539362786620301904e+01,2.445741579122022813e+01,2.585580309718250192e+01,2.465510035112788501e+01,2.714861546196124209e+01
2.457574134948879419e+01,2.466007646193753544e+01,2.474499568696887764e+01,2.505486838358734758e+01,2.452548704648381772e+01,2.618730192860999750e+01,2.353876618023264200e+01,2.454523014859267960e+01,2.440908702406386510e+01,2.360633490729236428e+01,2.361924142926011427e+01,2.387079368598114115e+01,2.286532358560498324e+01,2.332020174361650788e+01,2.378331007801779151e+01,2.441917385267794316e+01,2.332889910333619810e+01,2.267414958424251381e+01,2.393382969099235424e+01,2.302387050242185751e+01,2.469442243775824863e+01,2.490695599148148176e+01,2.480297023827296243e+01,2.511473917124232003e+01
2.516356044174619910e+01,2.425274940718281869e+01,2.536449754553979119e+01,2.426792176096677167e+01,2.497958544230357347e+01,2.364387419546937963e+01,2.528883281708090180e+01,2.511855817469751173e+01,2.388770660290413161e+01,2.433241620213516399e+01,2.411093024249606742e+01,2.366626955531245358e+01,2.367672485059495102e+01,2.388241079019326207e+01,2.499859925140589212e+01,2.373250640755270524e+01,2.412733262956038516e+01,2.433759960867439531e+01,2.327954960109730109e+01,2.475280913737418587e+01,2.433931948720822902e+01,2.561227910822049125e+01,2.442187548216014648e+01,2.517394307965031430e+01
2.449936459227734531e+01,2.442138648142213242e+01,2.524373544394916280e+01,2.516144698253759771e+01,2.595821711590826908e+01,2.542647039117747454e+01,2.499718168362829829e+01,2.508232242085097141e+01,2.498087507231645077e+01,2.507423835866552508e+01,2.518250898185834785e+01,2.429054679757445001e+01,2.509246051406495326e+01,2.498139234198538361e+01,2.383258272132064803e+01,2.335428349634025835e+01,2.465266911999862032e+01,2.334330801525908328e+01,2.330868433708218390e+01,2.373333858042036582e+01,2.361960546987052112e+01,2.323026530306992754e+01,2.415789909857460316e+01,2.426294982016003132e+01
2.454715561816027503e+01,2.708912054825594851e+01,2.569384555999005215e+01,2.591936113544375075e+01,2.525443686644058516e+01,2.441499296487705806e+01,2.599518091857021318e+01,2.543128561716150671e+01,2.565399300524927639e+01,2.584031021017585772e+01,2.477285743024583553e+01,2.583879898405677977e+01,2.399783316457404680e+01,2.379206205683436792e+01,2.382804258073258552e+01,2.528065630215905912e+01,2.315929210519522030e+01,2.350153863196970860e+01,2.397392729744569806e+01,2.394149418770683724e+01,2.361920919137185138e+01,2.308334801158486016e+01,2.408583508738917089e+01,2.454596342072733250e+01
2.456028043104868175e+01,2.599628385844033573e+01,2.654128957779204256e+01,2.472248147165225873e+01,2.537339579061557515e+01,2.565385379907735341e+01,2.514103375943540186e+01,2.600428703423477828e+01,2.629763901828903272e+01,2.614622882517454627e+01,2.513131745659501348e+01,2.515203312969100580e+01,2.553374227960500775e+01,2.521024435343520054e+01,2.597949631787975022e+01,2.578508541402379706e+01,2.453948326812610503e+01,2.529403248879316379e+01,2.522905350755780773e+01,2.442978182543311050e+01,2.467750553778762423e+01,2.508809983964704315e+01,2.569219234220798853e+01,2.494075624261444091e+01
2.582449569501926590e+01,2.543540778214907050e+01,2.503703752501917279e+01,2.486781577564443069e+01,2.467783417810676383e+01,2.556573692712947832e+01,2.591179774624367838e+01,2.592579906465982731e+01,2.629789092364990211e+01,2.499335754006335719e+01,2.645525767857265009e+01,2.604084004534178121e+01,2.460303434857064531e+01,2.567122229274332312e+01,2.610299876957930110e+01,2.534107290372509169e+01,2.532765493729118589e+01,2.599734195334525566e+01,2.558822559698279520e+01,2.628552935624895781e+01,2.523577421348375083e+01,2.483216717149133501e+01,2.568779521400284693e+01,2.552204373928526593e+01
2.593323615502561097e+01,2.584300353603424583e+01,2.573613127068244921e+01,2.532415259843173772e+01,2.545438664694790987e+01,2.610783420191597770e+01,2.562951964914225300e+01,2.552778065986035472e+01,2.546152277887591708e+01,2.553881087435172503e+01,2.528443772742133433e+01,2.570470394125163693e+01,2.573140003992517677e+01,2.629996564443700890e+01,2.530784276842950931e+01,2.571114214571736056e+01,2.603798615093967328e+01,2.539104592090546930e+01,2.561318417577280115e+01,2.585096412937684818e+01,2.558750512849729830e+01,2.636642307643955974e+01,2.522919104808062229e+01,2.590177362277802331e+01
2.526870097903167789e+01,2.593752053071796126e+01,2.468021546703397462e+01,2.433414855828732470e+01,2.515433112927155435e+01,2.475474568711365464e+01,2.573826759285782373e+01,2.534665803628013236e+01,2.583945035134610180e+01,2.582337193546828757e+01,2.610913671310521522e+01,2.586648967449838210e+01,2.508516791238542964e+01,2.671571854517469546e+01,2.590777570199873026e+01,2.672044224793330613e+01,2.501337743747711784e+01,2.532649204324314951e+01,2.575081498561513627e+01,2.585671473645743390e+01,2.631296235396501970e+01,2.640833107971383242e+01,2.512092803882063663e+01,2.602791149726238018e+01
2.465787781601738970e+01,2.351244354219875277e+01,2.503044900213808432e+01,2.515385185175404104e+01,2.553639265978108597e+01,2.424859317369214295e+01,2.470594094249946693e+01,2.479788180307610901e+01,2.438183351092828843e+01,2.478278321619933422e+01,2.556653355509939729e+01,2.524133720040458684e+01,2.596063155115984955e+01,2.511932295027293094e+01,2.601013297749449293e+01,2.466413738888581975e+01,2.573710884204592730e+01,2.485620390128156032e+01,2.518330333464678006e+01,2.570237885799110700e+01,2.674560050517447962e+01,2.566657723671602298e+01,2.638954751989240322e+01,2.683489054382050654e+01
2.341511107382854107e+01,2.474203819588348097e+01,2.442855817115037098e+01,2.530782183031658406e+01,2.498551990132665424e+01,2.537310369062601012e+01,2.539267747233037653e+01,2.502939604383271899e+01,2.472397202597306887e+01,2.594366278039348117e+01,2.521777401551145203e+01,2.555057076295071283e+01,2.514737876854405840e+01,2.547128654697434058e+01,2.563061721988947284e+01,2.659545426706768012e+01,2.442167105814900196e+01,2.538001343070226312e+01,2.579665470630902746e+01,2.662965133201544177e+01,2.595294262805998642e+01,2.609795107237374623e+01,2.639663119936528801e+01,2.588618422248271145e+01
2.424680969663785390e+01,2.459021065686602014e+01,2.420076564473095004e+01,2.394346244016213632e+01,2.591786684389109041e+01,2.496948293623393056e+01,2.515932590549869019e+01,2.492781651956335054e+01,2.455526124159973733e+01,2.532769512244897214e+01,2.497255224378534422e+01,2.386089477141177895e+01,2.523830049875351733e+01,2.495355316755080821e+01,2.534339907246993562e+01,2.506265147824660744e+01,2.578137013361316576e+01,2.566194669823062213e+01,2.530657914254823027e+01,2.518988675139945599e+01,2.564434268122704452e+01,2.602093457018901290e+01,2.605274019963593446e+01,2.579769777302760758e+01
2.472663981672275213e+01,2.454027703345792588e+01,2.408404713631875893e+01,2.480576101002571932e+01,2.576989487376090437e+01,2.535651460598569429e+01,2.415109771558581997e+01,2.452243701997531389e+01,2.478520218778214712e+01,2.542284503771099935e+01,2.512249544652928535e+01,2.524982630337439105e+01,2.519936245302056932e+01,2.484672351650328892e+01,2.528535316400677857e+01,2.510032718633374316e+01,2.453420598908934380e+01,2.597314595678176374e+01,2.570645816200737954e+01,2.546302187791917504e+01,2.530420614944853241e+01,2.627123958905281143e+01,2.475437033210715754e+01,2.543861031587306343e+01
2.473207012654614800e+01,2.462312865449376886e+01,2.417022801018174505e+01,2.464082020688340435e+01,2.563320418493748321e+01,2.551163822208519605e+01,2.472768116437868002e+01,2.480407948155703934e+01,2.546613007019493580e+01,2.416148741862235738e+01,2.610185924002956881e+01,2.443314809500247975e+01,2.408159140172841717e+01,2.495746748753691691e+01,2.545439506862408052e+01,2.495585890359370751e+01,2.450482118198647186e+01,2.540829068871090612e+01,2.560704107453608458e+01,2.491330837048906233e+01,2.600213327932226548e+01,2.584460645036904225e+01,2.581696793298112880e+01,2.496885307658180864e+01
2.407698259213970005e+01,2.451860867957856271e+01,2.474657411708454902e+01,2.511163484275203928e+01,2.472222846047662870e+01,2.523785972220736085e+01,2.512347061536399906e+01,2.530489399231981906e+01,2.464103780965388069e+01,2.612573200480920832e+01,2.558107429477502137e+01,2.556816432020343655e+01,2.550415081157245822e+01,2.426885652715952801e+01,2.503737647333264249e+01,2.567212747489503499e+01,2.572211253226510053e+01,2.520002177797522336e+01,2.482936500401359581e+01,2.594277236731903713e+01,2.531462558350722247e+01,2.668731689298641641e+01,2.501805760125631650e+01,2.505030366766902716e+01
2.394023744927676489e+01,2.390252349130690845e+01,2.462889380767694547e+01,2.398967662188505301e+01,2.526601115233609107e+01,2.390704247522489823e+01,2.474327754400746926e+01,2.444260538172665065e+01,2.553181990117673195e+01,2.493210122242658144e+01,2.524227878867122854e+01,2.448526108161973980e+01,2.521198394441591972e+01,2.449267516020768198e+01,2.524683236644330009e+01,2.513345637038173663e+01,2.556026054740794962e+01,2.442082366705307095e+01,2.520716325012563175e+01,2.440793204188798882e+01,2.629142913737064191e+01,2.561195042835669256e+01,2.612484052729587347e+01,2.516670971722152217e+01
2.353301159019605393e+01,2.511594661549992225e+01,2.434151535011346823e+01,2.430221663606386073e+01,2.442589481977142896e+01,2.455950534242271033e+01,2.475124573512221104e+01,2.443224830764859234e+01,2.475796772381858091e+01,2.522304817905671825e+01,2.443322754417738452e+01,2.472227479519153803e+01,2.439042829316355210e+01,2.418634243667389683e+01,2.441234459238040699e+01,2.482763015457192068e+01,2.461875286515436301e+01,2.434231407221921017e+01,2.414620936650072736e+01,2.546302187791917504e+01,2.466900742017747916e+01,2.544214836938800772e+01,2.568248100212520058e+01,2.549371381613445919e+01
2.495385642741689480e+01,2.424583053517210374e+01,2.470600419393633729e+01,2.400274166490748939e+01,2.434957242895848140e+01,2.461578220460415878e+01,2.477503934786938089e+01,2.448429288899382072e+01,2.523817547825871088e+01,2.459589033637132616e+01,2.526536542051138667e+01,2.394088910444645535e+01,2.467147432034653320e+01,2.451641039331394722e+01,2.580541788336768150e+01,2.466691340566734425e+01,2.531971505729899263e+01,2.479190391232145885e+01,2.619548002765691308e+01,2.547450584316425193e+01,2.562641213458846323e+01,2.476921523575202855e+01,2.547429997179114025e+01,2.517806498993985542e+01
2.297757285743347211e+01,2.529425924866359310e+01,2.438182447075217851e+01,2.476559737552855722e+01,2.419685265483946068e+01,2.549441078187373932e+01,2.404487762130048623e+01,2.509944546367779594e+01,2.424385645140529277e+01,2.505676349009917203e+01,2.445365260387256967e+01,2.547715602332152685e+01,2.465008252673590050e+01,2.492286840086541133e+01,2.474731853311288887e+01,2.555297574745992506e+01,2.477642608195748153e+01,2.524443917593390552e+01,2.520496751975434790e+01,2.481912094186799322e+01,2.529596176078530334e+01,2.578257085150437433e+01,2.642605818437300513e+01,2.535568809350343145e+01
2.371690221974745327e+01,2.247621873843615958e+01,2.536736516347957604e+01,2.395392539849552804e+01,2.432022953409261845e+01,2.442229547088936670e+01,2.503209874209312602e+01,2.474815147732851983e+01,2.445182440814414804e+01,2.454523167002832906e+01,2.549881551403620961e+01,2.367230403592094490e+01,2.493243776710784232e+01,2.433337557371032744e+01,2.393658281890230910e+01,2.415438007734610437e+01,2.570216383503486668e+01,2.457352025880504698e+01,2.585821607477578254e+01,2.539697477836966755e+01,2.704296463045017163e+01,2.672762755838198245e+01,2.671464536047045613e+01,2.549030509844169501e+01
2.362163148292694359e+01,2.446716636773800246e+01,2.338310365585027739e+01,2.434859575321166858e+01,2.410371532883107193e+01,2.554918934203993786e+01,2.384675305212499552e+01,2.485752581005726825e+01,2.446176442602279621e+01,2.561541699684732976e+01,2.446044647807684669e+01,2.493686362077386320e+01,2.496497627947582032e+01,2.524481773657407757e+01,2.484166772197283990e+01,2.458462539232664312e+01,2.505082313776523506e+01,2.463142359266942094e+01,2.575257371922594984e+01,2.582916150202061090e+01,2.543244551823721622e+01,2.711646721921869130e+01,2.606879403666226835e+01,2.589406976557143025e+01
2.440330800647569731e+01,2.395381173568353006e+01,2.428244375621125073e+01,2.418053769983089296e+01,2.446004454635374259e+01,2.432186142302532517e+01,2.480220650542003114e+01,2.484278603695679521e+01,2.388775444689264305e+01,2.392006566342575979e+01,2.455731871930981924e+01,2.388652643218512139e+01,2.433799659803059967e+01,2.454108265121948307e+01,2.485731606784764836e+01,2.403422666700714672e+01,2.437149690344170949e+01,2.459180666696704520e+01,2.625232722388977891e+01,2.574876537569065249e+01,2.743215949532992681e+01,2.603575726238483412e+01,2.694295275642440401e+01,2.850558104524986902e+01
2.465824182187856195e+01,2.473080094915439986e+01,2.513595170407080559e+01,2.459064877884884481e+01,2.507596868722714589e+01,2.452284572443363686e+01,2.497356201833628120e+01,2.529884287037566537e+01,2.433744840289477906e+01,2.429014535491847937e+01,2.454341636867650323e+01,2.503244466246161437e+01,2.553957427453485707e+01,2.573971236043422550e+01,2.465049594029153468e+01,2.494700310850947744e+01,2.449427885177379949e+01,2.637775473833210071e+01,2.587212223388729626e+01,2.674436301860373533e+01,2.590013599740194650e+01,2.677965167661739088e+01,2.796789548963641892e+01,3.074726944650831229e+01
2.535112776448426075e+01,2.421847491700822275e+01,2.431630069135462691e+01,2.460953117230718590e+01,2.461131059281029820e+01,2.488188856059048248e+01,2.603383066571774407e+01,2.495416609383164541e+01,2.434848570565969794e+01,2.492406433322997827e+01,2.427510082512350209e+01,2.394670051668856559e+01,2.531414520158813275e+01,2.502233294038512668e+01,2.532463215848980553e+01,2.464585074221361083e+01,2.550297947057856618e+01,2.522029787825459834e+01,2.551086542463121987e+01,2.514004811887161850e+01,2.777629999687457030e+01,2.799954371675710263e+01,3.015205303305071993e+01,3.173107447309166673e+01
2.381039569999069272e+01,2.537955062054720656e+01,2.500038402401798976e+01,2.461638814501435490e+01,2.502798658616660532e+01,2.560023004533394442e+01,2.418723450476210246e+01,2.559499049727213560e+01,2.476923692250238673e+01,2.511585421838555021e+01,2.425680706422770072e+01,2.417876727235818635e+01,2.491369236759015848e+01,2.575646850196795867e+01,2.451319835072001752e+01,2.424158649101519813e+01,2.432223119994114313e+01,2.637258559734107166e+01,2.596379580803164799e+01,2.695850415694320645e+01,2.913207837311489357e+01,2.994530179543659187e+01,3.086603487807747115e+01,3.161378432328467625e+01
2.508240211253001917e+01,2.382193895053211463e+01,2.554308845032051067e+01,2.475852866478453507e+01,2.489775703769834081e+01,2.535207879856915270e+01,2.590138953213045170e+01,2.419023199134664992e+01,2.601026048919169398e+01,2.602261873576196649e+01,2.527800186658748771e+01,2.471904592962130209e+01,2.459426336440395744e+01,2.496136263522879517e+01,2.593227045713456391e+01,2.575675680001080536e+01,2.914336675906781693e+01,2.930048991314589557e+01,3.034212361356907195e+01,3.037325996829434871e+01,3.035990571496978419e+01,3.035501385576611710e+01,3.224088559667450227e+01,3.161000603893882044e+01
2.453070646097057761e+01,2.466428101150137309e+01,2.471171232771013138e+01,2.497690910810041487e+01,2.540662104806375510e+01,2.601704446929772985e+01,2.465931738228499626e+01,2.601292685118716008e+01,2.526126798829920972e+01,2.559079581190184172e+01,2.554624528054000621e+01,2.593335494126830554e+01,2.615056671349753969e+01,2.594639884274027963e+01,2.708453882714502470e+01,2.887583907375130821e+01,2.945668890738647860e+01,3.032621905080952729e+01,3.105194297040361562e+01,3.231749230885731095e+01,3.046036091241489885e+01,3.177673892830995328e+01,3.219823391194961459e+01,3.123693120503088494e+01
2.487927707144331180e+01,2.430207910595544263e+01,2.519792286284689453e+01,2.529426491484326789e+01,2.523906634697522122e+01,2.405877887156151473e+01,2.622065528821980251e+01,2.545371166871194646e+01,2.607257479701104330e+01,2.726134059652656561e+01,2.751297298469023644e+01,2.849530992018509323e+01,2.853354829237093782e+01,2.871713374006867525e+01,3.048866277218678533e+01,3.050599422502909874e+01,3.094141080519011666e+01,3.038523632717186729e+01,3.091887240795944081e+01,2.995320969107547171e+01,2.930719822760164561e+01,2.808543647756755490e+01,2.854770632013156728e+01,2.758333511650329228e+01
2.458453974862948144e+01,2.510294820765108170e+01,2.525673829198689191e+01,2.575626559519361081e+01,2.535881273172043393e+01,2.625065488553326531e+01,2.411615554312970744e+01,2.475886474795748882e+01,2.853570708156399860e+01,2.982195392063374584e+01,2.879943235595504802e+01,2.983147077172202444e+01,2.959135530263159808e+01,3.024203128749184089e+01,2.824965702758953512e+01,3.003764646868808086e+01,2.859681592738553491e+01,2.907001820006348680e+01,2.832535874735589232e+01,2.822397784622461359e+01,2.861030643902296333e+01,2.808552015519973111e+01,2.804953310605998240e+01,2.800470175776791848e+01
2.519057522177740793e+01,2.447010010732537921e+01,2.573568138202080036e+01,2.382495187874013709e+01,2.398009159947787339e+01,2.526921253320313099e+01,2.683688533549786825e+01,2.602718688365058597e+01,2.953277247491138269e+01,2.869448448518915029e+01,2.776237916154610730e+01,2.777796068844747879e+01,2.639712257162454989e+01,2.803218113740996387e+01,2.777013953695598047e+01,2.587197850881591421e+01,2.813935681195988536e+01,2.792660418365102259e+01,2.788215155145110202e+01,2.591996830987346812e+01,2.661610621388132358e+01,2.767573889828713618e+01,2.702421521972189566e+01,2.705001458307242501e+01
2.451978644069464508e+01,2.567093438096225100e+01,2.485157887224511342e+01,2.450390186366513490e+01,2.509130497307734231e+01,2.582072994019159751e+01,2.632552216325342442e+01,2.697090909087143018e+01,2.696106404462830142e+01,2.801478448369192620e+01,2.767089340731922675e+01,2.801547758578260527e+01,2.757737498870790205e+01,2.937291974692209351e+01,2.601555907587902539e+01,2.851940675220896537e+01,2.684981191867166217e+01,2.684280108563388012e+01,2.713682328341258199e+01,2.749609742941356672e+01,2.759245423661104724e+01,2.779566015702403092e+01,2.766210813730054952e+01,2.646970055240717556e+01
