3.173111942323669155e+01,2.930115958105074014e+01,2.873388158047708885e+01,2.927472420489760907e+01,2.968282273309205266e+01,2.895321482497740817e+01,2.893978433936894135e+01,2.929140341019717653e+01,2.975614155597435229e+01,3.013773524850557806e+01,2.964892134198430540e+01,2.955332397154950286e+01,2.833936348646892611e+01,2.942834555937355390e+01,2.979080369144423912e+01,2.919749014538706433e+01,2.984990143827008069e+01,3.020417307651473493e+01,3.029469350349415890e+01,2.968067673087489311e+01,2.901825112861246225e+01,2.917144152250460820e+01,3.012306033959009710e+01,3.028790814699999601e+01
3.022111635791117124e+01,3.002359550578040626e+01,2.910787107205806024e+01,3.009692249322978341e+01,2.974555980519937748e+01,3.042421168004415222e+01,2.999311497965231865e+01,2.906638429136694413e+01,3.039550921164379815e+01,2.950824377994013048e+01,2.897307473514183584e+01,2.943454570416440674e+01,2.924589127793973375e+01,2.950489980835436654e+01,2.847275983520131604e+01,3.058121844997958760e+01,2.982856938966801863e+01,2.932193879110928947e+01,2.932480842792449494e+01,3.011970667313505601e+01,2.983598402583493225e+01,3.077685411849938646e+01,2.927077699690687496e+01,2.987836726997664982e+01
3.020901428003060118e+01,2.931027192492206268e+01,2.896950512888986395e+01,2.980002391504336856e+01,2.936258832703640564e+01,2.947468851921627220e+01,2.934887791851190286e+01,2.932026416218479881e+01,2.894647219857347409e+01,3.032619347412975230e+01,2.909257795817597980e+01,2.936226248387828264e+01,2.836984234175895381e+01,2.944798442097919633e+01,2.907531110917727801e+01,2.971906584309778054e+01,2.984667728957344934e+01,2.881549182779150442e+01,2.918232964882980696e+01,3.062766047383234991e+01,3.095699331223386253e+01,2.992420511030474017e+01,2.898544517063197645e+01,3.031479119853560178e+01
3.032239795882981070e+01,2.871903088640351598e+01,3.037343424634804023e+01,2.889599661216061577e+01,2.848513871629722871e+01,2.943651599965852483e+01,3.000312568237552568e+01,2.989160212627825786e+01,2.911960571458371305e+01,2.959621036616709944e+01,2.960646606429190797e+01,2.937624924682779692e+01,2.960440683775902926e+01,3.019995869110346121e+01,3.008467485828111876e+01,3.024967400192031164e+01,2.982954604189660586e+01,3.008127624614218121e+01,3.002223561028972654e+01,2.963848239477289326e+01,2.913621021648822307e+01,2.978786770759222691e+01,2.913288727837834813e+01,2.972577487099050586e+01
3.091636785077594141e+01,2.977563028639315235e+01,3.034826333344045679e+01,2.951268631100498396e+01,2.944364341470975432e+01,2.944582338872794480e+01,3.048676016071044614e+01,2.868843673192486676e+01,3.028368786703930482e+01,2.951531311228967525e+01,3.050366238522059348e+01,2.933414165194579937e+01,3.043705901638270461e+01,2.985304252500878874e+01,2.919535635257398098e+01,2.940496893281283519e+01,2.961939133464164797e+01,2.919414468794474260e+01,2.944935915356177247e+01,2.897593384270425076e+01,3.014215363124600344e+01,3.047849367409770593e+01,3.024526021571267620e+01,3.006713006464991622e+01
3.032184152593293902e+01,2.940297995196789316e+01,2.955200213604575765e+01,3.000067351191398757e+01,2.948406225319672558e+01,2.925723060261788078e+01,2.986310474038418761e+01,3.033100148571219279e+01,3.001376390879494238e+01,3.040933148986835022e+01,2.941424992017545037e+01,2.971050295277694886e+01,2.920798009771107218e+01,2.901958759127330723e+01,2.944422059334425512e+01,2.917652220333258128e+01,3.010138273571010359e+01,3.045133028978676748e+01,2.975335897147823516e+01,2.955183793650508051e+01,2.998446969887311297e+01,2.924697733455167281e+01,2.979481312137949089e+01,2.860262534106800558e+01
3.053198761868361544e+01,2.908510834923458788e+01,2.957117807775256324e+01,2.909093744504298229e+01,2.938461270554000748e+01,2.990907331124458324e+01,2.948002024421947453e+01,2.850995360621436703e+01,2.940911371537657715e+01,2.930040863587373678e+01,2.960455106174129014e+01,2.891895641515509396e+01,2.983023015412919676e+01,2.972164830866296370e+01,2.976127868813665600e+01,2.957771171298622903e+01,3.029923086720873471e+01,3.013981521942378095e+01,2.948726312209964817e+01,2.982820867696557343e+01,3.022343079139022848e+01,2.934786781924083243e+01,2.975316122956598974e+01,2.949644354089383569e+01
2.961826046811972901e+01,2.950270705824215156e+01,2.959275708628990742e+01,2.966191835894289852e+01,2.894605356332573365e+01,2.992200354170176979e+01,2.912953635542169195e+01,2.939967504006290255e+01,2.943836087962637293e+01,2.874508573881519169e+01,2.897728464738213461e+01,2.894306416861053322e+01,2.945797230323512395e+01,2.784115177753335502e+01,3.007086203828419002e+01,2.933202022611470738e+01,2.910248488768019115e+01,2.886214369507911215e+01,2.968351199538636820e+01,2.929335077477713867e+01,2.908349240437991057e+01,2.987152071571443912e+01,3.058390674273414334e+01,2.908802231055432230e+01
2.940469317977715491e+01,3.006311617702874628e+01,2.960759477169398224e+01,2.877337940057810783e+01,3.059625882633071114e+01,2.946799428180929681e+01,2.934393587811797488e+01,2.933576684172294335e+01,3.032953600817080542e+01,2.907130089235488413e+01,2.968178550324023490e+01,3.000150486453082976e+01,3.049449954828367026e+01,3.010810951061034757e+01,2.953849718462129204e+01,2.931991034154981435e+01,2.923488439505348424e+01,2.918852862601340803e+01,2.929399826442806898e+01,2.908643331486541683e+01,3.008042839716586059e+01,2.948114244914097526e+01,3.037673007589580720e+01,2.981000201074567713e+01
2.921993579937515051e+01,2.969975449814103285e+01,2.976151128093954412e+01,2.944283316946717832e+01,2.960596882336017188e+01,2.956981759511126029e+01,2.917312929088944884e+01,2.896705280968012630e+01,2.914718751421048637e+01,2.951126679652372786e+01,2.894032432209507988e+01,2.920998587031402849e+01,2.904718730599137189e+01,2.896131902883075782e+01,2.950712963844932801e+01,2.948058244315194543e+01,2.929248381763534326e+01,2.892894485068200083e+01,3.016642123020170629e+01,2.902103607554442988e+01,2.940789729474346359e+01,3.090951308054570745e+01,2.958811031791765345e+01,2.970767269511196673e+01
3.007600108208180245e+01,2.837398470561680597e+01,2.874926854229909168e+01,2.934408101900260135e+01,2.902221130627492585e+01,2.942811542591880425e+01,2.890379721727043716e+01,2.888229686627255433e+01,2.963898518547858885e+01,2.886225600885512677e+01,2.913899663891362479e+01,2.935289530144859782e+01,2.921414701023246607e+01,2.839670116351857132e+01,2.928724955497136762e+01,2.932667962059360889e+01,2.895839918339180485e+01,2.947519722863694369e+01,2.891185321165175992e+01,2.943354412303091294e+01,3.018043116254938241e+01,2.875828226744880567e+01,3.008917330167372484e+01,2.985114657736409072e+01
2.950028541653892944e+01,3.078779254915724550e+01,3.009372580994454438e+01,3.120883070643651536e+01,2.905375157866109248e+01,2.912622410021191399e+01,2.953508345550426384e+01,2.904552192073748529e+01,2.964443652974313181e+01,2.882758197845390669e+01,2.931435722934696742e+01,2.951870774462452118e+01,2.961504931780109473e+01,2.964091928765890316e+01,2.925834771459568628e+01,2.905332276610778308e+01,2.975992452613701289e+01,2.934577121062454808e+01,3.003348393967849006e+01,2.984913006116823908e+01,3.017937215166142551e+01,2.930968700650657865e+01,2.977339387746297916e+01,2.933318364265903710e+01
2.992921928913403917e+01,3.034025116207999417e+01,2.973669245970734210e+01,2.992414616034773189e+01,2.876267991637587329e+01,2.938320231666563132e+01,2.904039944436186715e+01,2.960543306114004736e+01,2.968857263297115878e+01,2.916997205123362846e+01,2.994361975903137818e+01,2.976456083035367328e+01,2.945466480867810333e+01,2.986752341933447497e+01,3.035516870906957365e+01,2.949462347652945482e+01,2.929720606883807932e+01,2.940214566049007772e+01,2.993432438608198254e+01,2.955842618198988703e+01,2.933823985627753927e+01,2.907446281255278109e+01,2.968142632072380138e+01,2.971442030358508646e+01
3.003861230464423215e+01,2.983912393730952317e+01,3.004419279319182579e+01,3.035563634792362109e+01,2.975543992546380423e+01,2.880435637704698593e+01,2.892029806903877898e+01,2.999475849803764049e+01,2.994474874931739805e+01,3.038567399620677634e+01,2.909814971197351952e+01,2.923654483135032933e+01,2.942590388779137811e+01,2.925749730032822526e+01,2.981233073576333936e+01,3.013642647401007935e+01,3.007436778822341239e+01,2.913141073006551096e+01,2.972009378476462871e+01,3.046132379185718264e+01,2.975427947317905364e+01,2.981405463988585325e+01,2.969384780826834458e+01,2.999215004733395062e+01
3.077776932164027812e+01,2.972068976888618863e+01,2.967905774252017181e+01,2.889528302131367354e+01,2.996340575319294430e+01,2.935053880816928995e+01,2.945548291972897914e+01,2.906408608174081110e+01,2.939737737813936747e+01,2.883453334347331065e+01,2.876607086939816327e+01,2.978890914951136892e+01,2.876607086939816327e+01,2.981138943064411251e+01,2.929554196263927679e+01,2.914748890104868906e+01,2.899225989427219474e+01,3.043513727232618749e+01,2.953572458721799876e+01,2.868779283439329220e+01,3.006209124976032854e+01,2.958060863479164482e+01,2.851011157070615809e+01,2.973668118881136024e+01
2.996288647439257602e+01,2.825854464155133883e+01,2.861127246842852401e+01,2.881542510689939718e+01,2.871142420693041686e+01,2.924169737241112443e+01,2.901414146205377165e+01,2.924718599732153734e+01,2.964440545630435508e+01,2.995115626451359958e+01,2.974229593233275182e+01,2.928042849257428770e+01,2.971705046953718465e+01,2.981101687610311046e+01,2.959367139955901393e+01,3.025622271764370907e+01,2.937216728324204951e+01,2.922853212952583135e+01,2.933069588726135635e+01,2.975365804201220499e+01,2.852709550821589346e+01,2.958941203242085294e+01,2.972428089926222583e+01,2.945612970789733254e+01
2.908526421060599887e+01,2.875620714551814672e+01,2.962820495212969263e+01,2.926357761694856663e+01,2.930981172531625134e+01,2.940720551749967626e+01,2.902595135686391359e+01,2.945235122461741639e+01,2.900187539195422914e+01,2.965340544597296457e+01,2.923701335697563763e+01,2.988697192763800103e+01,2.942015783706602861e+01,2.928163040042227294e+01,2.946622587813823202e+01,2.909753154583574997e+01,2.955729593544646150e+01,2.984962747062354538e+01,3.002390308414669562e+01,3.015262230312163183e+01,2.936663014197569055e+01,3.045780337599563836e+01,2.890743509417558244e+01,2.912475366720332204e+01
2.967711029661205657e+01,3.006010834495890549e+01,2.972642656257789895e+01,2.873556886609509320e+01,2.987772564783313101e+01,2.998248188787925983e+01,2.870156684395846014e+01,2.927854487737238287e+01,2.863935967825733542e+01,2.926243894759068098e+01,3.012381538613249177e+01,2.942696503194008528e+01,3.041985095719400078e+01,2.909521022736038276e+01,2.868144491117652706e+01,2.923281087268674128e+01,2.984108840377643901e+01,2.937652948079971793e+01,2.950032428121710382e+01,2.996105404392289984e+01,2.966807415714629315e+01,3.005097154775501167e+01,2.987877871214112702e+01,3.024002566579144968e+01
2.962818021637201582e+01,2.974095187241937310e+01,2.965929122118450323e+01,2.936324857435511149e+01,2.777360807905733964e+01,2.935053880816928995e+01,2.918567910098664697e+01,2.927491440150765811e+01,2.916481885943380803e+01,2.890158066761216560e+01,2.886119644676603002e+01,2.894549631369778808e+01,2.936692958593067715e+01,2.939306198191133035e+01,3.014384014526348210e+01,2.986619895962871851e+01,2.961336833031344895e+01,2.994845362681581946e+01,2.999606995810324861e+01,2.977127157716881811e+01,2.966390159036677687e+01,2.939777293286789472e+01,2.983339923166425933e+01,2.940600680910091569e+01
3.048225953957097545e+01,2.884489605276473867e+01,3.015068559359485789e+01,3.015787943848908981e+01,2.941495167408413636e+01,2.893712327232674397e+01,2.915843462130180797e+01,2.937380477596718720e+01,2.941526604481583718e+01,3.004521696485534221e+01,2.888078294288470715e+01,2.958664524861040945e+01,2.931973161309360876e+01,2.958842830407098745e+01,2.910743612099270194e+01,3.059613044616077104e+01,2.943302353937423277e+01,2.975636882809618555e+01,2.983013704634305441e+01,2.983095201982081335e+01,2.902421681532899811e+01,2.919150802078229390e+01,3.000050409858528155e+01,3.028270819406196779e+01
2.902666205690030665e+01,2.966159871450872743e+01,2.942253396526695042e+01,2.977820338860749416e+01,2.865645446178598377e+01,2.901996092700625240e+01,2.940929927810992695e+01,2.972712022951469635e+01,2.841450164834407133e+01,2.943046516729594941e+01,2.947242050601801111e+01,2.974717956385097750e+01,3.009973918148455141e+01,2.892321209058002296e+01,2.896329605179721511e+01,2.907771136928681699e+01,2.951782648386836172e+01,2.983187940210433453e+01,2.964849351833345281e+01,2.994174217458504472e+01,2.968647470474382999e+01,3.013226729288169281e+01,3.032394157460089446e+01,3.008576818932607466e+01
3.034259211836416625e+01,2.956042307832495908e+01,2.935849332560053426e+01,3.081221113378586551e+01,2.918464884944921778e+01,2.937205048579772892e+01,2.918422735985694771e+01,3.014928421408166059e+01,2.996987530394380883e+01,2.902277629618617993e+01,3.030255485928057624e+01,2.927137827437218220e+01,2.947339290992005090e+01,2.956425537454589403e+01,3.020489459944167265e+01,2.925717318053790450e+01,3.008499182625928370e+01,2.931560989351453372e+01,2.902821663772095917e+01,3.010223491518019046e+01,3.073925535098504724e+01,2.993480947777123902e+01,2.948987411041917994e+01,3.135071664476743081e+01
2.940915081339494463e+01,2.985137427147918743e+01,3.073663226908854540e+01,2.972607211325782828e+01,2.928332306508167449e+01,2.935756490767107607e+01,2.911060442450224173e+01,2.953970936131418057e+01,2.897744676356239779e+01,2.902791101009000840e+01,3.035187161094182784e+01,2.954280775243262269e+01,2.946980823474416411e+01,2.951606081495526723e+01,2.946339521434020980e+01,2.973954324888381962e+01,2.965180505152596879e+01,2.991941263050625821e+01,3.024852926903366779e+01,2.980089099290091781e+01,3.012763936793805897e+01,3.148415672973402479e+01,3.100431021684630650e+01,3.116168127221777695e+01
2.904981860630869051e+01,2.854066392794493368e+01,2.904172206632006237e+01,2.973540567837017079e+01,3.004304218612378463e+01,2.823954105815420235e+01,2.948569730194850536e+01,2.963514922203393098e+01,2.910995194324897284e+01,2.889194496018831160e+01,2.879198940306110899e+01,2.893694994797129993e+01,2.957462636243315046e+01,2.965893366547823007e+01,2.996657438927434214e+01,2.991465076518210253e+01,2.943580804535315565e+01,2.988856913474802468e+01,3.024551463464462131e+01,3.062443278413149983e+01,3.094168686717978289e+01,3.166291442487352015e+01,3.126676616283396015e+01,3.170402093474228877e+01
2.928951429082877667e+01,2.891219953864083436e+01,3.022870543554250844e+01,2.899545467109913943e+01,2.979429709305111373e+01,2.903021733947014127e+01,2.903801109329731389e+01,2.875920440927149002e+01,2.961031093312578832e+01,2.932480287879280922e+01,2.973609305458040808e+01,2.927974667480685866e+01,2.939022686588538136e+01,2.970179378212492338e+01,2.992558462977859790e+01,2.982414491083017083e+01,2.992925439095432694e+01,3.059880249841836530e+01,2.970209028585628630e+01,2.937683232458277871e+01,3.100409329669224689e+01,3.238055398883795988e+01,3.182368807988859771e+01,3.084593307233097903e+01
2.946494935503460511e+01,2.907683407946694842e+01,2.869962518570520160e+01,2.953031509222955719e+01,2.925392567546572309e+01,2.871752575921959760e+01,2.890833828914639980e+01,2.880857065509894710e+01,2.964197577514175919e+01,2.945397770094240286e+01,2.939155318449041943e+01,2.910998081764893186e+01,2.946113383474295233e+01,3.011742826011033003e+01,3.018496637463147181e+01,3.006356903476148545e+01,2.999907458192149079e+01,2.987603297062111096e+01,2.978709329501509728e+01,3.074087840842270225e+01,3.049486423278204938e+01,3.199700071836548432e+01,3.034373944165434978e+01,3.035980712621608291e+01
2.928003875166803027e+01,2.943397971035494720e+01,2.946988065025686865e+01,2.874626085133155584e+01,2.877971771580934046e+01,2.966762383513969326e+01,2.908406713538266786e+01,2.916478740977640882e+01,2.887177876345270988e+01,2.910785346242562355e+01,2.955306468145840881e+01,2.846553588062312201e+01,3.017540026583594681e+01,2.890981508175116232e+01,3.025200508990457138e+01,2.974081456285227887e+01,2.938103841310646658e+01,3.027517702542837696e+01,3.036847597179223612e+01,2.967985112302039852e+01,3.086003974719830012e+01,3.045037104445128762e+01,2.978793564836678343e+01,2.920280011025772637e+01
3.028229061769923192e+01,2.978376613872507050e+01,2.815676346425152587e+01,2.913814452754832018e+01,2.846530687046794128e+01,2.912450917143411289e+01,2.942046268301544387e+01,2.942239665247120683e+01,2.835528255722647373e+01,2.907928941091773822e+01,2.925049312648354771e+01,2.951136647891371467e+01,2.893925936705329605e+01,2.971497222359499801e+01,2.931836415875420698e+01,2.894911912220493377e+01,3.038808606528255041e+01,2.870594791212812424e+01,3.028211017428685636e+01,3.048464143771644785e+01,3.026093945566731236e+01,3.064214636473946030e+01,3.026162376899844730e+01,3.033457749390294111e+01
2.965070342349105204e+01,2.991006664509325219e+01,2.921001949868559677e+01,2.854242466366025610e+01,2.983884599410288274e+01,2.874539495686491364e+01,2.965799093001476194e+01,2.917810440873495281e+01,2.944643387591781902e+01,2.876262859389214555e+01,2.997395709642376005e+01,3.011680948811800818e+01,3.013998730543937654e+01,2.944979898522757367e+01,3.023078281702447612e+01,2.995169520991652234e+01,2.819183857087904244e+01,2.957580793718420864e+01,3.025133864730798905e+01,2.986072942352438986e+01,2.993199259342446794e+01,2.974270816951616325e+01,3.013611634410506213e+01,2.928556283608747890e+01
2.918992561443417344e+01,2.921286827484516380e+01,2.902320908514303710e+01,3.023134211350281930e+01,2.968846037317024411e+01,2.975675250971056585e+01,2.962012711761548189e+01,2.925680850099951158e+01,2.818140405561450734e+01,2.919177985074122716e+01,3.049579227739405951e+01,2.863687238642444299e+01,2.926962740714151323e+01,2.880520910655491207e+01,2.841454253771007643e+01,3.060374139218924938e+01,2.948335136562570824e+01,2.934072195717556042e+01,2.927629852325691218e+01,3.032230819001455302e+01,2.998697685349026187e+01,3.000271295606086142e+01,2.984786824915914849e+01,2.976400358540519164e+01
3.055738425267117009e+01,3.092371116679930765e+01,2.948040074767357055e+01,2.862522691744169379e+01,2.860518218674189939e+01,2.928184594301251309e+01,2.955849827059921608e+01,2.928511376574817859e+01,2.985370632973092597e+01,2.950267924972092715e+01,2.906102068907438252e+01,2.914239235755331947e+01,2.940541651647396293e+01,3.006521542945375813e+01,2.989149235375208491e+01,2.968442550726803120e+01,2.999131574097418707e+01,3.003223798754351037e+01,3.030774148985227612e+01,2.986961585352253223e+01,3.043609270704774872e+01,2.925136742927526257e+01,3.019575283709087898e+01,3.052137723328149832e+01
2.967220284273361131e+01,2.870472162790446191e+01,2.755656791299185215e+01,2.930955517945051270e+01,2.949189359872934801e+01,2.886199663309525931e+01,2.902895340333913055e+01,2.773703312999242598e+01,2.893786795849126747e+01,2.965397425400954035e+01,2.929666880605071810e+01,2.903352466619344341e+01,2.973835663052409473e+01,2.850690564076921873e+01,2.956922683006251873e+01,2.921020447857006275e+01,2.954653337782190192e+01,3.043829178113441003e+01,2.972939577251298715e+01,2.920329698479491753e+01,2.885398147921614509e+01,2.909894335474893978e+01,3.109642847001509836e+01,2.993454521869722385e+01
