2.912033042018481410e+01,2.986405296843958013e+01,3.035695161675772624e+01,3.072474240517533417e+01,2.946673309602255131e+01,2.982224100435729497e+01,2.939453411796199589e+01,3.099854641710157921e+01,2.993056046738553277e+01,2.908057543815698409e+01,3.114137464853018855e+01,3.048272702017271740e+01,2.961498592713724065e+01,3.012705001163635643e+01,3.103758116040506820e+01,3.121715591920656152e+01,3.001722301672776894e+01,3.025733105970743964e+01,2.955790031329780732e+01,3.177741583008599946e+01,3.017056752354733362e+01,3.138585761496631221e+01,2.939587664779543275e+01,3.092705336166483221e+01
3.079448236543760231e+01,2.933538724575748802e+01,3.056797938345732746e+01,3.159377121421925949e+01,2.990283808549349942e+01,2.924058954341512617e+01,2.917890750626293084e+01,3.058659030471687856e+01,3.069157382360185693e+01,3.032561289304976526e+01,3.051040948358081550e+01,2.912178715698564702e+01,3.051459467858558128e+01,2.939753851338525692e+01,2.999450981199481703e+01,3.005070793677185748e+01,3.094313791842984074e+01,2.945058978113695503e+01,3.046565940080040491e+01,3.003652428800336338e+01,3.151628790068457420e+01,3.140369566658665690e+01,3.035726454507772587e+01,3.032493984241602902e+01
2.848500189320492382e+01,2.876775556861321093e+01,2.875198721159284787e+01,2.947208965861563001e+01,2.932738508969885061e+01,3.021521146098882582e+01,2.905653481833019214e+01,2.998145086414524485e+01,2.885089207597098948e+01,3.011873882802530034e+01,2.999396697652429111e+01,2.933577560266434148e+01,2.966775750664601219e+01,3.081969728773458428e+01,3.014515899640508678e+01,3.007713618484217477e+01,2.972693425335864958e+01,3.107908291351986918e+01,2.948596673902522980e+01,3.062033831186045063e+01,3.022202728384047532e+01,3.039872977785591956e+01,3.009480743508834166e+01,3.084790213291421423e+01
3.028063932258498880e+01,2.899374376696556510e+01,3.003785573008099163e+01,3.001723042802598229e+01,2.992389133480952523e+01,2.981556938853503880e+01,3.025298586817115165e+01,2.957758823511159108e+01,3.014520176905944027e+01,2.946461952295948095e+01,2.957432133393467666e+01,2.983002894234476798e+01,3.014195829846102015e+01,2.885692586197473020e+01,2.984365264446358879e+01,2.969743218226750514e+01,2.959365225800036114e+01,2.992590241817566721e+01,3.042303956015911126e+01,3.094865636992932423e+01,2.958421246212270717e+01,2.967824982419068647e+01,3.076332270159230120e+01,3.009044321635929009e+01
3.044231160587304430e+01,2.987350469861286228e+01,2.896814134768948179e+01,2.996434701466108663e+01,2.975910995641714862e+01,3.004741187392619395e+01,2.875701640542183668e+01,3.035045329391840596e+01,3.010514787035913287e+01,2.922553886371690623e+01,2.975506228637698314e+01,2.998989507698411217e+01,2.930649070197029005e+01,3.085284350009487753e+01,2.937186341187651806e+01,2.983706328211690106e+01,3.075789426892856682e+01,3.079395867186451596e+01,2.966685714418917996e+01,3.026001806316145348e+01,3.039590165881975281e+01,3.102542963536808429e+01,3.074998751647171957e+01,3.108476314531617390e+01
3.020254972112650194e+01,2.959266841220670585e+01,3.002645576620881229e+01,2.948144818064002948e+01,3.047812806517157469e+01,2.952137424839855839e+01,3.041745048394915329e+01,3.016862815498478767e+01,3.069698229272398748e+01,3.078764684234658944e+01,3.040750617974720171e+01,2.931987637911078082e+01,3.057523375212929295e+01,3.010106144567635056e+01,3.007226560481052502e+01,2.934036165473997926e+01,2.980974805622912527e+01,2.911992535399440385e+01,2.985705125812262395e+01,2.993360408610254808e+01,3.145852455898670996e+01,3.045341027993185889e+01,3.124011322640973276e+01,2.994392938961863138e+01
3.004157960976033337e+01,3.047650178608728311e+01,2.947561659892028274e+01,2.991611974650663797e+01,2.844168587999962483e+01,2.986150404245552181e+01,2.911490533150242754e+01,3.030073435767639012e+01,3.014001148248445361e+01,2.973594836157616328e+01,2.957385175170907132e+01,2.951359411096518670e+01,2.870491919917935775e+01,2.958078966157006562e+01,2.989371964595324016e+01,2.943388566000254514e+01,2.917156362297549776e+01,2.964544856962697850e+01,3.112630466288402431e+01,3.064126845556592116e+01,3.060169322059971364e+01,3.020422413725515298e+01,2.960517888007706233e+01,3.045343613218790324e+01
3.011324587306614831e+01,2.984220447526416820e+01,3.023079825737698911e+01,2.871752780937856642e+01,3.007139246297600721e+01,2.897522755701783126e+01,3.055778532923511648e+01,3.032438848901165329e+01,3.060254254118763129e+01,2.926162119323743127e+01,3.009760899770634524e+01,2.978706866354235672e+01,3.021988635005260448e+01,3.031016653684827133e+01,2.939227693572007638e+01,2.999169331780910852e+01,2.951490926434604489e+01,3.008570524746534147e+01,3.048140608254732342e+01,3.000247316795616825e+01,3.049777575996671430e+01,3.023446159289022717e+01,3.092535408905894201e+01,3.051153115897164980e+01
2.993534624957413826e+01,3.025174679590406868e+01,3.043445344631442140e+01,2.927024571604425773e+01,2.947175465982775222e+01,3.064615990873153351e+01,3.059810915468750636e+01,3.064325596767849902e+01,2.939183451024558735e+01,2.996933286867908919e+01,2.908927205581881026e+01,2.999003398513434604e+01,2.921413495177591813e+01,3.008534234855579825e+01,3.049776217501090514e+01,3.017259677298602583e+01,2.950198441101400704e+01,2.969352770538699815e+01,2.975156147910934124e+01,3.083082338676683776e+01,3.039766952005271605e+01,3.005983489462903435e+01,2.980976895768264967e+01,3.027753925531959567e+01
3.027522890841328262e+01,2.977949721145699868e+01,2.931715962430752143e+01,2.965850947194030596e+01,3.004650862586714766e+01,2.972453399460636092e+01,3.010633917576643626e+01,2.926793623795231269e+01,3.074734609196298152e+01,2.978927739923841500e+01,2.999016776381915861e+01,2.982379242705110300e+01,3.054090052763410768e+01,3.020639557871766101e+01,3.033609768260566852e+01,3.022585914169803800e+01,3.064153843910821706e+01,3.002750287349994096e+01,3.034840553234664640e+01,2.999980289460273752e+01,3.052029694112974312e+01,2.977952101635503368e+01,3.060267285004721316e+01,2.968859295417297517e+01
2.934066444672782836e+01,2.975203376416436640e+01,2.994887509898063627e+01,3.020840816926960315e+01,2.920005890353979794e+01,3.022893619803244292e+01,2.901376644486435907e+01,2.991300808269738809e+01,3.008700980997355146e+01,2.903534123355586871e+01,3.041701706027475893e+01,3.052119425201686909e+01,3.013763608946788963e+01,3.006985486510302508e+01,2.935785718938012678e+01,2.979928619769498255e+01,2.973299084340163745e+01,3.031955635083113521e+01,2.935114020602566143e+01,2.960111672508003267e+01,3.012711585555621241e+01,2.986649817195967671e+01,2.950932014078449583e+01,3.101660082171008526e+01
3.068677188026174463e+01,2.846284231944201792e+01,2.983242370627237960e+01,2.951978157657390511e+01,2.986160546994221932e+01,2.945591151035631583e+01,3.045824261098840680e+01,2.933988308124111200e+01,3.016505781734457514e+01,2.891407557407757167e+01,2.963849813736175065e+01,2.975193190525482123e+01,2.975234255223261925e+01,2.902803572727867731e+01,3.007625812888244354e+01,2.911643192222129528e+01,3.007203155065593592e+01,2.958204850110496409e+01,3.141009583322289700e+01,3.063027052573761466e+01,3.035853505841822653e+01,3.079801595867803599e+01,3.146323046250842026e+01,2.964965570433997755e+01
2.937782569866487847e+01,2.949119822156541204e+01,3.028133680752080181e+01,3.070611496311084920e+01,3.033977824704174964e+01,2.957972085486960623e+01,2.999197665853296257e+01,3.008931045295076956e+01,3.010695104758502794e+01,2.930890821373071731e+01,2.951052918044433682e+01,3.022123524926996652e+01,2.948989737452399140e+01,3.011766413430797229e+01,3.072057191338461735e+01,3.057062547399135610e+01,3.067359181646844490e+01,3.115568871331919354e+01,3.067849625541225578e+01,3.053549691852907699e+01,3.082893036227045513e+01,3.151565002418908534e+01,3.069068059912365243e+01,2.972421993740027801e+01
2.978415979935624591e+01,3.062550092000202540e+01,3.047121918538277896e+01,2.941713600402829343e+01,2.996616598814063082e+01,2.945749365724321933e+01,3.014744172847673553e+01,2.922355869317692623e+01,2.974925011057683832e+01,2.961505051787258935e+01,2.991101516516550873e+01,2.963142104535995713e+01,3.033662535500445756e+01,3.024849313726105038e+01,3.074050021900080765e+01,3.113815327960975310e+01,3.151642858133902791e+01,3.166627885632635753e+01,3.068091437471451854e+01,3.117466144578423837e+01,3.180842250774867352e+01,3.076690076883403435e+01,3.218490481092180744e+01,3.151852515754688966e+01
2.925321657988592960e+01,2.945916289122374110e+01,2.930250159834304213e+01,2.969789711045933700e+01,2.938029263814172509e+01,2.972252677253214870e+01,3.025022617075427434e+01,3.008936784890067884e+01,2.963941344709144232e+01,3.080090535181750511e+01,2.915537197039361672e+01,3.007107137150080689e+01,3.014652397349357216e+01,3.009048839894609273e+01,3.033526034750167355e+01,3.155766563415716064e+01,3.106155148616335282e+01,3.171480594729479208e+01,3.130437808200935024e+01,3.138897756043729714e+01,3.171898899286100004e+01,3.149415704266817784e+01,3.098598033387838768e+01,3.012280968278258797e+01
3.010668224229135603e+01,2.828691364051940127e+01,2.980869987318152425e+01,2.952512788630838259e+01,3.033625154422946935e+01,2.987788434348465216e+01,2.987289569458954475e+01,2.983296298048725248e+01,2.978133210759818894e+01,2.934111725208555299e+01,3.051788385070108234e+01,2.997274454834428070e+01,2.998716592420208826e+01,3.016867668127838442e+01,3.147025705612668389e+01,3.156000911432863631e+01,3.130745785866690767e+01,3.140354365091423006e+01,3.146558588258244527e+01,3.131000198557507019e+01,3.196550467573200649e+01,3.240244153811318029e+01,3.155307731387989634e+01,3.154453994920515925e+01
3.025820081399029959e+01,3.035236594779024699e+01,2.979757055537760380e+01,2.986170338389365497e+01,2.993384138076021372e+01,2.974606994346623878e+01,2.995322425656786436e+01,2.992830180935231965e+01,2.956875350884700993e+01,3.075662450893298683e+01,3.061304138840438327e+01,3.032154672825492980e+01,2.994578780723304590e+01,3.033148157707921655e+01,2.998501402657552717e+01,2.983464401141435474e+01,3.127411933955397672e+01,3.063179083010192016e+01,3.041758379731544437e+01,3.077041186008915474e+01,3.098512220444246168e+01,3.009404223585096361e+01,3.077332150418499168e+01,3.000135905236987810e+01
2.997858480736005049e+01,3.005698193071333435e+01,3.036251080500449007e+01,2.982766660947180526e+01,2.989671142754730226e+01,2.991369651590548528e+01,3.002736202068791727e+01,2.916806127375724600e+01,2.975711895456754519e+01,2.946745054976446454e+01,3.023858680974575464e+01,3.028381914487056292e+01,2.971102074957661898e+01,3.024849313726105038e+01,3.104439362156426796e+01,3.103187154473073406e+01,3.028363520935346287e+01,3.073929505427770437e+01,3.013527308221517842e+01,3.034735752338372095e+01,2.999950665659611104e+01,3.081832458277881415e+01,3.042726113135546484e+01,3.104462540369883072e+01
2.947401137360634493e+01,3.024543649544477830e+01,2.909582191378706284e+01,2.980917288167859169e+01,3.040911279707518133e+01,3.042248020855521418e+01,2.980344849624646031e+01,3.028945234982779766e+01,3.077162284142951876e+01,3.022799848509458798e+01,3.063107206578547448e+01,3.059480239235710997e+01,3.055332059713657600e+01,3.319761320500748525e+01,3.484083623223750692e+01,3.414316936634622834e+01,3.251058996239328280e+01,3.092643502717754700e+01,3.040012718154275717e+01,3.109182568792289203e+01,2.959309474585751332e+01,2.939968772458342983e+01,3.014153263929983950e+01,3.068485860772682372e+01
3.043679394643964997e+01,2.946005860477447413e+01,3.040977885265670011e+01,3.030938228442585114e+01,2.982732214112013480e+01,3.031474093247641122e+01,3.036476211357467037e+01,2.979635911496939116e+01,2.989845970763559535e+01,2.943736663775507623e+01,2.956283022849243025e+01,3.017112872440719684e+01,3.112132885636253832e+01,3.325682882954959041e+01,3.505418203076339978e+01,3.481205065614955174e+01,3.306703149962135058e+01,3.115768402846390472e+01,2.998782051930771786e+01,3.041430459152087451e+01,3.041375583076711564e+01,2.997560212134703761e+01,3.131541817137588168e+01,3.148713841228516230e+01
2.867622050251742394e+01,3.054687747762017125e+01,2.941011062213823379e+01,2.873339249722380373e+01,2.951334405766431246e+01,3.010082096509466965e+01,3.004499909847902472e+01,3.076048130637826716e+01,2.984130090456841344e+01,2.988964972584147972e+01,3.071409833351538055e+01,2.987454676098701611e+01,3.064393063054956201e+01,3.450947568814024180e+01,3.545864215813600140e+01,3.529472348645930424e+01,3.190903325104062560e+01,3.078565042101450899e+01,3.005114799091666100e+01,3.040360453322551848e+01,3.014035208123800658e+01,3.082381133556566510e+01,3.027651418821687912e+01,2.993188576627767361e+01
2.910264975997006331e+01,2.900566710622808841e+01,2.906631658122699946e+01,3.005725378416707372e+01,2.976214266842094958e+01,2.966946116548371037e+01,2.953588098710463328e+01,2.937773398835969374e+01,2.996080300443668420e+01,3.013167255620425067e+01,3.027110012121136151e+01,2.999442946233517659e+01,3.211219535932679037e+01,3.405779322764675499e+01,3.473802370677617546e+01,3.487420376457367865e+01,3.169319627601214506e+01,3.003426468168834162e+01,2.986863357387682072e+01,2.966576112010653787e+01,3.039423175769394447e+01,3.020549245693422336e+01,3.062956766188005986e+01,3.075213223210704427e+01
3.133244399376161482e+01,3.140298561899288643e+01,3.018537964850253275e+01,3.020840816926960315e+01,2.945172847390625748e+01,2.941735035103329210e+01,3.015995505730552395e+01,3.047005836685787017e+01,3.015925279158921057e+01,3.027328546880454496e+01,3.028023509919358958e+01,3.091442836483270185e+01,3.142129790434523784e+01,3.235748089923532689e+01,3.441095524093913127e+01,3.439739449008590100e+01,3.096876293770725397e+01,3.095620892161889515e+01,3.001186846584090517e+01,3.034393817817169747e+01,3.079400125866976623e+01,3.061648948417769134e+01,2.987393102842833059e+01,3.010550689052826101e+01
2.969039355461268315e+01,2.985350764460622486e+01,2.957524478293794346e+01,2.917227255911717521e+01,2.994127915119821637e+01,2.915110022048577321e+01,3.061337581663156016e+01,3.012214161114502531e+01,3.068832623023183714e+01,2.985776997925108844e+01,3.088299439304756788e+01,3.075170176926366139e+01,3.202416947072958919e+01,3.366884526404055578e+01,3.530724898855089577e+01,3.416957754024491578e+01,3.170836135357018293e+01,3.103131389655737848e+01,3.061616519558839400e+01,2.984619177451111227e+01,3.169906836095390190e+01,3.071040243924903734e+01,3.003873355141348611e+01,3.055660420296322854e+01
2.897294629575139879e+01,3.032722255329395011e+01,3.066625667559770818e+01,3.067605742287560133e+01,2.903810152523749366e+01,3.055383338502781498e+01,3.065528396327181326e+01,2.953797929442276882e+01,3.009830145771485377e+01,3.111681007098087548e+01,3.211934941622644146e+01,3.258436803242153701e+01,3.222996278736042086e+01,3.207696542924867344e+01,3.308549857502850955e+01,3.303927650197368848e+01,3.191105409956998074e+01,3.261872891957381171e+01,3.088745291233368562e+01,3.170355592742907902e+01,3.023862894597920103e+01,3.097324890635167094e+01,3.050094571880669037e+01,3.036459578095866618e+01
3.014010147440899345e+01,3.002182215192959802e+01,3.047585670813174374e+01,3.035457911347862137e+01,2.934916489943776696e+01,2.964134610692610750e+01,3.096344067249805221e+01,3.094278183190806431e+01,3.094854015081239140e+01,3.171890943726344858e+01,3.220941029109798137e+01,3.149618354093274775e+01,3.212420739303468054e+01,3.232677769926351630e+01,3.379603943955117984e+01,3.274647747123094632e+01,3.053233028168875762e+01,3.171737686827475500e+01,3.231148478760377429e+01,3.210592721916543724e+01,3.219032111021732590e+01,3.159924805166701844e+01,3.157470782834752754e+01,3.054075192719403731e+01
2.923337172061354750e+01,3.036978963551729294e+01,3.020666639020629418e+01,3.019148398653851473e+01,3.022434005458353568e+01,2.921492801309500464e+01,3.064175748911276287e+01,3.078549643601769503e+01,3.206635365488580192e+01,3.326691164602533490e+01,3.349268932527741072e+01,3.304012849798891693e+01,3.282202886589107038e+01,3.184150491541373640e+01,3.253772710526533274e+01,3.316883692126521055e+01,3.172368033699871148e+01,3.178737998149330224e+01,3.206484999173210326e+01,3.147769590371609638e+01,3.373299007118401960e+01,3.172992075538945755e+01,3.083638652995477969e+01,3.055446361277023470e+01
3.016684642313242648e+01,3.041102384341616016e+01,2.969861500633447804e+01,3.008154358136619066e+01,2.984638989481237559e+01,3.074177554250962885e+01,3.146764975262152575e+01,3.095600591164640036e+01,3.182660552236700369e+01,3.348717439459915113e+01,3.389384842952597410e+01,3.292588923273365253e+01,3.338199723461497115e+01,3.257831677079661858e+01,3.267071778644026381e+01,3.328653674389170192e+01,3.246976077747763156e+01,3.255325561618167285e+01,3.191123363665548140e+01,3.331866749281283546e+01,3.350317312556342131e+01,3.339740663444615620e+01,3.209835531790110963e+01,3.164280363368726512e+01
2.965804449630542194e+01,3.048991015189642440e+01,3.025833680049834129e+01,3.033081282984431937e+01,2.951305634761661167e+01,3.115514012996527526e+01,3.133404276322482929e+01,3.052980512896698428e+01,3.367875544422963685e+01,3.381075005432251146e+01,3.389400342510140263e+01,3.389760105599060580e+01,3.417783443823333300e+01,3.483303693173621696e+01,3.513907440182043729e+01,3.512507491061131759e+01,3.563138215584046975e+01,3.503101362706678401e+01,3.409380547953878704e+01,3.344970388859530885e+01,3.358176874699233849e+01,3.312120334905836216e+01,3.087165541967084437e+01,3.201376857684795141e+01
3.054666663812633942e+01,3.084385778916453091e+01,3.045992149694905038e+01,3.125450567785816247e+01,3.057438945715921363e+01,3.069973809223648686e+01,3.079588374251500227e+01,3.010110022040419153e+01,3.200165933096195658e+01,3.412798313273856365e+01,3.362557941415445839e+01,3.358527397651386082e+01,3.477402050876531803e+01,3.456567724359064187e+01,3.530685824591108712e+01,3.434904146921621759e+01,3.491971938084429894e+01,3.506232032112040997e+01,3.391541198917440170e+01,3.329472087004091918e+01,3.340489799889672895e+01,3.314102818047683741e+01,3.199073185212665749e+01,3.221302846967819278e+01
3.013171314642795551e+01,3.090367153619143892e+01,2.999346477146463030e+01,3.116449924352804146e+01,3.065306348622789301e+01,3.026387411953510309e+01,3.229431404250743753e+01,3.293197143108636737e+01,3.434097574281213383e+01,3.344805579868778977e+01,3.260681074133378843e+01,3.376550502310323054e+01,3.408808094761667462e+01,3.478893383481863566e+01,3.464400745014188487e+01,3.394879557347036325e+01,3.441624278215192589e+01,3.473324840636041699e+01,3.418114405965184233e+01,3.429055782518793194e+01,3.299281691208108214e+01,3.242508306313959565e+01,3.248266720636996752e+01,3.248555237788946215e+01
3.022567673863005666e+01,3.062939390414067020e+01,3.171028877364852860e+01,2.954875660029466644e+01,3.099345249383270584e+01,3.176760332415375387e+01,3.347079039421390689e+01,3.308153564837385829e+01,3.298773396898849342e+01,3.350738749006063699e+01,3.284910138794384693e+01,3.285829156313786825e+01,3.296708633896878382e+01,3.385002197717653871e+01,3.369902852490093892e+01,3.400577334000121255e+01,3.470169199402977256e+01,3.501657635421668147e+01,3.532259346525518140e+01,3.386038050605679928e+01,3.341424757839013182e+01,3.352311561661980477e+01,3.168530807067537580e+01,3.296115431297704390e+01
