2.889558445792818020e+01,2.934474864306565678e+01,2.987276751487456750e+01,2.748294100517847482e+01,2.885677297914867268e+01,2.825454567438794129e+01,2.935607223457282089e+01,2.914821973076067252e+01,2.887672011080320544e+01,2.782293175316476663e+01,3.005165617627164920e+01,2.876472392358164143e+01,2.984379002882781151e+01,2.882930677434285371e+01,2.926839155692482564e+01,2.817014051584578738e+01,3.115486715169356557e+01,2.832135404915891286e+01,2.985216443938520570e+01,2.850621195682242615e+01,2.920310964753883809e+01,2.880949230040965858e+01,2.901690571874291891e+01,2.960149028071765542e+01
2.896663343414917335e+01,2.947348413156146307e+01,2.736531085443567690e+01,2.881862172980385139e+01,2.837310638785129413e+01,2.973546031648106691e+01,2.800499731056777364e+01,2.909885717131027150e+01,2.857895935380423680e+01,2.945213622306107482e+01,2.749648545293723600e+01,2.901280188785062819e+01,2.789729918411029530e+01,2.821407582505577238e+01,2.845050422757361730e+01,2.865237198240299676e+01,2.770238249241560879e+01,2.938959959694585677e+01,2.787524189917206741e+01,2.892047259637365642e+01,2.942453396421609568e+01,2.899287947175287172e+01,2.854278652286899387e+01,2.911894078501461536e+01
2.879825176150438892e+01,2.734141652142955081e+01,2.813566536124631057e+01,2.912609367714378550e+01,2.898941762026333890e+01,2.989255215998025506e+01,2.944694759308038101e+01,2.802569092203759737e+01,2.894527695184780214e+01,2.855651136037226934e+01,2.955737273324893977e+01,2.893651382781058601e+01,2.758599462304647432e+01,2.958912045796620305e+01,2.744912352845420855e+01,2.803176784814337452e+01,2.911858163167408975e+01,2.846200944604959204e+01,2.868883004593419628e+01,2.842214946825441757e+01,2.996255945054008407e+01,2.910572612522059899e+01,2.976067938346216124e+01,2.802584846635232907e+01
2.834784987783217503e+01,2.959955798524646298e+01,2.918218779873967605e+01,2.946506703157479024e+01,2.895706754482966971e+01,2.917294191494801225e+01,2.789805208019703286e+01,3.027592310672173426e+01,2.753991009328581185e+01,2.942083807853691724e+01,2.854550387846211379e+01,2.912727375716053757e+01,2.945249130909451196e+01,2.907384482146693472e+01,2.958871291915767188e+01,2.957283211966336012e+01,2.896280325583904869e+01,2.940817266148388853e+01,2.883345877866105411e+01,2.907367812306222277e+01,2.847082996865214000e+01,2.912865052000250898e+01,2.886985822668259516e+01,3.008908198578899373e+01
3.019615675289298906e+01,2.915551236612805042e+01,2.939713346948309436e+01,2.714363327048425845e+01,2.856709530753596482e+01,2.864806755808342587e+01,2.976431395739928121e+01,2.901677568299811583e+01,2.834758736703986415e+01,2.859282578462267566e+01,2.874387219386369452e+01,2.784341328307971253e+01,2.864509249093777044e+01,2.775770868024795845e+01,2.869011629791543783e+01,2.802506039233065849e+01,2.898292980084409010e+01,2.788479548607091374e+01,2.850226317015727773e+01,2.852259723060069518e+01,2.930610574413111635e+01,2.752705130333799843e+01,2.932863981669055420e+01,2.798582037990888693e+01
2.860198288106369091e+01,2.857676232037010777e+01,2.960152726519623911e+01,3.000201596470833465e+01,2.846351396259547073e+01,2.844682567221502723e+01,2.857432146202091872e+01,2.902427731174549308e+01,2.955502999847340106e+01,2.938773404656410548e+01,2.881703146842687602e+01,2.951546670360806957e+01,2.898896078453185510e+01,2.919208348577416245e+01,2.902562619880978900e+01,2.917988113106787296e+01,2.841496212099531249e+01,2.823987045107247695e+01,2.811806238613917230e+01,2.928426532252507286e+01,2.742203315092501725e+01,2.911272173082704739e+01,2.736020116385634537e+01,2.973762675834456104e+01
3.034699872620547012e+01,2.837998158005461846e+01,2.914439990025749694e+01,2.855744020086012824e+01,2.938335355618210087e+01,2.939413219237547992e+01,3.001680107230049543e+01,2.911799296438056217e+01,2.758870317001765216e+01,2.905465000088184979e+01,2.900434445551604767e+01,2.950500405218724609e+01,2.903208866625476503e+01,2.954802990910292237e+01,2.910299918549713993e+01,2.760398309700582331e+01,2.880778928181621268e+01,2.876273871640165680e+01,2.913167005700586287e+01,3.034438395578951031e+01,2.882540927175762135e+01,2.882697055520583262e+01,2.911790058682697691e+01,2.877816498903973752e+01
2.843475857654561878e+01,2.954371902225489066e+01,2.784956940531486680e+01,3.013655888344584355e+01,2.958702546624448360e+01,2.970125217520154592e+01,2.883940785096689297e+01,2.963767082268805098e+01,2.828271972661855216e+01,2.941272729400640173e+01,2.898909149035432620e+01,2.951449940461020560e+01,2.912658134059290660e+01,2.915553721168299717e+01,2.846296153312550814e+01,2.971479350122831420e+01,2.878430225270648180e+01,2.877164437874807845e+01,2.978944796577923171e+01,2.889713225498462634e+01,2.856302217141046640e+01,3.048293951385608125e+01,2.926449493104803423e+01,2.975857284244852963e+01
3.020553094915970860e+01,2.803268396607057866e+01,2.892236109673433475e+01,2.810756390076096523e+01,2.936581670667709432e+01,2.793203203282354252e+01,2.931723033830797931e+01,2.899428861802118718e+01,2.946775845083408285e+01,2.826965343869864000e+01,2.891007709663153946e+01,2.859148005256525948e+01,2.865502970876963218e+01,2.815443089396336518e+01,2.893474659869895049e+01,2.894631442305581004e+01,2.947339127345469478e+01,2.811573390607850342e+01,2.942384612457107096e+01,2.875455721162609279e+01,2.962613899603974232e+01,2.893016587905066217e+01,2.974707452167098154e+01,2.830633075608369609e+01
2.871639841141694660e+01,2.915183044257111078e+01,2.960716446211711173e+01,2.887792901329697770e+01,2.827022648108192016e+01,2.917303964337975231e+01,2.845817592386225670e+01,2.933679218135569045e+01,2.819778346532382329e+01,2.893161174428576032e+01,2.915104010721239547e+01,2.929472376160708791e+01,2.778391838457406493e+01,2.927238865667538903e+01,2.842838672246591614e+01,2.828248105494452602e+01,2.874246941930823596e+01,2.826005899871586280e+01,2.847056323034024672e+01,2.897156593010566894e+01,2.903960734027725721e+01,2.828093940586973076e+01,2.864207850343058226e+01,2.920098424439612472e+01
2.809960847722726385e+01,2.892955919407927468e+01,2.937539986008874848e+01,2.848389745202541690e+01,2.961364555188549730e+01,2.846188596873770393e+01,2.971956401928639480e+01,2.853985862524069717e+01,2.836533542685492648e+01,2.869983913175946100e+01,2.950718349928297357e+01,2.895423495504212497e+01,2.954525514272586406e+01,2.865822539539618674e+01,2.925506242839026072e+01,2.820554351099985979e+01,2.900356666271534323e+01,2.978400543125951572e+01,2.846685997835641047e+01,2.874633638187475526e+01,2.950332087671500858e+01,2.874213930052718524e+01,2.824623845580947545e+01,2.865195384230452191e+01
2.847710160087279974e+01,2.932657999137819615e+01,2.872577258164852765e+01,2.941575106070405354e+01,2.864054489231523348e+01,3.066684245434942113e+01,2.863858287469219022e+01,2.938541432788190377e+01,2.864052743465936146e+01,2.903506320600172330e+01,2.875156037609792747e+01,2.880445965326737223e+01,2.899607329663416522e+01,2.937607516028793953e+01,2.882577147002757556e+01,2.933213979477022804e+01,2.865616204527117361e+01,2.998220205252567894e+01,2.970702355238012160e+01,2.973958413801329925e+01,2.917998108666989765e+01,2.939861757191869174e+01,2.966678904864170363e+01,2.960381445497534969e+01
2.880828362143944332e+01,2.888737580923924497e+01,2.958956964920218979e+01,2.890638405721841764e+01,2.956239805424274891e+01,2.859189865839960021e+01,2.876668149310489753e+01,2.730592411005778786e+01,2.985584021656802634e+01,2.837302462402738001e+01,2.956835172552376889e+01,2.826405278321772130e+01,2.911205807454342676e+01,2.892636213432092518e+01,2.906665444201672699e+01,2.890490323226271130e+01,2.935743991775206041e+01,2.753209177201563307e+01,2.924423516907756948e+01,2.841704302198854748e+01,2.962106425491634809e+01,2.822430769482309643e+01,2.864393458452633467e+01,2.818803925712660430e+01
2.946940545495851893e+01,2.888683274518558619e+01,2.959315502067539683e+01,2.903047287484804428e+01,2.866454718689988113e+01,2.934298900822994938e+01,2.827660118338741313e+01,2.918387115411945842e+01,2.815771565619610328e+01,2.915165119998090404e+01,2.781753912846386356e+01,2.900267473743264190e+01,2.852539813473816821e+01,2.888576674262941424e+01,2.862274818306224233e+01,2.898970941793692191e+01,2.891246186524466566e+01,2.954402078332890369e+01,2.823573858734442865e+01,2.921739948199035553e+01,2.957699899771353103e+01,2.851122113043987838e+01,2.875073553396686066e+01,2.964529345224661938e+01
2.852660611155914694e+01,2.912089835793437942e+01,2.844615135913880977e+01,2.992444292581376430e+01,2.928667982907711576e+01,2.909676221625375092e+01,2.835687852874110604e+01,2.922457041437320413e+01,2.904288502927704485e+01,2.854079645492981854e+01,2.850835219359316852e+01,2.779069675177458976e+01,2.883739308142196478e+01,2.879399623934278907e+01,2.934814373754932149e+01,2.813775269634146525e+01,2.927967843898625233e+01,2.944092374599080131e+01,2.954570696231343163e+01,2.948650561495401234e+01,2.825118022053072764e+01,2.821397308470625376e+01,2.931008780365976918e+01,2.934584843655022723e+01
2.805602978894268063e+01,2.944360421240327241e+01,2.823473331336890624e+01,2.934288380376278838e+01,2.920845392902299409e+01,2.886794792628251116e+01,2.850735804333339729e+01,2.958040150375330768e+01,2.835236721698640849e+01,2.902926018188014723e+01,2.857951080472940930e+01,2.912377438470167590e+01,2.899557559516114225e+01,2.898654317650448320e+01,2.853429367119071003e+01,3.018985910007506845e+01,2.888732516628806479e+01,2.894125736993277087e+01,2.953922011678599802e+01,2.919269465977754408e+01,2.854361940013586718e+01,2.962374964655265330e+01,2.847998393129626038e+01,2.930502403251472288e+01
2.888432909134752435e+01,2.896101703079881418e+01,2.890270717383941701e+01,2.912827460176305294e+01,2.872185620931793437e+01,2.836380828546106159e+01,2.986459642508236811e+01,2.749214716030172667e+01,2.860964290726758463e+01,2.780314139027984766e+01,2.881380146579090251e+01,2.867225051847219675e+01,2.908819953514614554e+01,2.767841292131294040e+01,2.959753450896408822e+01,2.863335595200032913e+01,2.964182667516780612e+01,2.865757086285174182e+01,2.912870889141447606e+01,2.847446741119483704e+01,2.956094001312885666e+01,2.850598704635086733e+01,2.975584470526968062e+01,2.844013087152842445e+01
2.825890136879019110e+01,2.827937718939364231e+01,2.859956117923320562e+01,2.966817186186659683e+01,2.786480478006353678e+01,2.802639618620708006e+01,2.761224244648769854e+01,2.968577564081829223e+01,2.829013580192105337e+01,2.895133009919015876e+01,2.893875225758006309e+01,2.943783864211553691e+01,2.837916910560960559e+01,2.920563642449434383e+01,2.841372245506772742e+01,2.822889264076627569e+01,2.881022457911461743e+01,2.925857381979153615e+01,2.870181067081870196e+01,2.821910177600136649e+01,2.791505674075017396e+01,2.941286505633036086e+01,2.962806627220771816e+01,2.950892826091399002e+01
2.971068941346106840e+01,2.932305538269838507e+01,2.787349192648264307e+01,2.933738374194439302e+01,2.890675519825811079e+01,2.839717898408053998e+01,2.909726351316675164e+01,2.839521307342255341e+01,2.867438236987572964e+01,2.915050116688303206e+01,2.903316492609712896e+01,2.850713203378461458e+01,2.824714999067884946e+01,2.835153111679585436e+01,2.952519437999478669e+01,2.931908798264004190e+01,2.941668830822300151e+01,2.967895155204155344e+01,2.895127262317504346e+01,2.833611387801340697e+01,2.926097390980157797e+01,2.960309542895083723e+01,2.934378866554317256e+01,2.936121291073294515e+01
2.839993558410640162e+01,2.946204581338758999e+01,2.770898996397875180e+01,2.847758003700738527e+01,2.856791154630224128e+01,2.986157049018800080e+01,2.934750593839237354e+01,2.820566390688776437e+01,2.848335491778266260e+01,2.898634751294906664e+01,2.920958986361245024e+01,2.958478577837786361e+01,2.936032832070037557e+01,2.901634444102057842e+01,2.909770425707358754e+01,2.946428810155788369e+01,2.883325093831410868e+01,2.869398401179296343e+01,2.910672528604209219e+01,2.897674297348498840e+01,2.939193520269628834e+01,2.960060633081235437e+01,3.005063045219606011e+01,2.997582938147877485e+01
2.893488712296249332e+01,2.843918637271019634e+01,2.907888218438040440e+01,2.783645010955325461e+01,2.907824641753290962e+01,2.752567772004010749e+01,2.919635689489422248e+01,2.834957755542910718e+01,2.923592777145444188e+01,2.826405278321772130e+01,2.842571974066987650e+01,2.924833654491044399e+01,2.900625526920362063e+01,2.853067721423394687e+01,2.951121888746479272e+01,2.836097762406728862e+01,2.896058158229891433e+01,2.831408735393745246e+01,2.960673792082241107e+01,2.861353517975368277e+01,2.979994093784080178e+01,2.927002415438636262e+01,3.020313487113270412e+01,2.897154834291370662e+01
2.823923793187930187e+01,2.922458667113278352e+01,2.897842076734383454e+01,2.897489726482297101e+01,2.882702215824923542e+01,2.885142970511134308e+01,2.885790640465262413e+01,2.883524587555297103e+01,2.822687894786366769e+01,2.905372117230956519e+01,2.851043306244082487e+01,3.001387837805441450e+01,2.935613018500436056e+01,2.900464764066305179e+01,2.889161725685630699e+01,2.902425973730242958e+01,2.792389482563811498e+01,2.939299773692096096e+01,2.897054499004786976e+01,2.960739145627240987e+01,2.868324275897248299e+01,2.934728991847242696e+01,3.043075978878266596e+01,3.050753358932485071e+01
2.888387049392810013e+01,2.857720656449350827e+01,2.940698154240010354e+01,2.999173144305234473e+01,2.874030306967063098e+01,2.889949540162740504e+01,2.939092710990485102e+01,2.971336157572903858e+01,2.880800848707286832e+01,2.876761969170058819e+01,2.855231786479657785e+01,2.937795752380378644e+01,2.780098845856912249e+01,2.861364769143722242e+01,2.984035355631300490e+01,2.916158410783242516e+01,2.855362321195769937e+01,2.941373830592806371e+01,2.918801180222544644e+01,2.900322047270691428e+01,2.893829707548439956e+01,2.983784337879473014e+01,3.170573581809941288e+01,3.193960445331015308e+01
2.749378072132975603e+01,2.880441130787522752e+01,2.927301239627746554e+01,2.933154326780407928e+01,2.875417183156929468e+01,2.898789245544389814e+01,2.951661649176287483e+01,2.950417470306854284e+01,2.951166241531990408e+01,2.863880467354272241e+01,2.883641586374403687e+01,2.849455076296140987e+01,2.825499052504034125e+01,2.782162028166305845e+01,2.925652266075150010e+01,2.874220740099775639e+01,2.915458026167459593e+01,3.000019071165075957e+01,2.999156243194465787e+01,3.073009547676582542e+01,2.953077258374690928e+01,2.992460594934800611e+01,3.214312822866969555e+01,3.367123826448886348e+01
2.819103443191380620e+01,2.726624317803612030e+01,2.855131521945872919e+01,2.819209412560610417e+01,2.871056299415505464e+01,2.856206076220155410e+01,2.917957085492707847e+01,2.752693234141577250e+01,2.875994287398128790e+01,2.784611021471096137e+01,2.813667466366865710e+01,2.811296501632045874e+01,2.826200683099051503e+01,2.810764626640349206e+01,2.930752898389584971e+01,2.807441224496960785e+01,2.914227339515406356e+01,2.813420028161522168e+01,2.953710872476256100e+01,2.878196967593504496e+01,3.053637785872649602e+01,2.893413189710315692e+01,3.177362035225377213e+01,3.165237789045272621e+01
2.819156153917430174e+01,2.883720563546853555e+01,2.842010107556717458e+01,2.922092053205614093e+01,2.835911627755342579e+01,2.894986314376279779e+01,2.750795365577056373e+01,2.855743819339255651e+01,2.805690535805803165e+01,2.826012575261950133e+01,2.842725774153581142e+01,2.891438417421011309e+01,2.888629813638590349e+01,2.940769081056055256e+01,2.900970551338554060e+01,2.930915309490234222e+01,2.865483209737254811e+01,2.913348416162045851e+01,2.851893099716323832e+01,2.936415363893661379e+01,2.874995795445232716e+01,3.014959288698770479e+01,3.097002117105847674e+01,3.065053747366061998e+01
2.818776987616308816e+01,2.912293387329054895e+01,2.796191334081652258e+01,2.757445335550937671e+01,2.851853133428625142e+01,2.851694767102480910e+01,2.754170467200333405e+01,2.830347445682184571e+01,2.860899980855032254e+01,2.876098673879175749e+01,2.879731644875624852e+01,2.928427856623341086e+01,2.848249495445054436e+01,2.896503144093156834e+01,2.799239648367176869e+01,2.921485950768703788e+01,2.935830961138930206e+01,2.854659389420635307e+01,2.841122464732706021e+01,2.897355639773167013e+01,2.873366884315208836e+01,3.040780286075175809e+01,3.033116151858888543e+01,2.925194372139043253e+01
2.788931151942324504e+01,2.869193451223691227e+01,2.818755235397304659e+01,2.867149972888557841e+01,2.840448408146033898e+01,2.863034279995673614e+01,2.861195608217911968e+01,2.880991784644731979e+01,3.007900623072180224e+01,2.838458389018472872e+01,2.829365107696065706e+01,3.018797202890539211e+01,2.814749712646943181e+01,2.910877902633052372e+01,2.852187601890221913e+01,3.000928039335593667e+01,2.886517451599286233e+01,2.981194828880086334e+01,2.905427869066517133e+01,3.003571235202235812e+01,2.990122654916592637e+01,2.971927556413271532e+01,3.010289713285459356e+01,2.956189386137486963e+01
2.851431216979858618e+01,2.770731967324257994e+01,2.762326780158133488e+01,2.684425784385069846e+01,2.786940320399941129e+01,2.770805305866826984e+01,2.964830280586102162e+01,2.705481744441300407e+01,2.791125649116884233e+01,2.849085897689980129e+01,2.839726286953367662e+01,2.842971808240127984e+01,2.907508256450847739e+01,2.811282569017225796e+01,2.907785027955071655e+01,2.851012980499751848e+01,2.887088907966983697e+01,2.883266134918727630e+01,2.987589574400675474e+01,2.845685793988440082e+01,2.930787044830969990e+01,2.824791251469338249e+01,3.114469188914932829e+01,2.872973559098988972e+01
2.655739627647051293e+01,2.801100422709367876e+01,2.767702976785699320e+01,2.795798221305949482e+01,2.798194881761492070e+01,2.824452398579444434e+01,2.734478248920476062e+01,2.839423515465654191e+01,2.681204993803606840e+01,2.860151687296047385e+01,2.790918381520759795e+01,2.842793079644087584e+01,2.837610470222301728e+01,2.853050280506414538e+01,2.716978230023761398e+01,2.845704330677887128e+01,2.787792375580920634e+01,2.896842552958150918e+01,2.813384018740362080e+01,2.924290579347109542e+01,2.915847847193475673e+01,2.946126277146572647e+01,3.001834489636974013e+01,3.019873073198283464e+01
2.735338483762444639e+01,2.796957549832291079e+01,2.864349244754436086e+01,2.844041852286255789e+01,2.896639515209318461e+01,2.837573666146488449e+01,2.837139713230823190e+01,2.843414595212885843e+01,2.856950439270082143e+01,2.856962710795079374e+01,2.913859500067371755e+01,2.913974823737157749e+01,2.881803420691619522e+01,2.940133905138560522e+01,2.935640698223397749e+01,2.827411170775513938e+01,2.929662543641802586e+01,2.906379823451908351e+01,2.838308458645212795e+01,2.982141335490172196e+01,2.837771688688411587e+01,2.896572000285351578e+01,2.873679635699585333e+01,2.947498851805431741e+01
2.943309297214159415e+01,2.889066815990895520e+01,2.852426821082445940e+01,2.743441513638845208e+01,2.869171989701709435e+01,2.915678908626404109e+01,2.850878880546406435e+01,2.873089926869630517e+01,2.785266542975080029e+01,2.875149236479444426e+01,2.858245376283952055e+01,2.917135166759055664e+01,2.913489207936731873e+01,2.915050654235335514e+01,2.883117648784252651e+01,2.803983966461481714e+01,2.860774547495861952e+01,2.948568791399600286e+01,2.932968060502275875e+01,2.905665787603101080e+01,2.908946764432073451e+01,3.000053671630030294e+01,2.985312458762138021e+01,2.916415260791592345e+01
