2.435048861746145121e+01,2.454567330479477505e+01,2.284857371946628746e+01,2.586906574586532770e+01,2.428876601750818054e+01,2.491191473494762931e+01,2.369971573497298323e+01,2.470750028608244975e+01,2.308358794197408770e+01,2.454049629953590284e+01,2.340379596145089636e+01,2.483727067186788418e+01,2.322938122379031256e+01,2.400904585835365879e+01,2.443571308318860247e+01,2.490024987167669224e+01,2.383392661942019686e+01,2.526934647657981259e+01,2.497295053199536596e+01,2.636063699614669531e+01,2.471922187089103318e+01,2.619566582004557631e+01,2.566165283236051664e+01,2.547470240757735382e+01
2.442724759882946728e+01,2.342889278864532798e+01,2.501081000747410599e+01,2.374638042081147660e+01,2.505679041004509600e+01,2.357972046665440757e+01,2.450147519235213167e+01,2.426414044385779789e+01,2.371145909192648560e+01,2.396063553691431025e+01,2.536334283484217167e+01,2.405409947785642544e+01,2.489546872153732693e+01,2.479045754262762102e+01,2.523391526439525023e+01,2.281138166346534035e+01,2.445482163740933856e+01,2.439741551701263234e+01,2.462052485360862875e+01,2.365014164008465514e+01,2.522983840070071437e+01,2.591904737703902128e+01,2.522036534263776275e+01,2.528797447026840928e+01
2.414547126253631859e+01,2.320833550787733657e+01,2.482618245223557096e+01,2.561865343049447574e+01,2.482304624193437803e+01,2.444339082410567698e+01,2.314772237254277343e+01,2.372581455134218231e+01,2.445928474153271281e+01,2.409114421155334185e+01,2.513322621579516181e+01,2.391775119096286062e+01,2.437425646173880978e+01,2.419913421727579816e+01,2.257029015597140642e+01,2.384355199111752199e+01,2.380349550179926155e+01,2.358663928385192321e+01,2.419538263614458629e+01,2.329616333938122352e+01,2.474971968083821139e+01,2.496916960237018657e+01,2.486890611505100424e+01,2.471511704369549989e+01
2.474681405656718880e+01,2.383518169414401200e+01,2.639146520426947973e+01,2.410022880101149667e+01,2.504710786323573757e+01,2.460919514391167695e+01,2.534619072455956257e+01,2.495194193833469853e+01,2.436061333423884889e+01,2.437442258449192423e+01,2.394793071811898244e+01,2.370493007650850359e+01,2.472991862098825777e+01,2.371448551116333192e+01,2.360379545228317966e+01,2.560193842105297790e+01,2.396433901978167569e+01,2.292243613874177299e+01,2.503004347600460733e+01,2.394501650487569577e+01,2.373788399112970637e+01,2.346370634902308439e+01,2.379894895010937717e+01,2.477381491171024663e+01
2.553007782748227328e+01,2.496126660512936724e+01,2.485548822972646121e+01,2.456254775357098197e+01,2.451802994755837517e+01,2.484570464423302383e+01,2.422923481620324537e+01,2.373288989904182245e+01,2.403568871178481459e+01,2.452703087251734360e+01,2.365110222177531796e+01,2.373726322370413300e+01,2.376875418860356604e+01,2.366643849738011340e+01,2.347425663395915763e+01,2.376383365714394813e+01,2.487422224534401494e+01,2.512839332224592681e+01,2.314025921593884050e+01,2.457096361365779558e+01,2.428109294750601066e+01,2.473239190273585564e+01,2.441932742109219134e+01,2.431380979896300687e+01
2.579595103457444338e+01,2.509392684911517790e+01,2.442952679503821400e+01,2.510873709805696308e+01,2.446912131126725853e+01,2.527332123884553994e+01,2.563224280890540285e+01,2.406328547022832254e+01,2.568659598689117729e+01,2.451476016431121252e+01,2.479907006020391691e+01,2.492887201620692394e+01,2.383475971603047583e+01,2.419312214660340032e+01,2.499451282420949383e+01,2.416879507851786002e+01,2.415563417477272878e+01,2.449192779090429894e+01,2.361280909002823591e+01,2.396925837780264601e+01,2.284807216368136551e+01,2.453766304035292478e+01,2.327461643030858340e+01,2.329321702205857036e+01
2.577197940236845852e+01,2.561295566842750304e+01,2.466521846575687960e+01,2.519334793393517202e+01,2.642873903603668850e+01,2.629156806560376936e+01,2.555779548803479884e+01,2.565293812494644499e+01,2.500327272445093740e+01,2.598550084845561514e+01,2.552031641699221609e+01,2.517477846018732635e+01,2.500020257122412204e+01,2.523178855296117717e+01,2.563316303282419995e+01,2.562406333262811131e+01,2.474808584153402080e+01,2.494580510344138702e+01,2.449497518997833367e+01,2.578826547270136871e+01,2.431524159837772459e+01,2.453376233128676631e+01,2.470459154132640833e+01,2.415392010138918977e+01
2.632790265327258794e+01,2.439787803376475495e+01,2.530239074953436784e+01,2.595151324435164497e+01,2.650059146215068040e+01,2.500940263977872746e+01,2.575125732054112859e+01,2.557117727245719152e+01,2.502245699444478078e+01,2.575112536072441571e+01,2.575069661280736000e+01,2.551447251321974363e+01,2.535684283220302859e+01,2.604822114270712063e+01,2.594178457316883168e+01,2.553728341020848802e+01,2.571696445482331228e+01,2.454526837999293321e+01,2.561331986272165295e+01,2.518192526984643109e+01,2.603218662485005552e+01,2.562727677843889751e+01,2.532396220621740213e+01,2.555490945931990154e+01
2.576868318328337182e+01,2.526421525123049605e+01,2.497253500937927129e+01,2.516100388906244234e+01,2.586043390992483637e+01,2.650583254470637939e+01,2.602020027354200238e+01,2.628038598266766712e+01,2.475363156530272590e+01,2.555471388929146315e+01,2.547094971507158334e+01,2.449099979181102071e+01,2.539316548653505379e+01,2.562051462877559516e+01,2.584423667741674535e+01,2.589778233447015054e+01,2.569893153988903123e+01,2.505253976435864161e+01,2.526963658850172578e+01,2.533282523293604527e+01,2.633634984151439085e+01,2.620377524536047531e+01,2.525692086031932604e+01,2.709055310996967592e+01
2.510674287428412299e+01,2.494212534260765324e+01,2.451856912746262651e+01,2.475949759081703405e+01,2.536781927045143448e+01,2.588607117232322707e+01,2.539539520922443216e+01,2.571929831092359109e+01,2.621087385864575481e+01,2.441476187264879627e+01,2.542142948053151486e+01,2.639753207142757674e+01,2.560832976196218169e+01,2.536522423266740134e+01,2.384249227113934921e+01,2.553117588112951353e+01,2.519872377260139729e+01,2.636575699304790987e+01,2.629605998939968003e+01,2.586772065796731113e+01,2.615108961569302437e+01,2.606010158089048900e+01,2.553077184128335375e+01,2.528667794376997335e+01
2.532434076557348135e+01,2.417558683147507281e+01,2.427064673278084683e+01,2.576533324333342989e+01,2.499336471354496325e+01,2.614040680430844077e+01,2.489574838022446102e+01,2.463594406597201214e+01,2.439388940968416364e+01,2.479685470105050626e+01,2.591976730533133377e+01,2.490668351336046271e+01,2.545325772463121439e+01,2.495768105296104977e+01,2.516307168118981963e+01,2.552832575758253597e+01,2.504998722538357470e+01,2.626101840139580190e+01,2.484177317892778092e+01,2.501387223653500769e+01,2.586026209059832581e+01,2.659026781408937268e+01,2.547411872348931183e+01,2.611038399946949085e+01
2.429606391638367313e+01,2.457637818085675008e+01,2.466097912243276369e+01,2.475827719683542227e+01,2.538542504826057211e+01,2.483783915197062697e+01,2.505048124499046480e+01,2.486359432641756939e+01,2.526652523713181608e+01,2.525881030431526142e+01,2.591479878108577850e+01,2.538518963176841226e+01,2.532574405028265119e+01,2.564231141134979453e+01,2.495479868570157578e+01,2.592415786523349652e+01,2.563622177318484319e+01,2.521383880524217602e+01,2.616172225485388481e+01,2.698699000555239991e+01,2.667186508272322953e+01,2.681155888618570771e+01,2.586551052562219866e+01,2.515895604643702654e+01
2.526916864649962235e+01,2.462161384941072129e+01,2.554903832680361120e+01,2.546038984559260143e+01,2.447765462589973140e+01,2.462579712352146544e+01,2.499474796293475265e+01,2.511016867289646370e+01,2.542697397781245172e+01,2.447798343138913424e+01,2.532019733666533057e+01,2.489243539927667825e+01,2.540277831925652663e+01,2.429603658461485338e+01,2.451011064198451095e+01,2.523205876593243602e+01,2.511044222977608342e+01,2.448856290826989834e+01,2.616907500662694019e+01,2.571377583719282711e+01,2.583182364735313286e+01,2.568057526968453885e+01,2.552582426452681830e+01,2.490749291736335636e+01
2.335417282672676720e+01,2.437440505582463857e+01,2.523420398590684499e+01,2.464037815803658305e+01,2.433824261769785835e+01,2.447260942766757807e+01,2.380938042442687674e+01,2.540626096146996815e+01,2.427966082113658786e+01,2.458154083006758128e+01,2.444686388018430989e+01,2.491415027081546896e+01,2.520240013764254172e+01,2.468054802656081392e+01,2.529023770429694196e+01,2.460126724934298181e+01,2.522109672383527368e+01,2.530111273265913496e+01,2.520453138168539908e+01,2.580524064327067890e+01,2.549366168335211569e+01,2.469483483724843609e+01,2.531850804561486257e+01,2.599519955460999654e+01
2.476747967805050621e+01,2.485640294151232865e+01,2.381446223457714950e+01,2.447964159273783480e+01,2.492511481625365377e+01,2.535032579521771368e+01,2.526834110872476913e+01,2.464213885313807850e+01,2.358260590380746180e+01,2.620759338570081809e+01,2.493118499091735885e+01,2.544899736336185470e+01,2.560311716614506850e+01,2.462746510296159386e+01,2.545682981013970902e+01,2.613301631260827662e+01,2.485271636570996634e+01,2.524595768985307132e+01,2.544168306750304964e+01,2.527284736175994340e+01,2.512544224971549056e+01,2.586007830403866592e+01,2.473397973803685090e+01,2.535891597769693817e+01
2.472260835399390544e+01,2.415484408582648257e+01,2.571683879312132603e+01,2.401183466655351140e+01,2.419799612889340779e+01,2.364011564028112389e+01,2.443621970012253541e+01,2.496672062916189816e+01,2.499196555602316039e+01,2.579330537575356175e+01,2.575390278160944035e+01,2.507059529141912435e+01,2.550823961155418829e+01,2.609037208472955172e+01,2.553733023304317840e+01,2.517637706126947705e+01,2.539339345690052596e+01,2.520168885714673479e+01,2.569168390480479047e+01,2.577694552291148966e+01,2.620367700830513513e+01,2.669440263543850733e+01,2.540747443023349206e+01,2.543230935712352903e+01
2.397126572623687935e+01,2.470417345355127736e+01,2.559124620736491806e+01,2.419945332740417143e+01,2.474758940347646785e+01,2.462436866162528304e+01,2.457784254685924452e+01,2.479496181270707211e+01,2.383419817761608783e+01,2.443074790183896994e+01,2.355234980214180496e+01,2.515916891532174304e+01,2.504698574997172500e+01,2.482274161511497823e+01,2.541075232825744479e+01,2.562676969613244182e+01,2.437346913974459994e+01,2.544813803685849507e+01,2.418668095632455106e+01,2.526849587416586473e+01,2.508257735038796454e+01,2.614448661593883116e+01,2.595949059642998691e+01,2.571721073928779333e+01
2.552827238967455514e+01,2.379568708947954292e+01,2.531967950019884483e+01,2.451395774103650638e+01,2.353921693714625007e+01,2.475004054804014686e+01,2.458960766120253538e+01,2.494580399938877235e+01,2.543678528208829448e+01,2.522391205277847348e+01,2.544415832885493955e+01,2.438851397780189245e+01,2.472480451855170713e+01,2.401955054300202619e+01,2.507751663678590148e+01,2.482656204523846100e+01,2.512909927725854686e+01,2.434483455358042647e+01,2.501035448919566306e+01,2.597422444112874018e+01,2.450566761693210083e+01,2.492390392158188206e+01,2.498129462518193122e+01,2.532603694762633495e+01
2.458830293405844714e+01,2.447925034187710480e+01,2.473194886763877776e+01,2.478734215586428036e+01,2.454835046695529854e+01,2.552876930060750738e+01,2.460947719445965731e+01,2.467196908606189254e+01,2.507310303488395675e+01,2.512210609470048439e+01,2.510033346168654589e+01,2.395104371183708736e+01,2.467314066243170601e+01,2.518835041782654116e+01,2.564061252918855871e+01,2.484011796446037579e+01,2.566749977786258796e+01,2.480251290490878091e+01,2.534459615593340231e+01,2.514081782540046106e+01,2.563786623200053327e+01,2.514321819124586455e+01,2.567290109869202297e+01,2.611181063610592901e+01
2.363805944081008192e+01,2.552352151563530924e+01,2.402780640959247194e+01,2.384806782623542176e+01,2.459061794705218063e+01,2.478380317870829685e+01,2.441348855559903086e+01,2.423578530797362873e+01,2.460036987127938346e+01,2.557225495903549017e+01,2.429179210912042208e+01,2.513885635967699272e+01,2.517155991525874015e+01,2.577449619468501396e+01,2.458490544594070570e+01,2.454402107436942515e+01,2.461403333495024981e+01,2.542057813902977159e+01,2.469354101527164858e+01,2.482601427606249445e+01,2.424659089489898633e+01,2.526181608272298718e+01,2.626509183995517560e+01,2.555659303238769553e+01
2.415952430314075627e+01,2.490501181896263461e+01,2.387424288201162881e+01,2.435385947786932093e+01,2.415426606925780106e+01,2.425851400613686337e+01,2.504500642374227937e+01,2.422949153288328716e+01,2.428598925576977763e+01,2.438154687537661403e+01,2.395790859561486741e+01,2.521841813766047835e+01,2.476696592916010786e+01,2.433802733699428700e+01,2.461675944477951816e+01,2.466546364540823788e+01,2.604606152404755903e+01,2.458039586339833704e+01,2.552264015929790730e+01,2.591573450132369771e+01,2.652580653453338755e+01,2.621314785178435613e+01,2.618450117513106079e+01,2.495749326115111444e+01
2.366343366134555026e+01,2.430098788423453016e+01,2.475480564064497457e+01,2.437066133977293703e+01,2.375622364139496767e+01,2.320160212421973256e+01,2.386174835041379083e+01,2.539318283512056951e+01,2.500137313946237327e+01,2.510251063228679413e+01,2.498295969103224934e+01,2.511036175054942987e+01,2.462981425356571208e+01,2.541946563036378848e+01,2.502049417431817346e+01,2.424646710006692274e+01,2.403335378237454734e+01,2.429379977084477105e+01,2.645277414978141906e+01,2.635444045714427830e+01,2.615605535497485334e+01,2.607130914807652289e+01,2.645875520521155977e+01,2.572524149785499503e+01
2.465811105286434213e+01,2.358422050803392267e+01,2.411655816006725672e+01,2.440878972037290850e+01,2.372445832836297086e+01,2.434685490222136650e+01,2.426645083648156742e+01,2.577388951710901210e+01,2.534717094382830282e+01,2.357632838942242870e+01,2.456926631211729273e+01,2.461009939904778321e+01,2.399622922949015447e+01,2.420434163701662555e+01,2.451635624547378711e+01,2.544290390213654973e+01,2.438388913828526938e+01,2.531826051282047274e+01,2.519127120721032043e+01,2.594543862061328809e+01,2.654741218324204510e+01,2.696178673828251249e+01,2.733377707756824293e+01,2.779354202068202540e+01
2.406379354550364269e+01,2.351012722027161317e+01,2.437382057614695441e+01,2.462070295639711048e+01,2.395702953560987680e+01,2.454507850429035898e+01,2.499598687223857496e+01,2.421744487026836623e+01,2.435393620445910301e+01,2.430113047425288642e+01,2.402351035478721997e+01,2.504214532399299742e+01,2.537785520348762702e+01,2.522042327630083491e+01,2.448798246652575017e+01,2.443091023093882086e+01,2.504885836618558415e+01,2.568163767193607327e+01,2.606904127157412177e+01,2.586636535467641806e+01,2.573871028488667889e+01,2.752341296955950156e+01,2.818063837297711416e+01,2.966759961997468054e+01
2.325016668035920020e+01,2.363207667732348227e+01,2.414904741063344318e+01,2.484386546698920029e+01,2.463498526401360778e+01,2.509248438767747302e+01,2.475308759795922242e+01,2.441970362457482224e+01,2.473108855714849597e+01,2.403253410464395756e+01,2.465106426811274787e+01,2.432353198904314695e+01,2.444045706016464692e+01,2.503415912457137438e+01,2.515852288008244386e+01,2.483502330066755803e+01,2.551302146771831758e+01,2.487978352740759647e+01,2.570619404364572347e+01,2.552181068432031452e+01,2.688564999213588180e+01,2.891973546303188414e+01,2.980177095692198463e+01,3.026325595107078925e+01
2.519111967929296725e+01,2.457109197384011168e+01,2.504271938996492963e+01,2.465105184999384846e+01,2.409143538143052865e+01,2.448314980030062316e+01,2.495813028158664792e+01,2.506010408276256385e+01,2.571213104073626710e+01,2.476631009550266072e+01,2.409309605683284872e+01,2.419240257683850359e+01,2.547479474938006661e+01,2.523061033504103534e+01,2.577921880576872127e+01,2.389398553207672649e+01,2.433895423473353503e+01,2.549574939163386489e+01,2.580153271738123522e+01,2.661216664699304602e+01,2.915409086437864516e+01,2.850635050856675434e+01,2.996666617546731004e+01,2.978157339368647172e+01
2.491548937858942736e+01,2.456456628664710706e+01,2.430296892360252059e+01,2.480807004263681392e+01,2.432462645693749437e+01,2.538987267442468010e+01,2.436401586324956270e+01,2.500187010460882675e+01,2.488528608562216959e+01,2.567174414341121746e+01,2.567076614891499275e+01,2.511609706109607032e+01,2.517031102843850476e+01,2.442852663639251887e+01,2.613347589768784474e+01,2.614490189363721129e+01,2.898065467455717226e+01,2.968318491275289261e+01,3.073497575767942180e+01,3.205703026350437312e+01,3.038620638592277601e+01,3.076796498615595965e+01,3.227151764087693664e+01,3.106136750685323022e+01
2.460774820202084356e+01,2.472798311181213649e+01,2.389073618168322355e+01,2.523850703064903200e+01,2.483409322974063116e+01,2.484623612779171253e+01,2.548647728653611466e+01,2.467833588159572855e+01,2.490704936993853380e+01,2.542456353745183151e+01,2.576194555881210135e+01,2.632383025348656247e+01,2.636227764779033578e+01,2.596508479519098955e+01,2.618089837668657083e+01,2.852932043454040922e+01,2.984411443859727342e+01,3.106355440374971977e+01,3.052168145891778295e+01,3.233915786531571257e+01,2.991712235306812318e+01,3.103866804954208192e+01,3.124232580456242658e+01,3.147476608596571168e+01
2.421990953475216202e+01,2.365541991196789695e+01,2.525702855176245976e+01,2.468606945228128779e+01,2.465049134861266111e+01,2.514496584196291451e+01,2.481849263781418813e+01,2.447384884530879390e+01,2.629924028186559326e+01,2.671347145447282401e+01,2.829391822280484803e+01,2.814780510441630668e+01,2.855552227641805985e+01,2.781496926875433928e+01,2.938497074424969924e+01,3.109341696688210277e+01,3.004252224173785635e+01,3.041048123255427527e+01,2.961614378794081404e+01,2.960191052810847623e+01,2.874281055938678264e+01,2.913446215030626263e+01,2.732767325093811905e+01,2.657032631609922646e+01
2.442059800377091960e+01,2.445194424278685119e+01,2.509471321234951802e+01,2.513924839689065038e+01,2.563401015506764224e+01,2.414612924197746224e+01,2.395313606087466951e+01,2.397681115562721743e+01,2.740847731055185932e+01,2.775914090045614557e+01,3.052881081148939302e+01,2.966851407715057576e+01,3.073101165931507239e+01,2.915397962739496052e+01,2.884926857679710110e+01,2.949973875811457447e+01,2.901185487298590715e+01,2.890595053362164890e+01,2.776989110283858508e+01,2.865064192632166851e+01,2.701401026103138747e+01,2.791965838567131186e+01,2.724590586202992881e+01,2.697700424651037565e+01
2.448038221908171863e+01,2.430800642326937577e+01,2.407324116036681971e+01,2.390901656814293119e+01,2.381212321698563983e+01,2.464523197282971978e+01,2.534774281812076424e+01,2.630084360638113594e+01,2.789899635981561232e+01,2.853491866351697581e+01,2.656897906609060556e+01,2.679699018129264232e+01,2.786660096660557429e+01,2.787203695569257889e+01,2.739786546049055005e+01,2.738126047943018193e+01,2.776473993548660246e+01,2.797473360018585709e+01,2.643151900595245252e+01,2.790965448581687269e+01,2.756483817640503275e+01,2.661544006245952687e+01,2.709228241087043898e+01,2.736190138257921944e+01
2.628153499387826741e+01,2.629940874179357024e+01,2.519592530252811002e+01,2.604890514080420871e+01,2.611342110370162573e+01,2.588403084808101084e+01,2.638859487184555519e+01,2.614511107946390212e+01,2.636916461530421429e+01,2.678762239327107864e+01,2.666501566364019027e+01,2.805822921603243003e+01,2.638374105830388316e+01,2.675721652789081872e+01,2.691321512815716233e+01,2.752378592861225570e+01,2.605208392811158546e+01,2.730606959620621410e+01,2.741396849665852642e+01,2.798324984212689515e+01,2.743241899006358153e+01,2.625811028038503991e+01,2.750064381284357751e+01,2.773505914215132862e+01
