2.928784374758572540e+01,2.965675296986660214e+01,2.826320169703956253e+01,2.908798581540742134e+01,2.849929781036092891e+01,2.852412747897506051e+01,2.828139977907699176e+01,2.887440265750842627e+01,2.890186960961062823e+01,2.747153820080313835e+01,2.857531895454337700e+01,2.914612793939892299e+01,2.928456983735361518e+01,2.968344842778748216e+01,2.939728253281793968e+01,2.967612771503155500e+01,2.922332732859814541e+01,2.934532222609436758e+01,2.874871069013357783e+01,2.880297463529774404e+01,2.954186351574315950e+01,2.897984021488730377e+01,2.918402025579285919e+01,2.909776437019917239e+01
2.949431752825262265e+01,3.033724598381445503e+01,2.841675548201078527e+01,2.915926646885782247e+01,2.980379986563292505e+01,2.881242844551798044e+01,2.981164696485302557e+01,2.956789444079811346e+01,2.931545809359971599e+01,2.978076829171436657e+01,2.922345371571543637e+01,2.905633757919389382e+01,2.821092925311592126e+01,2.934437806263991888e+01,2.979229447446721224e+01,2.893280709989625166e+01,2.855335144964357141e+01,2.915472185163821450e+01,2.936129560147486472e+01,2.817972423495353951e+01,2.965187650244666884e+01,2.967975521249286430e+01,2.860403923242239443e+01,2.799879521922036929e+01
2.845246668391973799e+01,2.836600711291180232e+01,2.901967225255299354e+01,2.866090250864203881e+01,2.872702003991952324e+01,2.906785076193983741e+01,2.874450039681249791e+01,2.913642426811213682e+01,2.878340185471017776e+01,2.972506046281137060e+01,2.976014435931546132e+01,2.897334303217041906e+01,2.883106363321371646e+01,2.885664469652118669e+01,2.831046608595937641e+01,2.973639801124039650e+01,2.885438314121080339e+01,2.883896286720113267e+01,2.881149352805579156e+01,2.897049437233278013e+01,3.013777952706033147e+01,2.973574604314222825e+01,2.857239590147759145e+01,2.942767441785360916e+01
2.862876546453276205e+01,2.926086314202404992e+01,2.877769980883249445e+01,2.963998781917604219e+01,2.852904165667297320e+01,2.926521333683285775e+01,2.939164598824288532e+01,2.973003751730777822e+01,2.831276522014894681e+01,2.944175910917579131e+01,2.799819134966918455e+01,2.922536586861900787e+01,2.922411484461616737e+01,2.927086513599755335e+01,2.930112638436679617e+01,2.910222569570760243e+01,2.924267173070273884e+01,3.013198451370732300e+01,3.004677332648429910e+01,2.989735756780277143e+01,2.895185689767816939e+01,3.005402982314905103e+01,2.849506565207150288e+01,2.977806999736139915e+01
2.741990678120282610e+01,2.820465796651109258e+01,2.819931699316117601e+01,2.868362305077636165e+01,2.949323605528610415e+01,2.864179883083130562e+01,2.876783332071869381e+01,2.889484033400412955e+01,2.822724057472072445e+01,2.876372443156571990e+01,2.902848451351258063e+01,2.953100743298273301e+01,2.783308878513122409e+01,2.948233992301635453e+01,2.849493932142024732e+01,2.809566535981173274e+01,2.832877083826838316e+01,2.881715715331296224e+01,2.969430898745872582e+01,2.898594040486864287e+01,2.857193785606654046e+01,2.825562232980132649e+01,2.754762985532329367e+01,2.903192302201495067e+01
2.967846998602146869e+01,2.899686311643603176e+01,2.893440049553151994e+01,2.877213473565927870e+01,2.930267182410466376e+01,2.930723513504386801e+01,2.948298294929804797e+01,2.940047052500796099e+01,2.848340988704768506e+01,2.931934743853310010e+01,2.941911120917120570e+01,2.920796324303285019e+01,2.921326475708110593e+01,2.962533038268327346e+01,2.832635666108927808e+01,2.866712922336517977e+01,2.879045796080964692e+01,2.861743751825781601e+01,2.976304385501862271e+01,2.998643585567629088e+01,2.862412337640574833e+01,2.929807703013784703e+01,2.919147109048162747e+01,2.992230731121344434e+01
2.990671951328846490e+01,2.912493962196737129e+01,2.898412246665674274e+01,2.953193911131387495e+01,2.963594021264196954e+01,3.012319120810769846e+01,2.837487687470826359e+01,2.870768292627417395e+01,2.833377261099832367e+01,2.837356176307042688e+01,2.855513639780303947e+01,2.910137182378451826e+01,2.915289442277565968e+01,2.917800932438206019e+01,2.909127501684088202e+01,2.921455876333664037e+01,2.869242166821783258e+01,2.866668210814282247e+01,2.990863603252569192e+01,2.926973810321305791e+01,2.932067060033341477e+01,2.858057768784641439e+01,2.939926835608895317e+01,2.889781484933433831e+01
2.965627872378217944e+01,2.933813007989493826e+01,2.877831320837867679e+01,3.093694307230759932e+01,2.836931281829521367e+01,2.977976734158573890e+01,2.894834103635969313e+01,2.963733370793386257e+01,2.870312024032313047e+01,2.934500519686258713e+01,2.825008398332448678e+01,2.953165011602453660e+01,2.927757121074455426e+01,2.897900502392423050e+01,2.844458782452551304e+01,2.884316828887847350e+01,2.818707851598031766e+01,2.982050869661350134e+01,2.950181346303497776e+01,2.878499792200562979e+01,2.909081701895826200e+01,2.858811475733688212e+01,2.940577457000347295e+01,2.974164078551683588e+01
2.839485052716401015e+01,2.843377572778337026e+01,2.945997119105550155e+01,2.858965878956348661e+01,2.952009303388740591e+01,2.853798609815549980e+01,2.865558849187141277e+01,2.933578373072759859e+01,2.877485264496732498e+01,2.906638606524688839e+01,2.938403785899816967e+01,2.895673583755495883e+01,2.900362065092042485e+01,2.924227808573641596e+01,2.941444316502924039e+01,2.861406515645347781e+01,2.841487211863761786e+01,2.848246819652570139e+01,2.774834486735545624e+01,2.854725392014910312e+01,2.867512688249564690e+01,2.984255997910736369e+01,2.850697860739063572e+01,2.884965751110951260e+01
2.987907205932134502e+01,2.892749136671841370e+01,2.839563196653182331e+01,2.929927589033195545e+01,2.905406450340512947e+01,2.851785781228085170e+01,2.845008874753517603e+01,2.919480582026750426e+01,2.914367118858456251e+01,2.903510536053715896e+01,2.963149133396495927e+01,2.873866736569175373e+01,2.920611094146528330e+01,2.850238081065714368e+01,2.829950547999783339e+01,2.953069938295254815e+01,2.859498949806925339e+01,2.915094742643441350e+01,2.928351244779247509e+01,2.924796563881608336e+01,2.868102537512862682e+01,2.897324479589258317e+01,2.883750863117751351e+01,2.938037984575464634e+01
2.889695385824495588e+01,2.900115320498866822e+01,2.879903771030029702e+01,2.858566340875557898e+01,2.888458522999462730e+01,2.794846367612530003e+01,2.860237744513932512e+01,2.887372580266901423e+01,2.934100623934534724e+01,2.989266912664481879e+01,2.953145287342266556e+01,2.917121214575433896e+01,2.977315567377979733e+01,2.923744863078718481e+01,2.882847986570726562e+01,2.880572106299632651e+01,2.900830105998613817e+01,2.860026214462362759e+01,2.896186345126653805e+01,2.872675517499362741e+01,2.879473264097777019e+01,2.875408757679355176e+01,2.883655168040996841e+01,2.891322521053064065e+01
2.952222906888147236e+01,2.926004989585635485e+01,2.836744709116044305e+01,2.938265117242713131e+01,2.942767503241316263e+01,2.954098672540976622e+01,2.971211363827467267e+01,2.962677057663040614e+01,2.911731378027803885e+01,2.939402112123281086e+01,2.862171267010018028e+01,2.956857609713620150e+01,2.842498236458322936e+01,2.902381052272846773e+01,2.822463344115567452e+01,2.927217105518161588e+01,2.821566193049409321e+01,2.871530491509497551e+01,2.880505381464553238e+01,2.989959468447898416e+01,2.841539608289036778e+01,2.918451724874017827e+01,2.903762778316661297e+01,2.883066458600598025e+01
2.822155040416373595e+01,2.882553246238700240e+01,2.904110092249294439e+01,2.900975543024389935e+01,2.863112981827754311e+01,2.884561361802525425e+01,2.926224111394850524e+01,2.822558059913529860e+01,2.854275432970496240e+01,2.932665013657964437e+01,2.915081475513164833e+01,2.823898454681886960e+01,2.852339859271137357e+01,2.952522397988502689e+01,2.925767236878886024e+01,2.848800508091301253e+01,2.934698262717199668e+01,2.871926234213486850e+01,2.845142602322852099e+01,2.886358840800494363e+01,2.938821413538005345e+01,2.888906262145053461e+01,2.919404131463608110e+01,2.898822497190712966e+01
2.887303291696628094e+01,2.853288329893132413e+01,2.838664027351535424e+01,2.803660035530111827e+01,2.867885581313692001e+01,2.867625861893134243e+01,2.908969770875074801e+01,2.883817824845374389e+01,2.909227582725992534e+01,2.860336632274913882e+01,2.925517841242674422e+01,2.878184628597654182e+01,2.842716901451507283e+01,2.849405461562110986e+01,2.880751662268880864e+01,2.871245616406037016e+01,2.922571191373594957e+01,2.884584974109674249e+01,2.886579431743967916e+01,2.934089542002737971e+01,2.834882754117887771e+01,2.916720558963902477e+01,2.915261048952788769e+01,2.860518827046706747e+01
2.905898660538866807e+01,2.856798134172458958e+01,2.860836993735887290e+01,2.815748212311837051e+01,2.947781369363286785e+01,2.952263906346621525e+01,2.863318905529882841e+01,2.905543327957116162e+01,2.910896444911850267e+01,2.814491339517320512e+01,2.914914244356447171e+01,2.960814434493079261e+01,2.831387321451313710e+01,2.846916733011750011e+01,2.917918630383280743e+01,2.813027951883009337e+01,2.937929053969247661e+01,2.924670212608481279e+01,2.924343628429920727e+01,2.953522006779911635e+01,2.958634184290912117e+01,2.886562973839198776e+01,2.910688172682245067e+01,2.882093493982785049e+01
2.958476383193703896e+01,2.889459944902245070e+01,2.880404317193500674e+01,2.941706804539632003e+01,2.906586599955517158e+01,2.946705945078969080e+01,2.900629198591099112e+01,2.861305475163862866e+01,2.793933479732413616e+01,2.900158350955132391e+01,2.856727878873266491e+01,2.933040158163214528e+01,2.838303120476359709e+01,2.887947781966710181e+01,2.859237106206035151e+01,2.982042954244104749e+01,2.869039749556310426e+01,2.894648557079051443e+01,2.965455035784702886e+01,2.980385210295276011e+01,2.799192920176329835e+01,2.946662674204475252e+01,2.899656591525246085e+01,3.059024778779576081e+01
2.874753863322581537e+01,2.933264697367167173e+01,3.023109834998098222e+01,2.944771979421534525e+01,2.935925216694812434e+01,2.905393972825589799e+01,2.821972166070662524e+01,2.893362715368937188e+01,2.888337262621365653e+01,2.813715238317263356e+01,2.828453017179862172e+01,2.855045377127822803e+01,2.897917148818692112e+01,2.812290899542955458e+01,2.983999308510431092e+01,2.891503466922222287e+01,2.842912213180153458e+01,2.899612723288635152e+01,3.007331199886931472e+01,2.929987184036377812e+01,2.924420691452399979e+01,2.854812367311700427e+01,2.878010766160230105e+01,2.876045762462541688e+01
2.872360623072347607e+01,2.859958550926393173e+01,2.860779853541771445e+01,2.897157378351153056e+01,2.863552362043031962e+01,2.933438055873591566e+01,2.835051989784562920e+01,2.932852542189579026e+01,2.895829738848794932e+01,2.865212832193168424e+01,2.928557084828207735e+01,2.865212832193168424e+01,2.877941501022877446e+01,2.930755064518450581e+01,2.817018490787796736e+01,2.813776088804064557e+01,2.816221740277723029e+01,2.909422735301330931e+01,2.965503603893222362e+01,2.950885011222806042e+01,2.931325703466018240e+01,2.871394932485225127e+01,2.987443983655714419e+01,2.886816660096781106e+01
2.908675263223574348e+01,2.897957547024901714e+01,2.970861485449540851e+01,2.918254623226340527e+01,2.854549415672710211e+01,2.863690053202338959e+01,2.940879342338621427e+01,2.840278392149383535e+01,2.870029060971671697e+01,2.922953721323631271e+01,2.891085272195448397e+01,2.893303745022041085e+01,2.941645795619342607e+01,2.970363628974206449e+01,2.920337900238706652e+01,2.968498992571255712e+01,2.881509921350391323e+01,2.908858093682329127e+01,3.004580185666770831e+01,2.873544681070143270e+01,2.918726380855713387e+01,2.850420613162913241e+01,2.934125133850199063e+01,2.921887983399949462e+01
2.749390919204643069e+01,2.909169140090830297e+01,2.940981888279213763e+01,2.892265469499920982e+01,2.977800605954513458e+01,2.952570306751908902e+01,2.862939167256718065e+01,2.925232455533159737e+01,2.923394094621443173e+01,2.975985449283149364e+01,2.869963899375562733e+01,2.929541708055006666e+01,2.913832911371764567e+01,2.930324236084521772e+01,2.925918201182321354e+01,2.998733305592719489e+01,2.992872100145331160e+01,2.946812316165966195e+01,2.878710917439821060e+01,2.953834360683566729e+01,2.866545130889829807e+01,2.906725930147865711e+01,2.834639307339858760e+01,2.960534788154075159e+01
2.887750468523478276e+01,2.830871204077743641e+01,2.909927201218420123e+01,2.867548792813249747e+01,2.942682831436030710e+01,2.865949991099466843e+01,2.963404246742561554e+01,2.832215368273074318e+01,2.914398337771632441e+01,2.908125317724221759e+01,2.969062391083053853e+01,2.956611358495786135e+01,2.815193177493085841e+01,2.857424808118696546e+01,2.867989447677973658e+01,2.922679605987747209e+01,2.956749696563252883e+01,2.964900969443920076e+01,2.902195158026842137e+01,3.009527553191031757e+01,2.956058104643659590e+01,2.924647089979521297e+01,2.983162228333856092e+01,2.935456016341873919e+01
2.755312484461830991e+01,2.863001649560521855e+01,2.880032764509348908e+01,2.884324735397956374e+01,2.882224600002479065e+01,2.942215047033425890e+01,2.882694231946618402e+01,2.950951119199748973e+01,2.944436560021148352e+01,2.993063229998159613e+01,2.928392144365295735e+01,2.814293886853840831e+01,2.946125517568663099e+01,2.961427649570981657e+01,2.867735405922275049e+01,2.913912629816167055e+01,2.906648362750343040e+01,2.852577844829596643e+01,2.953336794366850881e+01,2.929474285729787653e+01,2.880370858735420825e+01,2.928307280938776103e+01,2.985597216693804512e+01,2.902913293780159165e+01
2.945884474002531306e+01,3.007082038332731599e+01,2.982447141125618373e+01,2.916202514976220073e+01,2.896130290065156032e+01,2.917590576496047561e+01,2.861322026586816492e+01,2.917817815980305340e+01,2.867064746370630246e+01,2.937602772112330740e+01,2.883369820425690477e+01,2.936139834421936712e+01,2.900362065092042485e+01,2.916312337129056687e+01,2.865033570432581200e+01,2.869639833637484116e+01,2.917600257140986741e+01,2.938670347354246815e+01,2.976786002904856332e+01,2.872474126345537115e+01,2.909523114109254038e+01,2.968797671435470420e+01,3.068634781164359993e+01,2.874667825511056662e+01
2.886530445501233544e+01,3.044276869275978470e+01,2.866093412860533363e+01,2.939944543486404882e+01,3.004932118382077988e+01,2.866416881277581297e+01,2.930357284846513721e+01,2.986453712856791753e+01,2.839726708072424799e+01,2.771138831686795356e+01,2.772517117476519388e+01,2.950828909035641345e+01,2.939291187747653566e+01,2.988313497074409497e+01,2.839967342768085246e+01,2.996468403652778534e+01,2.907684340723881178e+01,2.976354892760093662e+01,3.024080070623602978e+01,2.997114726426110565e+01,2.875811226965214473e+01,2.954065472823452865e+01,3.015247677502327406e+01,3.101171532091882455e+01
2.933948859744828042e+01,2.893535413545373558e+01,3.027828452135702264e+01,2.959629819779331683e+01,3.021411023046846367e+01,2.958562620999799719e+01,2.908790153408563128e+01,2.802406948046854041e+01,2.857948774082126420e+01,2.824490918929939198e+01,2.871999198331531034e+01,2.874359862397261622e+01,2.943997936921965675e+01,2.917206480939023550e+01,2.875588647084884997e+01,2.946894371373394961e+01,2.945703479607038844e+01,2.937850139918714376e+01,2.867482583655186090e+01,2.973127284691332761e+01,2.942210896502405149e+01,2.948322458061636553e+01,2.918713743090034995e+01,3.027518640716976961e+01
2.906441987070201094e+01,2.933865503751917458e+01,2.912538784966614003e+01,2.918406158318498456e+01,2.830664867503827509e+01,2.857945549568614751e+01,2.872478064462421798e+01,2.904210532207895312e+01,2.873113710896939210e+01,2.950418894929509861e+01,2.956455464284971413e+01,2.933765009833365411e+01,2.927956906716883623e+01,2.945763912654297201e+01,2.876942408090104664e+01,2.905993601746808963e+01,2.875621413839320439e+01,3.010204941101727627e+01,2.906073476687032553e+01,3.007322929111086296e+01,2.845418237685731810e+01,2.946572528720076889e+01,2.958792798522108569e+01,3.060153499221911488e+01
3.000848626701451849e+01,2.969262327783889077e+01,2.867152414194441690e+01,2.918884602120374439e+01,2.822604748744731751e+01,2.928855245462295898e+01,2.874559698185152001e+01,2.879007330324276381e+01,2.873079072154797586e+01,2.873547757919391188e+01,2.941874098106200108e+01,2.865181104619227881e+01,2.931457260049756997e+01,2.963968234435031945e+01,2.902611361314558280e+01,2.882697530661999963e+01,2.943104383030413373e+01,2.935516202103798378e+01,3.041816345422768109e+01,2.911049146989893188e+01,2.876215370069718347e+01,2.908424845505254552e+01,2.923303519788646554e+01,3.023017132327242962e+01
2.893040279660328906e+01,3.006121842100441199e+01,2.862344624267529980e+01,2.982281568964020835e+01,2.848426507817140418e+01,2.996897680402457809e+01,2.904150107267770409e+01,2.966506019248595294e+01,2.778660006999899679e+01,2.875249687741046500e+01,2.831418433506672727e+01,2.900639291123843577e+01,2.894225943770214826e+01,2.976558200689112255e+01,2.932116014496079970e+01,3.011116664352709904e+01,2.946084686208587300e+01,2.950730459743687106e+01,2.932650814083535806e+01,3.053539487101954819e+01,2.948214663721171291e+01,2.989896353691926834e+01,2.924173963094580131e+01,3.080283576868106366e+01
2.946021516374241855e+01,2.759364816106301532e+01,2.903679403161879691e+01,2.769113971607686153e+01,3.009550350976201116e+01,2.856143349724243308e+01,2.848089912288060077e+01,2.818398168112713620e+01,2.890872784783181260e+01,2.877322808771242535e+01,2.983328835414556579e+01,2.917559917621548493e+01,2.924694766533838219e+01,2.964252633684350258e+01,2.911801203666090032e+01,2.996151120860668016e+01,2.939356172269043554e+01,2.920007733319675935e+01,2.793774868583386706e+01,2.868699414360190758e+01,2.875545502072054660e+01,3.078024979116889881e+01,2.912098529508688216e+01,2.930958967181368280e+01
2.875758630924786985e+01,2.902642283928850020e+01,2.815046576287306834e+01,2.939558178778321462e+01,2.841907390696405855e+01,2.938309451585365650e+01,2.943691965249820441e+01,2.809621830558057809e+01,2.779765693951361527e+01,2.846337305792297911e+01,2.836998369152621535e+01,2.888233165758447285e+01,2.870047885395985077e+01,3.018729904223647509e+01,2.783726895800492684e+01,2.853537743322260667e+01,2.929900339184331415e+01,2.958708387177370014e+01,2.848744598438673847e+01,2.836633362250341861e+01,2.938811057886891831e+01,2.880058181675804008e+01,2.922950969187149894e+01,3.003177210776107131e+01
2.928026132596636444e+01,2.813823992446236844e+01,2.928540843990907661e+01,2.964604340047583264e+01,3.004535656545448319e+01,2.863989213048267857e+01,2.872817383579615580e+01,2.844588496119303045e+01,2.990382160144298496e+01,2.825210904636145415e+01,2.973185182539924654e+01,2.895724662373470437e+01,2.863133302740556019e+01,2.865321354712455104e+01,2.910693884968458178e+01,2.970781878513781749e+01,2.983064455558496775e+01,2.921500825626901587e+01,2.950131749573853313e+01,3.032699138233942904e+01,2.937088758889109386e+01,2.860855064758845856e+01,2.954186351574315950e+01,3.009555885678724962e+01
2.975420542391879053e+01,2.902250392965532910e+01,2.912784332450303282e+01,2.960296958266519596e+01,2.812428584099433237e+01,2.983239653614492681e+01,2.884182766089850247e+01,2.845558896189095321e+01,2.787955227621415588e+01,2.949217493232640663e+01,2.803998354737694854e+01,2.971781733704074213e+01,2.893010303878804734e+01,3.021435762438466099e+01,2.959468402303093626e+01,3.030807023271000844e+01,2.957249097422260320e+01,2.964883065325687994e+01,3.063850355422226812e+01,3.013616024656312220e+01,2.958143357961489528e+01,2.983790780806697285e+01,3.043340613383531945e+01,2.926730164940619261e+01
