2.463455107215503403e+01,2.443167357180226418e+01,2.549511940910684871e+01,2.422048428469548753e+01,2.404116539877912828e+01,2.356928148050894833e+01,2.418472014627184308e+01,2.459849181125770201e+01,2.424876625719798540e+01,2.488727139341114025e+01,2.317841009345443126e+01,2.450270742198688367e+01,2.369146445758053687e+01,2.479852790436206078e+01,2.421174929517286500e+01,2.456154167691943258e+01,2.453114031690370211e+01,2.492816289378043848e+01,2.612673684959707998e+01,2.601432360836952284e+01,2.423463784465178605e+01,2.415051402954179594e+01,2.590752747157119984e+01,2.609971547237790901e+01
2.319653215570752991e+01,2.315331755529433622e+01,2.361649425327595964e+01,2.374674247981624831e+01,2.396703695208094587e+01,2.431277090087428405e+01,2.369501564778124703e+01,2.380507537280186625e+01,2.475835019211206145e+01,2.350610111120590773e+01,2.305388432288810918e+01,2.405693633743248938e+01,2.392813875823253511e+01,2.349727787426417080e+01,2.425922090408312215e+01,2.325125775740252720e+01,2.300605313273968022e+01,2.439715645481226147e+01,2.293090743995600178e+01,2.409952425334745385e+01,2.441952134165308053e+01,2.521328015087038921e+01,2.438018014676526946e+01,2.551890116466540803e+01
2.441115489985236309e+01,2.591782957866973902e+01,2.433561491672736565e+01,2.526817918748827196e+01,2.389909882305443034e+01,2.524305663392453880e+01,2.270388573946200950e+01,2.383467303914704871e+01,2.446677544628118994e+01,2.419623812565021126e+01,2.451356692189551723e+01,2.254035257671898762e+01,2.291419847161245116e+01,2.450228831204373137e+01,2.362125879901628878e+01,2.268722365446069489e+01,2.402198719676971450e+01,2.282517465060453787e+01,2.419857235018429265e+01,2.447559723859848191e+01,2.407825240437421144e+01,2.416925984302599772e+01,2.416081107842614983e+01,2.623187190363779564e+01
2.489282805102078555e+01,2.558011536195726876e+01,2.509674800214918378e+01,2.434009806492332473e+01,2.539861146258112967e+01,2.438871001424456608e+01,2.502378249071136906e+01,2.365487637881227556e+01,2.467846812117431909e+01,2.354011984913495326e+01,2.405016994560406829e+01,2.288036343260205285e+01,2.340737056391054693e+01,2.392020812649968775e+01,2.411631379139396358e+01,2.315470770628547825e+01,2.323271134904922519e+01,2.250460727047561704e+01,2.492366560895391103e+01,2.330177954441450083e+01,2.428586517020227120e+01,2.368206907104246284e+01,2.414661441163229938e+01,2.430527364192448658e+01
2.433753493857341255e+01,2.414999895123099805e+01,2.463947654869048165e+01,2.489451237994944677e+01,2.516746717393988320e+01,2.411061890518652717e+01,2.403638046578885223e+01,2.422332562810998979e+01,2.365190546770770652e+01,2.422940866742686694e+01,2.405388090336890627e+01,2.556730081167540902e+01,2.397148953810955163e+01,2.355935399048462386e+01,2.348170976448722058e+01,2.346393444747752710e+01,2.312360557479541967e+01,2.404842613571963739e+01,2.294309961588783153e+01,2.284777966941908289e+01,2.345307364753091406e+01,2.273610811901539819e+01,2.268815285676140547e+01,2.178501519879506532e+01
2.427864311990254009e+01,2.417026043584752415e+01,2.521003028820405234e+01,2.315208386891958980e+01,2.457516758219543362e+01,2.487177403512811225e+01,2.533071531848997893e+01,2.487388469274094405e+01,2.519856288501426889e+01,2.452218525555525730e+01,2.432123337122868634e+01,2.474934152831218626e+01,2.468345197888862685e+01,2.438861667984986070e+01,2.546043118895329371e+01,2.341127564337375588e+01,2.386032883352754652e+01,2.294578101035693862e+01,2.390284505037584495e+01,2.298025984652383613e+01,2.294333668198174792e+01,2.208901511789230199e+01,2.381359150438402139e+01,2.393620879231292520e+01
2.600816606046862489e+01,2.483182890424990319e+01,2.488947754436719606e+01,2.529826105410069204e+01,2.480898294875242982e+01,2.498830133553906307e+01,2.459729727242813624e+01,2.593097179260513485e+01,2.633272339669531448e+01,2.457066645231344637e+01,2.516281999869408992e+01,2.562267125529251643e+01,2.482685491989883531e+01,2.402161702643002172e+01,2.528038222150490810e+01,2.515355655505027244e+01,2.456950380304914461e+01,2.521088413977776099e+01,2.507068883399699644e+01,2.567877662740914957e+01,2.548601012722798487e+01,2.520101703610220056e+01,2.450079164306384882e+01,2.527607942870946545e+01
2.555940970263321788e+01,2.484070662118256223e+01,2.455724954965012330e+01,2.491880406428276729e+01,2.541241395020699656e+01,2.560370201000807810e+01,2.449236595698471319e+01,2.462793909116942359e+01,2.529537484635682176e+01,2.502194305972415123e+01,2.565126274493621850e+01,2.497931115586334272e+01,2.525679491004649435e+01,2.551469668805577840e+01,2.529556260709671278e+01,2.590651619354065360e+01,2.652978804267542046e+01,2.418040165933882690e+01,2.513660017648851408e+01,2.499834946194636132e+01,2.535378380190337566e+01,2.562981282555500684e+01,2.521661361451015182e+01,2.432896636633154230e+01
2.275940974306206499e+01,2.516173307975810758e+01,2.295957418108224601e+01,2.486323144722058487e+01,2.549312796113281365e+01,2.528285541461889352e+01,2.435718309283737426e+01,2.415448115653498462e+01,2.458461415505456671e+01,2.527608505439019382e+01,2.477996142382477274e+01,2.456599805554486693e+01,2.488352493058727077e+01,2.586518508598624067e+01,2.444720550931566549e+01,2.562171937771466901e+01,2.483454783663620447e+01,2.582413355412302280e+01,2.456378976455602015e+01,2.540454683471597264e+01,2.524501080091562244e+01,2.554421040288639233e+01,2.389237365976242700e+01,2.503875560499346875e+01
2.479034674840693242e+01,2.411054681854335513e+01,2.481825430498003016e+01,2.535604167827898436e+01,2.413627220203215984e+01,2.384932465136000701e+01,2.420062281746197641e+01,2.410752778199110935e+01,2.540232231613742897e+01,2.424474540370715658e+01,2.567559337620213000e+01,2.483573273973428286e+01,2.499675953919086169e+01,2.503231587697035820e+01,2.478626741893691587e+01,2.502314650434220766e+01,2.440221671400337300e+01,2.499363471974930917e+01,2.531066686285811329e+01,2.569624871978379588e+01,2.513841698851837236e+01,2.514772134111279911e+01,2.542702679466350446e+01,2.432032013216866062e+01
2.366216799134218718e+01,2.365690853054013587e+01,2.388204947925999022e+01,2.527625040881309815e+01,2.443554094987950975e+01,2.454789707857690928e+01,2.419669338474301412e+01,2.364887596094939681e+01,2.476016567681955394e+01,2.434109764565795331e+01,2.541455349632610705e+01,2.532306296219121577e+01,2.494968949809924652e+01,2.571295424474254787e+01,2.448774844168394793e+01,2.576504182093913187e+01,2.540931682327624230e+01,2.546247037389309753e+01,2.485152207156824034e+01,2.595958873127193556e+01,2.676966574478927896e+01,2.594038774039358941e+01,2.623004246270386375e+01,2.542737131229432634e+01
2.335528812785634045e+01,2.438126756137455686e+01,2.514654878214741984e+01,2.321695629131085070e+01,2.472266977309919866e+01,2.576991703074605766e+01,2.476833272036992639e+01,2.451331898552155053e+01,2.499093726845393348e+01,2.474642699424686043e+01,2.478423895278228883e+01,2.471098261204082291e+01,2.522656026308294486e+01,2.582024091209609651e+01,2.519764431194528242e+01,2.422619852794747430e+01,2.519254906779588055e+01,2.435814193838979236e+01,2.623638587102868769e+01,2.576804132290664029e+01,2.533401352554432151e+01,2.504645930288256750e+01,2.557485410679208826e+01,2.590159834433353581e+01
2.349032953863434159e+01,2.314922378651328927e+01,2.328019536530632649e+01,2.330012272177043542e+01,2.430652485200971569e+01,2.398194287863896079e+01,2.448235151158343115e+01,2.414290904640040480e+01,2.353003741592942788e+01,2.420500106131578377e+01,2.396024106287052291e+01,2.342294208424033286e+01,2.475508392723759243e+01,2.353004413239534642e+01,2.351119834860975288e+01,2.496457900874526104e+01,2.393337651791568987e+01,2.455470939941460529e+01,2.393820763827079645e+01,2.543848627096656401e+01,2.619351751736098777e+01,2.503913038421740112e+01,2.571410156582618356e+01,2.461149873839428892e+01
2.385714534726366765e+01,2.378727695390233521e+01,2.305992933822062696e+01,2.334426886955588998e+01,2.496662634645855405e+01,2.520176220312998794e+01,2.370894089717859288e+01,2.471720962815925304e+01,2.486681393378188432e+01,2.390968895742923905e+01,2.451998037035315292e+01,2.389733074039435223e+01,2.310417289424526643e+01,2.386190836316689001e+01,2.535919123326243607e+01,2.393991508212923236e+01,2.409926029087529287e+01,2.445866448311085151e+01,2.544481480841335497e+01,2.444918110132493894e+01,2.486305846128834673e+01,2.523036745364817079e+01,2.521536438093579591e+01,2.417325030317459778e+01
2.417364657639461711e+01,2.376199300833661709e+01,2.458677918861434364e+01,2.400034278934361964e+01,2.420841714258619959e+01,2.489066926836324001e+01,2.422094719852043454e+01,2.524048493164957563e+01,2.463028490955377947e+01,2.355115761852943024e+01,2.477553903736486518e+01,2.501176624557973582e+01,2.409776288605769423e+01,2.519680941190387102e+01,2.395158443743014232e+01,2.469019749895494442e+01,2.469289588422191173e+01,2.393982557028647307e+01,2.475883685134027701e+01,2.464415211724275423e+01,2.441862835075374960e+01,2.432038795321830094e+01,2.547435902877998615e+01,2.450424182533271278e+01
2.360568343849371331e+01,2.316574664330784117e+01,2.429165702007202299e+01,2.439513454515281410e+01,2.354841177473508651e+01,2.490446723401282725e+01,2.415872683062411852e+01,2.393439520271448373e+01,2.368788674907511904e+01,2.411173811370662179e+01,2.414302122933497685e+01,2.390875799084170694e+01,2.390458600455008309e+01,2.394362214121832722e+01,2.460795296815297206e+01,2.485486788273323100e+01,2.444777518625579660e+01,2.419718275852989109e+01,2.473540551709663760e+01,2.407047391842621664e+01,2.522520879910348413e+01,2.494966570633084757e+01,2.566913365117756030e+01,2.561528943934462177e+01
2.358559522447154677e+01,2.363565350100031992e+01,2.371638541704493264e+01,2.409929236960005028e+01,2.261390931702175067e+01,2.328848105763159992e+01,2.354692220294367644e+01,2.366136432939657652e+01,2.333130579644279123e+01,2.416173703031552122e+01,2.305236432774881905e+01,2.405368609102333721e+01,2.372804702564116042e+01,2.373130765860986457e+01,2.276141267178934413e+01,2.486982246468915037e+01,2.404348310847149151e+01,2.380972302057170964e+01,2.350773361137908068e+01,2.431056403078144967e+01,2.386144568616020933e+01,2.428989098664123958e+01,2.471735654022484141e+01,2.614117733723901438e+01
2.186500876762937651e+01,2.360796262768775478e+01,2.483985385324081108e+01,2.319311744545439069e+01,2.325484882534664166e+01,2.386604515910283908e+01,2.449012511812463799e+01,2.376172919785449267e+01,2.432583262512179090e+01,2.406156926404491969e+01,2.400197127489121840e+01,2.355518063188389988e+01,2.312523786357900235e+01,2.336226575454452359e+01,2.398169215022289791e+01,2.383861960835446325e+01,2.452371599920275003e+01,2.384175150615078564e+01,2.439664202344420119e+01,2.479146683870374090e+01,2.475447847731356887e+01,2.580492596501966318e+01,2.808135282632878216e+01,2.991489470386864014e+01
2.459801182104115469e+01,2.397910930944146912e+01,2.320282238042005929e+01,2.354618989843703503e+01,2.419593866299743468e+01,2.453110618958316991e+01,2.284082475016742819e+01,2.369147565936401634e+01,2.456594938159639696e+01,2.398481300212449696e+01,2.494136177942289123e+01,2.436524097503672692e+01,2.418207441142351399e+01,2.408265455938703781e+01,2.329118927635659020e+01,2.456834235274527600e+01,2.413116111893668858e+01,2.348171274360259986e+01,2.379605373653083689e+01,2.520699376181227080e+01,3.015910101142321764e+01,3.129031729618355939e+01,3.224073077235829032e+01,3.288180460002195105e+01
2.311921371703482464e+01,2.393860190948163336e+01,2.353799488889006852e+01,2.347784870999731766e+01,2.411714180840567678e+01,2.479291516815806062e+01,2.377961919692728543e+01,2.354175755256204638e+01,2.432542583230986111e+01,2.404188459857505222e+01,2.471580380729454873e+01,2.480177545480739809e+01,2.421381529672845545e+01,2.442395410641211129e+01,2.380199195108269805e+01,2.318916830325071032e+01,2.399096794097368956e+01,2.422080283772027087e+01,2.511430927442410166e+01,2.465654567831620625e+01,3.139169867151576909e+01,3.095819924406879409e+01,3.311977396702559417e+01,3.184314335857146716e+01
2.335472092634529417e+01,2.240660715796258273e+01,2.369378622861557915e+01,2.330901044109168652e+01,2.305859202089737892e+01,2.397669080411100140e+01,2.344347729044608286e+01,2.341415360546034208e+01,2.273327845353412613e+01,2.376709210309707032e+01,2.345019362785416206e+01,2.392292503431599471e+01,2.427169814273923976e+01,2.355939990186755040e+01,2.309884130350275200e+01,2.320711679359300206e+01,2.348602528015294411e+01,2.430548324194967336e+01,2.519155075431859814e+01,2.682973549095373755e+01,3.069126530859051627e+01,3.145521210550333535e+01,3.240608650938992241e+01,3.253574209476312262e+01
2.293912103131765434e+01,2.188132061370862402e+01,2.369332101108699362e+01,2.305267955748286113e+01,2.402240998203302524e+01,2.320836847982332074e+01,2.322067673298016643e+01,2.381552598359235162e+01,2.331024995772844477e+01,2.388578379486477843e+01,2.385230405392724151e+01,2.358152918271866838e+01,2.401007659483349244e+01,2.353961236049309491e+01,2.302293928337456919e+01,2.339153561574960349e+01,2.358650704168434231e+01,2.412865084094329404e+01,2.531574952188196903e+01,2.721964980432096581e+01,3.173983827755432685e+01,3.108690775934945805e+01,3.243701607523263419e+01,3.272590843679307682e+01
2.403397104705214815e+01,2.409673500368614896e+01,2.452176237754133581e+01,2.332272925597942503e+01,2.468289829779263300e+01,2.405526037109569870e+01,2.464840697590398122e+01,2.476088126195350014e+01,2.318441391971231269e+01,2.527104707517111137e+01,2.332951566601349214e+01,2.415227507675433571e+01,2.347854557431554667e+01,2.374872196150340642e+01,2.346973887003719028e+01,2.464156375632819618e+01,2.528468585230120880e+01,2.503491637377715051e+01,2.857016344906077165e+01,2.988892387230009717e+01,3.185284762717060403e+01,3.214636335113675614e+01,3.363440574580624798e+01,3.256263103354967825e+01
2.460222508629357208e+01,2.393696927492635496e+01,2.406565286978343465e+01,2.423245648053551804e+01,2.327152413587214141e+01,2.417377404231586979e+01,2.489238064975904763e+01,2.404072273998986020e+01,2.371010211031017434e+01,2.466400330159780196e+01,2.319984316029604088e+01,2.327591350437768369e+01,2.437769993223980691e+01,2.416250984965540738e+01,2.473578999101789577e+01,2.355773886236204362e+01,2.440661361574416333e+01,2.639551859230294895e+01,3.069963784588736644e+01,3.110342382189793398e+01,3.242307863443329552e+01,3.301750466962795372e+01,3.317129274619105672e+01,3.293214550539312313e+01
2.325728126076904800e+01,2.373853086880370711e+01,2.415917003083416148e+01,2.354225332197813714e+01,2.350225053739876557e+01,2.386405140992394536e+01,2.363725619365084185e+01,2.469048203285399268e+01,2.419445629671838560e+01,2.484237882248379492e+01,2.412029449776929368e+01,2.295340328967006371e+01,2.338102774836858089e+01,2.369252108376821297e+01,2.428422722244732768e+01,2.384683549442877393e+01,2.779195407777893934e+01,3.146018140031861776e+01,3.014431224749711191e+01,3.125185996718641945e+01,3.170857936443564995e+01,3.235664713552466765e+01,3.241684848846483646e+01,3.313474205342674850e+01
2.331387368355967737e+01,2.435820014306250414e+01,2.390374604484708243e+01,2.445363094956792338e+01,2.456823105223770654e+01,2.448880396669653692e+01,2.429414531606562377e+01,2.395168788813754190e+01,2.319795174325020071e+01,2.403675378847663069e+01,2.344152496774688643e+01,2.274011564558810505e+01,2.428490853483941692e+01,2.396681303388720607e+01,2.460547808664136937e+01,2.461791447311969705e+01,3.003601435105247219e+01,3.089848000288878893e+01,3.208435994117650125e+01,3.140207843714824776e+01,3.315810804140818391e+01,3.212027548182277314e+01,3.098113018121034656e+01,2.978159214871408267e+01
2.399619302626450690e+01,2.490550605198529865e+01,2.538514994265352698e+01,2.470069066659397095e+01,2.433307112000966299e+01,2.488558409571754737e+01,2.417598047884649759e+01,2.567153182475914264e+01,2.450899865378693221e+01,2.594856438154732814e+01,2.843428604044527219e+01,3.045869124180563858e+01,3.006806345899360622e+01,2.959162758556215067e+01,2.993111388053597466e+01,2.999877726558702307e+01,3.167005448241451404e+01,3.225187974714515349e+01,3.294068224420220758e+01,3.341258886628730806e+01,3.375485250337186471e+01,3.198803267052772981e+01,3.112283251784475624e+01,3.036267361701050049e+01
2.449465173217402025e+01,2.519108109076643132e+01,2.531477365653847755e+01,2.438165799689068081e+01,2.513690418178748587e+01,2.403905147447335366e+01,2.518302318318347943e+01,2.507442742697543281e+01,2.499355046744398123e+01,2.675240811928102858e+01,3.081743866905503637e+01,3.105137291415047684e+01,3.171425150603317888e+01,3.123011035790261758e+01,3.154100766037663561e+01,3.123720757702523088e+01,3.208346668299822113e+01,3.143076726311977609e+01,3.264686751113208629e+01,3.308113618851331239e+01,3.324473127525885729e+01,3.276088561211321348e+01,3.093949381820056033e+01,3.107070208453160376e+01
2.422252698154636619e+01,2.378630987551127873e+01,2.389881266183436992e+01,2.390734021323027036e+01,2.423355014137342778e+01,2.504076568193943331e+01,2.503421841749906207e+01,2.518702057201585376e+01,2.591659127234851212e+01,2.815218491303403425e+01,3.219145019679240249e+01,3.299798149056022112e+01,3.329594249144679452e+01,3.263635578681697780e+01,3.330521511111703603e+01,3.229439267383708057e+01,3.188818805739975915e+01,3.214148054201302784e+01,3.133367573652662941e+01,3.121751480694507563e+01,2.974844390067818267e+01,2.963062913389541109e+01,2.817609274216181348e+01,2.773010855712630018e+01
2.455270770419957671e+01,2.444896117121805901e+01,2.567358462875347414e+01,2.536484253891524077e+01,2.442857432205897794e+01,2.436407959828449066e+01,2.426088244405048044e+01,2.581336412308928629e+01,2.730655006116438699e+01,3.004328447617785969e+01,3.136593731871573709e+01,3.191032249325053272e+01,3.282990727197409342e+01,3.335865473958534722e+01,3.229489204971844174e+01,3.192286893067904430e+01,3.174742939680169229e+01,3.043256153101151540e+01,2.904516845105865741e+01,2.904643609854019815e+01,2.854957523510694273e+01,2.853680009864774547e+01,2.605525214080915930e+01,2.783066080332383763e+01
3.030912163860847386e+01,3.090192532894047872e+01,3.065748350017116763e+01,3.188333439501752764e+01,3.027350712028140833e+01,3.017568492894679366e+01,3.035030949674143130e+01,3.171268270268069500e+01,3.124471098633051724e+01,3.232462403918282234e+01,3.084127222274770475e+01,3.093941885793532265e+01,3.068421562810681280e+01,2.997043213501825676e+01,2.986820298029596188e+01,2.892308659880501409e+01,2.860863650145768133e+01,2.807579486789177281e+01,2.729584093588681526e+01,2.779963111310706836e+01,2.712307758167759175e+01,2.762535637561819613e+01,2.756043451068319428e+01,2.794703655990804236e+01
3.096708199481128077e+01,3.147123390916851804e+01,3.192838066801272134e+01,3.126968208300019114e+01,3.196860222635200444e+01,3.195318544837971331e+01,3.280788259876533175e+01,3.068206323770777999e+01,3.071188255641715159e+01,3.076800712417752948e+01,3.011166846888369264e+01,2.991828737299113072e+01,2.975440719198297757e+01,2.900776920120677005e+01,2.785317773232173977e+01,2.814699539520233884e+01,2.763339979813997616e+01,2.751426648110640372e+01,2.817547307221354913e+01,2.666428928326200776e+01,2.754551933221671334e+01,2.693877749655206344e+01,2.809816070199070737e+01,2.819802872787266779e+01
