2.385227182792732492e+01,2.472687536335376990e+01,2.328908246505659463e+01,2.432308846506407463e+01,2.351223217364918128e+01,2.396684101639277742e+01,2.252222531155246088e+01,2.359349078933882993e+01,2.269666988023260501e+01,2.256648691297209552e+01,2.281036256851336930e+01,2.220862106827996740e+01,2.356178661891328829e+01,2.344648370497901624e+01,2.317095445916089602e+01,2.365013764454835155e+01,2.392660094261350423e+01,2.422539961927719787e+01,2.317000800744858680e+01,2.551902473381170466e+01,2.498164627050857689e+01,2.455076890363972097e+01,2.563117014335199428e+01,2.570247370558791999e+01
2.516277123229264134e+01,2.546785525283348761e+01,2.345064375147597957e+01,2.421720250911641870e+01,2.410893121871129097e+01,2.408286478463827507e+01,2.318183404790966051e+01,2.341682504100378992e+01,2.218056331762164746e+01,2.175020436400160406e+01,2.172380160713782971e+01,2.309589707608893150e+01,2.310893779485479627e+01,2.144394122702578898e+01,2.297544215307306104e+01,2.250978769205653407e+01,2.414977315670699909e+01,2.496602316440390723e+01,2.384667128360337074e+01,2.374900993743000299e+01,2.555229555027574406e+01,2.551017003262461458e+01,2.502418445990474538e+01,2.405316886443290514e+01
2.298850947722723959e+01,2.394521025800179359e+01,2.306802814933877244e+01,2.320212408546802862e+01,2.326120361957509886e+01,2.337940362103938696e+01,2.327465747064422885e+01,2.274912216777272533e+01,2.286950871209234037e+01,2.249721871639781057e+01,2.171478855261676699e+01,2.218084348861322042e+01,2.332231783434968975e+01,2.375034579516665190e+01,2.382614872671302919e+01,2.276497128993048591e+01,2.311963305607332586e+01,2.394744347688123298e+01,2.479325462543641834e+01,2.342283163017322067e+01,2.531229611297806059e+01,2.437930094209195886e+01,2.373465485205673531e+01,2.498001789074680801e+01
2.420722469575611058e+01,2.305306722141546061e+01,2.428948795704161512e+01,2.368881016423807750e+01,2.282277999124829648e+01,2.449306471724088397e+01,2.349639149910086644e+01,2.424728624588584580e+01,2.325606874214787467e+01,2.331035716502424293e+01,2.267783780334917765e+01,2.330064050760455530e+01,2.290489519158933263e+01,2.395549462106089322e+01,2.380452480401197590e+01,2.522006603363183785e+01,2.374206805961142663e+01,2.521273708350844345e+01,2.435372343736435141e+01,2.476587228488369874e+01,2.453700478166064158e+01,2.558689119110346155e+01,2.572603114537014335e+01,2.508253713884505487e+01
2.290096345207842887e+01,2.339043743162073952e+01,2.407848214666682907e+01,2.383262132665220179e+01,2.469428240333621716e+01,2.333823884178195840e+01,2.284881331632180945e+01,2.416862742339714032e+01,2.351747940113858704e+01,2.381408499162319004e+01,2.412765480999058809e+01,2.399703871203644212e+01,2.502459456075558819e+01,2.354349579615779930e+01,2.357150835734182692e+01,2.268282027663946110e+01,2.437357188121728768e+01,2.499280439377741914e+01,2.518934976358866606e+01,2.559405759248528511e+01,2.490115507941584383e+01,2.471300252305775302e+01,2.501053852076944395e+01,2.531867588983686801e+01
2.517166054379191564e+01,2.306178481017713011e+01,2.277256290312169540e+01,2.351488512351784266e+01,2.361390021690590402e+01,2.342446183593875730e+01,2.339435827098753862e+01,2.308870018751770203e+01,2.377641832708320635e+01,2.401055878530252130e+01,2.317157231655539817e+01,2.334326217759803512e+01,2.449128296913448821e+01,2.297060806399417743e+01,2.470565687890007212e+01,2.484900847344675867e+01,2.423112701782298473e+01,2.516832447136027895e+01,2.562961015273606336e+01,2.423520013959063135e+01,2.469095189292136183e+01,2.476287001282298661e+01,2.409036207786277828e+01,2.453002466347015798e+01
2.307565342857810720e+01,2.344527879883730748e+01,2.330213480456825437e+01,2.236637890140622176e+01,2.356625671938945743e+01,2.264398077022627831e+01,2.328264981465810024e+01,2.436479381175604431e+01,2.339432554313123092e+01,2.245806481926831566e+01,2.360782806116407073e+01,2.264734474626902738e+01,2.327688174521313158e+01,2.422288620100471235e+01,2.395329329141191010e+01,2.332248260005331986e+01,2.468539918324313476e+01,2.445366633392762878e+01,2.574229176729352275e+01,2.412310662865337463e+01,2.555838274761714501e+01,2.495210996826784822e+01,2.428776343824233663e+01,2.452116990155991516e+01
2.238617689993520798e+01,2.343672350977732322e+01,2.264900101069326865e+01,2.341413258737588876e+01,2.351944004022988111e+01,2.449177767818184748e+01,2.268110732333605029e+01,2.317523264715310916e+01,2.244945825479413770e+01,2.289466893120822988e+01,2.384203493378373651e+01,2.347293167602418862e+01,2.268299228012301683e+01,2.364178520436013287e+01,2.403602137767643399e+01,2.423181256323522348e+01,2.434009599168109617e+01,2.486816742038882921e+01,2.419078216692770411e+01,2.492164855763985543e+01,2.493665486933883813e+01,2.532853449165207849e+01,2.512043635694828936e+01,2.413411545249914525e+01
2.422286841253685452e+01,2.247929778798783218e+01,2.298200693885053170e+01,2.303579418424476444e+01,2.404706438172115668e+01,2.318461655575163149e+01,2.410157287851302499e+01,2.286505179806533761e+01,2.400793895699882796e+01,2.334006303171366881e+01,2.281630940239165284e+01,2.376423925427900485e+01,2.437879410047207784e+01,2.368746122777008623e+01,2.409478970131482356e+01,2.429060321888579210e+01,2.431391218885931949e+01,2.485507357407539075e+01,2.490991883439062349e+01,2.529098642576065004e+01,2.463295727237959909e+01,2.519561493092913906e+01,2.375395940086548308e+01,2.300494150406507288e+01
2.355128110216776349e+01,2.429647634445268523e+01,2.311777610742564093e+01,2.262598938641457380e+01,2.375152512879878941e+01,2.358730565429056014e+01,2.274836510123685684e+01,2.316096665472838367e+01,2.310277833554624749e+01,2.369632210916205395e+01,2.307161782341432854e+01,2.359498940200489869e+01,2.370929812910151213e+01,2.333462892171058911e+01,2.347998721751145013e+01,2.418517388346043617e+01,2.360596927726402328e+01,2.308079214639531074e+01,2.429839753941462277e+01,2.479083068649282495e+01,2.443425640715889813e+01,2.378927040526008341e+01,2.289014413347365462e+01,2.282320908992335262e+01
2.406336219170066215e+01,2.374535600426270321e+01,2.452709451968638632e+01,2.445447442393555093e+01,2.338603662168605979e+01,2.359335040654997329e+01,2.365153156163802350e+01,2.317953611754944632e+01,2.369100875816599228e+01,2.333840087026800347e+01,2.386402364335123139e+01,2.295337161705697326e+01,2.411455812553884925e+01,2.354983122396652107e+01,2.418032445729460278e+01,2.466198004822649636e+01,2.437587918939721021e+01,2.448012259459898132e+01,2.432915334935773899e+01,2.496415635846261694e+01,2.363010564337946562e+01,2.244866118108848241e+01,2.212454249580025589e+01,2.386853761103679972e+01
2.385538030641237128e+01,2.419959084186399423e+01,2.390009977154528542e+01,2.446923794500287386e+01,2.358065895818657509e+01,2.497928469793998829e+01,2.314421755488751842e+01,2.413221148482273293e+01,2.345609687824463663e+01,2.370954061279252301e+01,2.382680253856659647e+01,2.336512821775937709e+01,2.343960704408840456e+01,2.435242530716220699e+01,2.338593592630803641e+01,2.392132647960175973e+01,2.494403737857396663e+01,2.438859209107147308e+01,2.577880617962500764e+01,2.559766077411853757e+01,2.322954831546786636e+01,2.341278751759006127e+01,2.254576208125337189e+01,2.395362940813885189e+01
2.473354528444099287e+01,2.487771499118025531e+01,2.490855159832847221e+01,2.519283631247964195e+01,2.536666139804310660e+01,2.530803134043628688e+01,2.449621945787424693e+01,2.406713690941774075e+01,2.478387062968664623e+01,2.465953754338266890e+01,2.417600996313990436e+01,2.336482488078405595e+01,2.434039986005859646e+01,2.433935708448586865e+01,2.425754037437968691e+01,2.358773204177742855e+01,2.535777329458250051e+01,2.518872499893961958e+01,2.553063178990129245e+01,2.484910285352628989e+01,2.241451423673413501e+01,2.310516146165156215e+01,2.273258123102749551e+01,2.353705092955959799e+01
2.619092550892850113e+01,2.502674310160273308e+01,2.514339288915158477e+01,2.570085020949721866e+01,2.464350804677701490e+01,2.463861374772443469e+01,2.555923607153738430e+01,2.543682373946182906e+01,2.497476197691753441e+01,2.429977256783075745e+01,2.428162212074545323e+01,2.463258895706582052e+01,2.441447151464842591e+01,2.378124095363284596e+01,2.515536836489718553e+01,2.418110574746503971e+01,2.455767014289926919e+01,2.467841235316109305e+01,2.487643592921989466e+01,2.397280782199351279e+01,2.223734486146685185e+01,2.343580956761297784e+01,2.304687550395271955e+01,2.319371228218670922e+01
2.420272937130999935e+01,2.408954774349126637e+01,2.391765027052730375e+01,2.474818259893805816e+01,2.454371146121400216e+01,2.367030912300089085e+01,2.475631854502023543e+01,2.408328968335183617e+01,2.449695291724287927e+01,2.399598305633782047e+01,2.500887717888957695e+01,2.428055160809662993e+01,2.500887717888957695e+01,2.497865719724546807e+01,2.486297130231218944e+01,2.446430313663449851e+01,2.508160978488871251e+01,2.507375030331968446e+01,2.478347318683432832e+01,2.330697473013816534e+01,2.277351928808161574e+01,2.291025621449597338e+01,2.338022897556425050e+01,2.301004540597421055e+01
2.412317724667929042e+01,2.440960607959453910e+01,2.465675241532431983e+01,2.432251775942103222e+01,2.302971166315228402e+01,2.308384461206617289e+01,2.298256071493301533e+01,2.343438606995175633e+01,2.326599967533417157e+01,2.416671082303514595e+01,2.408781584605361559e+01,2.532465717899339097e+01,2.470550221808997549e+01,2.502522320338863437e+01,2.507539931584187798e+01,2.577361960383780115e+01,2.438572907364391540e+01,2.510387449382670866e+01,2.379631336115153317e+01,2.462506392021299462e+01,2.333180191112876400e+01,2.424667402783359194e+01,2.232730078336140878e+01,2.370961462552838839e+01
2.463860884044919430e+01,2.400600752661915749e+01,2.344305927717545046e+01,2.374649776909768661e+01,2.351391311479198976e+01,2.336725097840547960e+01,2.340139804788861966e+01,2.463145915624971849e+01,2.645662884430277018e+01,2.698347349832903319e+01,2.532909140538208703e+01,2.486350907969244872e+01,2.447984894806353395e+01,2.371580817705358868e+01,2.468706270512262790e+01,2.402328268125194199e+01,2.563918794707592497e+01,2.547266574410946305e+01,2.510142627541029015e+01,2.373042761481019625e+01,2.334207344055295152e+01,2.312223650993689716e+01,2.305933587773228055e+01,2.276159234867026271e+01
2.420335732107400872e+01,2.387990792708251320e+01,2.463856122562469864e+01,2.443788957249222449e+01,2.403201467728450780e+01,2.367255371113424189e+01,2.354633802335251858e+01,2.670224686873780229e+01,2.846211647201187134e+01,2.795428302797597553e+01,2.530806492548310871e+01,2.463792254612582155e+01,2.526531302025227887e+01,2.461376288218178843e+01,2.395618966875974820e+01,2.391958476998030392e+01,2.464995700915170573e+01,2.423817585525563345e+01,2.535941774247828562e+01,2.379960731557116560e+01,2.377226653403863565e+01,2.296420679118978114e+01,2.272196169417856026e+01,2.364750004723634902e+01
2.442954877831817839e+01,2.470547125699062008e+01,2.483500304167290551e+01,2.467202131688355848e+01,2.471068685510783780e+01,2.457884935817537553e+01,2.639367078181413717e+01,2.793774892877405591e+01,2.971777094175610046e+01,2.901478997631608081e+01,2.704038632664565966e+01,2.515100032749091952e+01,2.492770386235650903e+01,2.403570135281802322e+01,2.352274396437627502e+01,2.350014460971806329e+01,2.434003986581075196e+01,2.426335477100332128e+01,2.435365962318815036e+01,2.407022011089986790e+01,2.311937469659500266e+01,2.290591056158655192e+01,2.303681471481581866e+01,2.267232683647210933e+01
2.486087392652274275e+01,2.498415263878905535e+01,2.505429901297947026e+01,2.472794572411470426e+01,2.375541813093178689e+01,2.693744348275851053e+01,2.924073326807126705e+01,3.025918063660498092e+01,2.784556566870406868e+01,2.816351349018356132e+01,2.601552868271079433e+01,2.587166200073011169e+01,2.568966167693577063e+01,2.583845304621826244e+01,2.459739495254126496e+01,2.563307800288225735e+01,2.477829752632442251e+01,2.425835631333995934e+01,2.396111411555375525e+01,2.361597735190150615e+01,2.384034828545128448e+01,2.365485847571039812e+01,2.392792678255949568e+01,2.248101396462470802e+01
2.358505449471044813e+01,2.535189216051122685e+01,2.418061922761972937e+01,2.426879187781202063e+01,2.578026205247596181e+01,2.885422845255669699e+01,2.944329238649800118e+01,2.961731797917553877e+01,2.708011080876684673e+01,2.728020827636908052e+01,2.811382956158342949e+01,2.777048547997765127e+01,2.686031298660418543e+01,2.654855049540083201e+01,2.704217824835950523e+01,2.687285249577803370e+01,2.662499105153221990e+01,2.630496671322475777e+01,2.471515726722600448e+01,2.437459737215374389e+01,2.219450331370899221e+01,2.293330808492487449e+01,2.298301306695907442e+01,2.317706107987305586e+01
2.345803388962070812e+01,2.373826994105223775e+01,2.425210598425258013e+01,2.429689973770979350e+01,2.607035279050450072e+01,2.752156769814780546e+01,2.961075247535097787e+01,2.955929624505273523e+01,2.828458746013575364e+01,2.823857087861046011e+01,2.820540519763801512e+01,2.753405479283611612e+01,2.737202868956558177e+01,2.750822945549953147e+01,2.724138379049855985e+01,2.735873764608885494e+01,2.676876648233843525e+01,2.638839467985758347e+01,2.540713407341183938e+01,2.428146022526033221e+01,2.305886260115022424e+01,2.318291573750417456e+01,2.357066162989457325e+01,2.472406882454538390e+01
2.442800120644562867e+01,2.398358923222093608e+01,2.477217811290876170e+01,2.425819716215085009e+01,2.630093794568887233e+01,2.740412611420077837e+01,2.968427880828045318e+01,2.876286970083612005e+01,2.854466449543048157e+01,2.850483692303072303e+01,2.792725222168604660e+01,2.789684809003398414e+01,2.801758029353754864e+01,2.729707059927829960e+01,2.835565127462183455e+01,2.766918846950937905e+01,2.809869322073865305e+01,2.669172612408789291e+01,2.481521201847471048e+01,2.388266840107894495e+01,2.300615393277848852e+01,2.262309337417349298e+01,2.231536752181830252e+01,2.175823708374059606e+01
2.508086660397265177e+01,2.433753720535185039e+01,2.538785229567025681e+01,2.468672971397052152e+01,2.535933293517462062e+01,2.894218305506024080e+01,2.892268889197754334e+01,2.924378253554203866e+01,2.906679871217778555e+01,2.868971716702498043e+01,2.856209004388080075e+01,2.853980351520601744e+01,2.886510701394882972e+01,2.890514363981026236e+01,2.777086544633277754e+01,2.944397060160736146e+01,2.905842565503166952e+01,2.779895892986354511e+01,2.510653976885913607e+01,2.513941890361746800e+01,2.359059772582952519e+01,2.433448614683760525e+01,2.269429853527492469e+01,2.389420002028157342e+01
2.515153316055386767e+01,2.572079274237495383e+01,2.561308578370193345e+01,2.588327034251329906e+01,2.794445565781222740e+01,2.996987287341914907e+01,2.984961818856800164e+01,2.784333488251246536e+01,2.903898836303244479e+01,2.918440939566539782e+01,2.979283513111272441e+01,2.906713668646352744e+01,2.883606187673905197e+01,2.901611131913824693e+01,2.815634501158876901e+01,2.795887676276930733e+01,2.936342286307234417e+01,2.696986582283943790e+01,2.713641603374969691e+01,2.582612643173030165e+01,2.463018715601015174e+01,2.405952470488495010e+01,2.386238743180439315e+01,2.348953297570636778e+01
2.620488261637029836e+01,2.494290605875426081e+01,2.565918000427171819e+01,2.609454628668623855e+01,2.722683124418546186e+01,2.854294796841566040e+01,3.035316955031044017e+01,2.812737877047021584e+01,2.854828275180631181e+01,2.889231233427864254e+01,2.956646897514684724e+01,3.019330966794598226e+01,2.986113958747387187e+01,2.913053893525056992e+01,2.786478416365548583e+01,2.727279956122760041e+01,2.785860941712269323e+01,2.690980382362772616e+01,2.737181066928422979e+01,2.584205756385648556e+01,2.517123915982796234e+01,2.333624273848067787e+01,2.288115630368463371e+01,2.327310530326104754e+01
2.500531384593705297e+01,2.512408994796953721e+01,2.619332778374888449e+01,2.476341167724450543e+01,2.638338464606221123e+01,2.837049592422135902e+01,2.947273752651051382e+01,2.736450283659934257e+01,2.878968563023909155e+01,2.930966582868910564e+01,2.856679552062308858e+01,2.905781765515735060e+01,2.950325285323839353e+01,2.926885075705416739e+01,2.847064040188030276e+01,2.624600986778403922e+01,2.655228379240247705e+01,2.647655042244525703e+01,2.610676133092766804e+01,2.609460916946835596e+01,2.600322539797394938e+01,2.592453539888009573e+01,2.452528955321702142e+01,2.375888342459580826e+01
2.392970460025225066e+01,2.596100272183349489e+01,2.533558369292353518e+01,2.561953438351929435e+01,2.584858667228945706e+01,2.708583511325565496e+01,2.708959225776828816e+01,2.746853487087082613e+01,2.726038337458010119e+01,2.835108283345522295e+01,2.808478136684647097e+01,2.975705079321392077e+01,2.811660917298257800e+01,2.976404846210635924e+01,2.775148920524333107e+01,2.793225011885874665e+01,2.660272490878611507e+01,2.753314694992951672e+01,2.499277666122293340e+01,2.616757803754410361e+01,2.538282461792391587e+01,2.513959559799184262e+01,2.477915410045324052e+01,2.627922949081641946e+01
2.521291897364096712e+01,2.371795815170992228e+01,2.468382736419664525e+01,2.571619827834240368e+01,2.505164561720545180e+01,2.617004199008948717e+01,2.668863995590879767e+01,2.611979438538463683e+01,2.636996113029260869e+01,2.696673146189789350e+01,2.667989967025295073e+01,2.614353113465688239e+01,2.660488911813791901e+01,2.658920525872707685e+01,2.658092017485739689e+01,2.600731772403986497e+01,2.560671487991993445e+01,2.653929955031912868e+01,2.697070098209110256e+01,2.552005544773538759e+01,2.569826123055867129e+01,2.585775563130312094e+01,2.533151664987570939e+01,2.498708781702742954e+01
2.468726896825705808e+01,2.446991819911062294e+01,2.425090293624629112e+01,2.501539257451798903e+01,2.511279092852726080e+01,2.516769891349696309e+01,2.600648508102580081e+01,2.562633355085733911e+01,2.527277534828021999e+01,2.588827152988488933e+01,2.793008084741057928e+01,2.746337154652502477e+01,2.646543512619012972e+01,2.793831496732155983e+01,2.602045689007371720e+01,2.632745964306548103e+01,2.594477134985237399e+01,2.584654343943026333e+01,2.537624724993344216e+01,2.526158208356775958e+01,2.573711082238531844e+01,2.472919802226607544e+01,2.543093427956904407e+01,2.468175720834324238e+01
2.380192242451295215e+01,2.477381409533023771e+01,2.329744221654937064e+01,2.367933484590889748e+01,2.482123887205057144e+01,2.356635219979398244e+01,2.435667908741191923e+01,2.401357744022357110e+01,2.657987675482240775e+01,2.723274481265616487e+01,2.697814735342302583e+01,2.573512934131554175e+01,2.603117787047756337e+01,2.684575568283480607e+01,2.549553644191911417e+01,2.587684004370254343e+01,2.582154508764267575e+01,2.517278276647209623e+01,2.484470025666200854e+01,2.567100979273430994e+01,2.565080990648959869e+01,2.371172672437654683e+01,2.449893877645905604e+01,2.498908247750944156e+01
2.422774540934705101e+01,2.564411751319886434e+01,2.414530140583923412e+01,2.382285966011534128e+01,2.352398313095676485e+01,2.548112587091804926e+01,2.467069049565537853e+01,2.626303417692952280e+01,2.650157013330363043e+01,2.759053432580162735e+01,2.659936605699164147e+01,2.739048968159437436e+01,2.634303576457568852e+01,2.757324719922468148e+01,2.621457208719016307e+01,2.644479512411948008e+01,2.533815902719061341e+01,2.641609229920976532e+01,2.463611699878259742e+01,2.744878562296247537e+01,2.567355957584214821e+01,2.516732620170273549e+01,2.486438304712760328e+01,2.483012959236361894e+01
