2.881889657796864412e+01,3.040072017862894427e+01,2.835671919605169933e+01,3.080299318287620736e+01,2.884070322429653288e+01,2.945718491752984391e+01,3.002183621908199029e+01,2.977443758933304707e+01,3.034906277661428931e+01,2.881301399554968157e+01,2.889510067138087379e+01,2.979565152990539900e+01,2.848368395601153225e+01,2.944842351222808929e+01,2.949127046371677352e+01,2.921683392024709747e+01,2.863624071863159770e+01,2.932696084974031692e+01,2.884274153116103889e+01,3.128788755698587920e+01,2.939921422733101508e+01,3.013592459401940005e+01,2.952636853853772436e+01,3.104471885482666949e+01
2.749828117964284502e+01,2.803746344031088711e+01,2.887500035365513895e+01,2.875414115033049711e+01,2.904224335056289874e+01,2.961980341986367193e+01,2.864212058386539184e+01,2.943480130545100337e+01,2.929443328109243794e+01,3.009499543212569961e+01,3.028745572852727719e+01,2.936376696695867849e+01,2.926752396520532784e+01,2.964737677684598793e+01,2.956925375628179609e+01,3.030192680963227758e+01,2.809821510765453922e+01,2.880967009550727198e+01,2.868223463613088597e+01,2.938274314175407653e+01,3.054334152429197502e+01,2.954171852864629955e+01,2.905059904997540343e+01,2.930335398634991861e+01
2.749981957088908757e+01,2.831461736063317858e+01,2.862334572569767488e+01,2.934254760018222896e+01,2.836083734921527366e+01,2.949414055016688962e+01,2.949176875602898917e+01,2.912532537256447540e+01,2.887657942533411415e+01,2.929738891429383330e+01,2.944246418610612182e+01,2.958647972531952064e+01,2.871951845031634321e+01,2.783066894238601208e+01,2.881238177246200394e+01,2.831782085052185494e+01,2.873832145248968573e+01,2.946095201693105992e+01,2.911586150628272662e+01,2.938622289184570491e+01,3.001269937676579502e+01,3.038278299564393592e+01,2.912995530319398085e+01,2.846607565495912695e+01
2.832402727273813525e+01,2.861555876040512203e+01,2.968984850254247476e+01,2.927117041220412830e+01,2.941121210139766617e+01,3.002034133399689608e+01,2.959418057612629127e+01,2.854417120743858050e+01,2.955509364466684019e+01,2.953470803201940953e+01,2.942557704276185859e+01,2.951952599230196483e+01,2.922912673697214814e+01,2.936376915998226877e+01,2.889980221606703026e+01,2.899425110473345057e+01,3.005270016047091985e+01,2.941964291214623017e+01,3.066244491061803501e+01,2.978295226251202621e+01,2.850971570051899562e+01,2.928596252625209218e+01,2.937735415041595388e+01,2.964619852898221097e+01
2.846978069029069047e+01,2.933633756041126617e+01,3.027279064669568243e+01,2.974855783725581659e+01,2.895534375378082359e+01,3.008538718523868738e+01,2.905938051846948156e+01,2.870944115983826350e+01,2.870637415664475611e+01,2.896823832614217054e+01,2.950522370965069285e+01,3.011437361072427166e+01,2.963973581592847495e+01,2.836654811705602697e+01,2.839986923123996121e+01,2.942613491520137359e+01,2.822968304149986807e+01,2.959672191183847190e+01,2.978779060794249745e+01,2.879845180909177316e+01,2.866547259605795261e+01,2.887322699943814541e+01,2.870613493062393218e+01,2.945183554955269756e+01
2.988193422643303165e+01,2.931755530318622505e+01,2.957367522817099825e+01,2.821985037605890057e+01,2.847897901223649342e+01,2.879291901896408490e+01,2.948612405766982647e+01,2.969022946327100954e+01,2.965283056702486419e+01,2.960313158511797837e+01,2.906507154545846561e+01,2.911581566844392910e+01,2.904390237405539210e+01,2.879124249286735449e+01,2.983883729363441262e+01,2.913363330799222695e+01,2.937279157960682596e+01,2.909035583255456459e+01,2.939177030139558155e+01,2.853725145833806209e+01,2.941948106943465291e+01,2.879508103349667181e+01,2.918615690231604276e+01,2.938363185471882844e+01
3.044989022502778653e+01,2.932721568950006485e+01,2.907732090090854626e+01,3.014710067951602923e+01,2.912273086053016868e+01,2.953444568574803952e+01,2.923922726707974107e+01,2.872093003934492117e+01,2.899143292692639307e+01,2.969142634727785435e+01,2.992980321133723010e+01,2.912227896578599484e+01,2.869839373294496454e+01,2.956214564223660091e+01,2.918495347822818076e+01,2.995818141127608669e+01,2.915629089131499541e+01,2.905577480217505126e+01,2.925818965929715887e+01,2.984782649434072255e+01,2.960534541323596613e+01,2.898014343201964493e+01,3.009848735274340470e+01,2.951308046578003541e+01
2.853366652053847474e+01,2.878429149070728954e+01,2.876956893569797558e+01,2.918651150102260772e+01,2.955784045006026872e+01,2.890725331680926047e+01,3.048003640338185960e+01,2.991767766949982388e+01,2.964450666853417715e+01,2.888852643964247591e+01,2.899914734706101171e+01,2.944557517858419260e+01,2.984024343155442693e+01,2.889169375159906394e+01,2.883024374416271485e+01,2.947526063158341003e+01,2.875828339035365389e+01,2.882325075173849882e+01,2.970525221568448160e+01,2.906519797017193696e+01,2.853073567357722595e+01,2.944593013925947389e+01,2.940956059197316108e+01,3.063178194589517034e+01
2.954750369524299458e+01,2.946759217476096637e+01,2.836323094608417250e+01,2.879506635101995471e+01,2.980209193721600514e+01,3.023340850792806123e+01,2.948717508067903736e+01,2.954037701110269154e+01,2.904797529632315900e+01,2.962543551388597507e+01,2.965141840896200165e+01,2.985257906295066732e+01,2.892493534840753000e+01,2.996037747459308775e+01,3.037341156319257607e+01,2.899393584851600281e+01,2.868313358951962755e+01,2.921013142975664323e+01,2.890831800284212250e+01,2.893043103192877652e+01,2.968033322412685493e+01,2.968402927955440873e+01,2.898713594873908050e+01,2.982918991304012479e+01
2.860662973242540374e+01,2.901995302700765933e+01,2.958712575084598484e+01,2.939183381934083172e+01,2.888512172503266129e+01,2.934614206358605770e+01,2.973466675390903902e+01,2.893152222457666767e+01,2.934689324417348644e+01,2.930387822263321596e+01,2.896277910880598938e+01,2.917902845340086060e+01,2.957862937629295175e+01,2.961046188909784860e+01,2.781358987464085430e+01,2.894252742117589605e+01,2.965771211427772869e+01,2.907243062829883229e+01,2.966361892627702446e+01,2.934085772829843108e+01,2.924888818283329783e+01,3.033407270303780479e+01,2.866293531620971180e+01,2.909309580782809235e+01
2.857772886177019700e+01,2.839379979758547279e+01,2.967253273606519315e+01,2.898160042114568569e+01,2.916567288602004737e+01,2.944945841700916844e+01,2.957099932270836007e+01,2.994074017416284050e+01,2.908608707063319798e+01,2.853469227252367091e+01,2.876617195041245623e+01,2.920331756842193727e+01,2.952750522183538351e+01,2.910050388228256679e+01,2.943058972854146305e+01,2.866985342762626487e+01,2.910199575729853905e+01,2.880403123894427608e+01,2.922915104973532152e+01,2.962724899808819146e+01,2.870764617509541949e+01,2.967932159543352100e+01,3.004745194198312674e+01,2.968224430855440232e+01
2.931772950040794967e+01,2.875536879840160509e+01,2.953833475252736207e+01,3.004166357946644439e+01,2.963001701572210322e+01,2.908665941609348238e+01,2.937827994397224529e+01,2.936607789771250054e+01,2.862264384914254833e+01,2.931535634873569052e+01,2.882453435420336518e+01,2.881656777492770516e+01,2.913385477679810265e+01,3.011583823398080995e+01,2.894054342430990800e+01,2.936525603681297980e+01,2.859106535755012146e+01,2.999677741096127193e+01,2.935895078652504253e+01,2.946966437107289494e+01,2.932541770645974566e+01,3.015567429032751079e+01,2.905683097019124261e+01,2.910896587975344119e+01
2.968372034795794434e+01,2.902974487687879446e+01,2.894744498444680403e+01,2.958097761888814148e+01,2.854320604174068876e+01,3.029030267717382685e+01,2.952769966618893704e+01,2.911678567038438814e+01,2.897933770714416823e+01,2.902305285562471227e+01,2.856643731081891247e+01,2.978778963865914875e+01,2.976042941599200731e+01,2.989034182570162557e+01,2.852508200303270769e+01,2.869336562604524943e+01,2.877205329832219149e+01,2.892460956366869596e+01,2.922881043217535080e+01,2.958006938682518694e+01,2.948179754270461217e+01,2.944840526478031961e+01,2.910790632181431192e+01,2.955469221956184356e+01
2.927433638009165406e+01,2.901455644326887295e+01,2.877623267119770389e+01,2.904621473666281872e+01,2.995658487796208647e+01,2.930218211847295606e+01,2.859136320960527655e+01,2.944990155463653991e+01,3.030286989374957329e+01,2.969883393816951411e+01,2.928972127337885922e+01,2.836812305350895258e+01,2.944883250068289726e+01,2.891334090314217065e+01,2.884532809272832310e+01,2.897030886219107515e+01,2.942983007997992217e+01,2.910695900699545291e+01,2.873241156045639855e+01,2.960175910490693241e+01,2.907962848738219463e+01,2.890983187734110516e+01,2.881756158703745996e+01,2.905901533874606457e+01
2.994132341654699303e+01,2.935437459891892331e+01,2.926260845622852003e+01,2.983658327075499983e+01,2.992834586582449674e+01,2.901792341377080220e+01,2.872664967075303366e+01,2.856522044372638902e+01,2.970844216432652729e+01,2.936073841934233997e+01,2.907636651841772846e+01,2.864783578124200858e+01,2.940916991171457084e+01,2.883930396311018285e+01,2.960448325792339119e+01,2.883558422924062370e+01,2.811797689106919051e+01,2.961937881881391377e+01,3.052925904914212651e+01,2.905224078774563168e+01,2.915228453393638119e+01,2.924768386290224953e+01,2.938185249994830883e+01,2.866081276860643356e+01
2.958962475926199431e+01,2.879230950899011532e+01,3.012383955088330367e+01,2.950967573435474378e+01,2.891158315612835850e+01,2.938413290867123351e+01,2.938161167405775132e+01,2.870630441461219107e+01,2.933023194011798296e+01,2.875974377084196476e+01,2.959963567403815432e+01,2.892978559557570861e+01,2.941151187609932549e+01,2.979093425012069929e+01,2.994229304162604421e+01,2.942612918689587787e+01,2.906042271727886828e+01,2.887303098164028370e+01,2.918323902160835814e+01,2.854431496416009395e+01,2.959462355438819259e+01,2.921218080019320951e+01,2.992633183837097022e+01,2.941937782362629150e+01
2.884128548912764245e+01,2.934801112588644401e+01,2.902901269386325112e+01,2.910330949888685836e+01,2.927868031199977850e+01,2.925759714327409711e+01,2.882780897289831046e+01,2.845836448715675715e+01,2.914517129176050503e+01,2.934466907448626216e+01,2.987760791832312179e+01,2.925188829453793460e+01,2.940008013524010266e+01,2.930438681881332741e+01,2.846674305583832165e+01,2.928267145038597619e+01,2.886106941326778497e+01,2.920203670402077023e+01,2.949706266024531942e+01,2.950501364527951864e+01,2.933827346960271143e+01,2.910146808175903743e+01,3.046089503771537466e+01,2.914447801534470273e+01
3.027409297976942071e+01,2.831139272485989977e+01,2.918748812521994296e+01,2.850557958832928307e+01,2.883924872787667937e+01,2.854888452043559255e+01,2.889323359947439940e+01,3.041975085603394291e+01,2.916253487248462761e+01,2.973419780669951251e+01,2.915795237418461738e+01,2.924088091931042754e+01,2.979672698849697099e+01,2.809631437766273621e+01,2.935812236706249223e+01,2.937602795049190263e+01,2.903498044086364871e+01,2.902065384018646910e+01,2.935454086664429951e+01,2.892847458403173277e+01,2.951770878939294107e+01,2.950261418709266081e+01,2.990064378527154076e+01,2.931813152041002013e+01
2.818818986835344731e+01,2.918182220784052561e+01,2.942656775274548409e+01,2.919879299683623231e+01,2.845891973513312223e+01,2.866245030735854016e+01,3.053802303742827462e+01,2.877933689312982324e+01,2.998973774653052260e+01,2.909311019511420682e+01,2.917523551021599815e+01,2.964280632366512691e+01,2.918086025062342515e+01,2.925020695169422424e+01,3.028669549127027949e+01,2.906368632828048248e+01,3.059782895032702754e+01,2.980074350893335122e+01,3.013977814181367876e+01,2.996175105402085137e+01,3.033114476299061835e+01,2.959395927329171627e+01,3.015769698916238895e+01,2.942441893610384795e+01
3.030585981254404260e+01,2.879178339776342455e+01,2.923898153401933087e+01,2.938440048342181399e+01,2.961805899333626257e+01,2.943963712884556116e+01,2.830856612807491501e+01,2.882957077687314040e+01,2.875615690983187278e+01,2.867233863167973595e+01,2.976233235491923779e+01,2.972962779790651666e+01,2.917308319578154396e+01,2.922842327350525693e+01,2.946261307163376841e+01,2.891870973375506537e+01,2.928496230370853937e+01,3.023767586088399639e+01,2.933623632781063861e+01,2.963179146191407654e+01,2.974373652706043458e+01,3.020784018727522380e+01,2.947241717707777298e+01,3.060830795138502936e+01
2.917024298478827404e+01,2.910075399911863769e+01,2.956580743192205318e+01,3.016733713270554063e+01,2.861916129834895628e+01,2.832778192943607110e+01,2.867169444937860590e+01,2.922785556610028834e+01,2.821685924486854447e+01,2.878163881081940190e+01,2.876888467255054138e+01,2.943531307133571318e+01,2.924870607485962637e+01,2.861308258887618194e+01,2.877368294953663508e+01,2.992700914604660056e+01,2.932428073559105997e+01,2.985460636344618024e+01,2.945420860754518344e+01,2.894936066920683970e+01,3.000605380947439471e+01,2.997889260693114011e+01,2.992559768286764665e+01,2.956085760426446996e+01
2.956917192663479454e+01,2.950741898507340011e+01,2.881568649768445312e+01,2.948986035449837573e+01,2.866378586347104829e+01,2.987074774441879299e+01,2.903147032244578440e+01,2.768418590510867716e+01,2.930283403579301194e+01,2.950991316597543346e+01,2.847228062910204471e+01,2.874273673945037899e+01,2.949606980487806140e+01,3.004275274076991309e+01,2.972522761111571299e+01,2.990361616684481305e+01,2.876563790110941454e+01,2.979313293654371364e+01,2.905006055753608507e+01,2.973145529510458118e+01,3.023894684431411406e+01,3.007797340046283807e+01,2.914382451616637582e+01,3.058815311073584553e+01
2.975806665354048164e+01,2.886326056148806174e+01,2.972440861630030895e+01,2.936523517331147559e+01,2.886871841929945504e+01,2.864185839674934186e+01,2.907197568106283825e+01,2.974110848122853668e+01,2.912091539859341083e+01,2.816042602607558365e+01,2.962671659143052239e+01,2.939090194230556108e+01,2.978437394908991109e+01,2.919493792458973758e+01,2.960666802259339647e+01,2.890110995104294034e+01,2.996959650162290245e+01,2.976601616752191148e+01,2.915060708198620887e+01,2.946571017160601968e+01,3.009123192221358067e+01,2.989268769354652022e+01,3.169620956214765783e+01,3.044339011785331195e+01
2.928183309300970905e+01,2.847683745251777054e+01,2.906198124305308284e+01,2.929888620202098082e+01,2.874818022841316179e+01,2.968660625463917313e+01,2.896010298675969352e+01,2.887701733329998888e+01,2.860147178372102417e+01,2.886038427683268992e+01,2.951480299763863968e+01,2.960131100870279397e+01,2.994886682360038321e+01,3.015017413699399640e+01,2.947131910480828765e+01,2.954401660406551855e+01,2.892675597216549477e+01,3.038114286100352501e+01,2.920056310145815814e+01,3.041682517275455666e+01,2.877863869676650665e+01,2.926778341344817136e+01,3.128836561785271897e+01,3.147683113469736327e+01
2.922232434613084706e+01,2.914062588162920520e+01,2.977779270801590883e+01,2.901767683241627083e+01,2.900610091693016557e+01,2.942191057558017064e+01,2.825643101739251506e+01,2.841382392039224669e+01,2.885445209468832672e+01,2.863023907965157377e+01,2.917047908210867035e+01,2.965507566341335632e+01,2.953404919195020284e+01,2.972461075490389248e+01,2.919974347923016467e+01,2.792807415896811563e+01,2.920177536475824809e+01,2.975813256818571517e+01,2.912915782759199601e+01,2.921828884745690402e+01,3.024416452373333186e+01,3.060208244200867966e+01,3.101450672327229086e+01,3.105860534442911103e+01
2.883417194824249918e+01,2.964169507756423627e+01,2.912738599086145541e+01,2.967357648650505553e+01,2.812693823359592216e+01,2.942525835106749810e+01,2.966500378045338948e+01,2.968230558742880021e+01,2.838506704971223371e+01,2.905531785242226306e+01,2.941357038282205849e+01,3.031252558850445666e+01,2.876655593811381095e+01,2.972843869603212852e+01,3.003215854583930877e+01,2.915288464039201699e+01,2.966907877009504091e+01,2.949052865527897893e+01,2.890196348105257584e+01,2.944357174929803023e+01,2.940633410667021508e+01,2.974473242203589507e+01,2.998310534796547699e+01,3.126352952343466995e+01
2.919689996201452686e+01,2.945380395766926540e+01,2.961342747155958932e+01,2.918392544428604651e+01,2.872265440407335291e+01,2.909713433442664154e+01,2.942129232409337192e+01,2.841569904998334550e+01,2.863325880401976065e+01,2.912857765909978980e+01,2.969639576520785340e+01,2.903984427694950909e+01,2.959085112674495122e+01,2.874680059460774828e+01,3.021435358611967104e+01,2.903183249577324432e+01,2.933989081792321940e+01,2.955855390449613651e+01,2.994050768703954191e+01,3.008260926890767450e+01,2.964200854006111285e+01,3.007803790541476019e+01,2.993173409023194154e+01,2.983029583225146553e+01
2.960238062179109875e+01,2.947244194784667570e+01,2.882681214339532971e+01,2.991555339326038165e+01,2.786969533391345522e+01,2.906871019556757574e+01,2.904980255028681313e+01,2.937318154191461872e+01,2.875756265885689800e+01,2.922275283111139288e+01,2.851872318410249818e+01,2.965549748941288044e+01,2.951862323464700921e+01,2.967483057954751757e+01,2.915272940231494658e+01,2.927955040191807257e+01,2.929045089053158790e+01,3.034552687037938767e+01,2.991744911538597762e+01,3.082024287719980293e+01,3.008333996185484693e+01,3.038989896659455781e+01,3.111022202191372799e+01,3.006144576941323976e+01
2.907036932245961225e+01,2.827775230292650122e+01,2.913032818830993165e+01,2.900389422444834508e+01,2.768161781011110634e+01,2.938199680656470036e+01,2.919026151037667205e+01,2.919962968690111893e+01,2.781787345213905382e+01,2.858855538237236260e+01,2.897046109271332170e+01,2.995000067490974516e+01,2.915149048621117345e+01,2.890491736374877974e+01,2.998781398473522586e+01,2.978036681931865814e+01,2.948758223620501440e+01,2.844679033942571778e+01,2.921999701482639011e+01,2.869473070270328208e+01,3.007640372790774563e+01,2.996737711172715990e+01,3.006757532833273672e+01,2.887438383090960770e+01
2.945216117765443187e+01,2.888065194386126677e+01,2.904228880977757399e+01,2.993224598680950521e+01,2.818677360631482998e+01,2.883624836354749732e+01,2.943733798991058848e+01,2.899808348943884084e+01,2.859721072563661437e+01,2.855626997269939693e+01,2.955093387019934426e+01,2.897516488012792024e+01,2.929060542462627836e+01,2.971151568333493742e+01,2.901895176142909349e+01,2.843357727426553083e+01,2.930835306846273625e+01,2.987478144424113680e+01,2.889478215989680621e+01,2.986737164288575741e+01,2.980066954242573729e+01,2.993834363541793664e+01,3.072666880373952836e+01,2.925802781022571253e+01
2.990643562487326790e+01,2.912950568906614990e+01,2.962422613758224088e+01,2.984949784709368714e+01,2.944625688339152703e+01,2.861644402157747891e+01,2.882178429811403930e+01,2.973873531433184780e+01,2.871144085783964783e+01,2.888495255520854244e+01,2.899718475081527913e+01,2.749299150230251598e+01,2.954972539785541130e+01,2.906398892329951877e+01,3.003567183144775754e+01,2.907664374862611112e+01,2.971321099877434335e+01,2.984176390101436027e+01,2.959529293149921614e+01,2.902494320952376938e+01,3.035827751633280513e+01,3.017117075767498591e+01,2.916283481786786069e+01,2.959078549999139796e+01
2.887096453347527358e+01,2.778065618495554645e+01,2.858066593151050938e+01,2.993648793083531245e+01,2.880342604388670225e+01,2.923649545062403377e+01,2.882205037299996775e+01,2.921070770553671991e+01,2.852149182973755615e+01,2.872843430206239645e+01,2.931533178220661284e+01,2.938879448023664054e+01,2.955035266411630346e+01,2.886046921634590490e+01,2.958792283495324682e+01,2.977477031237594929e+01,2.977692093743223722e+01,3.016316130433267517e+01,2.952736232857120058e+01,3.000969128188137347e+01,2.887100971859683796e+01,3.061304979057848641e+01,3.040119431946635586e+01,3.103332554919495578e+01
