2.808875629023225429e+01,2.882909539845053359e+01,2.916020779208326985e+01,2.931113654392163426e+01,2.854176494671145292e+01,2.774382983180424844e+01,2.846598715551050418e+01,2.833506661115387715e+01,2.836619928396066825e+01,2.849167040094062031e+01,2.928974002960518419e+01,2.830027984488020820e+01,2.864062226509304310e+01,2.856335589213364301e+01,2.935198364791125414e+01,2.922254737843144312e+01,2.973921951591722745e+01,2.985363467924315728e+01,2.976988712815722238e+01,2.987365113158784879e+01,2.899401920082061679e+01,2.937977525515424304e+01,2.988117363571063834e+01,2.761451829232805721e+01
2.848372005251007977e+01,2.908799516624617354e+01,2.872493632218430548e+01,2.804252091978599992e+01,2.954965835060295376e+01,2.911650818700246646e+01,2.854341232221582914e+01,2.925680103767911078e+01,2.971564862240342109e+01,2.911748225023097802e+01,2.808274371857356755e+01,2.838156422222135689e+01,2.819290339306866144e+01,2.984566696481022063e+01,2.877612601360664257e+01,2.884339808157551488e+01,2.894411900880430721e+01,2.984680888560222911e+01,2.914799393892673152e+01,2.812017061122043060e+01,2.882054389655820614e+01,3.006229821621963083e+01,2.919058129732337648e+01,2.937563494722451196e+01
2.810365264607145264e+01,2.797169814187060410e+01,3.019509309554456422e+01,2.886598158845748685e+01,2.806553835171808942e+01,2.838860316053239785e+01,2.865672994808949170e+01,2.857417910451749776e+01,2.914941829867524348e+01,2.904362233123504211e+01,2.905621144056846106e+01,2.892985581129488537e+01,2.908516536042026246e+01,2.995031209705132369e+01,2.911651620215519642e+01,2.859394786599040117e+01,2.925130068070217249e+01,2.891074163780933759e+01,2.842972732400488667e+01,2.828088572368733367e+01,3.043642380175987228e+01,2.970470534302143051e+01,2.972070542192756193e+01,3.036249687411856257e+01
2.871229560459408958e+01,2.927917032987261337e+01,3.027100016785794878e+01,2.922365555071974086e+01,2.901126701892542314e+01,2.841637956462130887e+01,2.954430160791315529e+01,2.880026729703365618e+01,2.922605855328401958e+01,2.890626397555331550e+01,2.971089061724018165e+01,2.975004781699817613e+01,2.936870698845336847e+01,2.923585707962433844e+01,2.992816036895987963e+01,2.997420127168646786e+01,2.893359170411758896e+01,2.903195841763852059e+01,3.008585303834718161e+01,2.957997983835360856e+01,2.900656884674111780e+01,2.973875887705833065e+01,2.976752775336962031e+01,2.884072509702690468e+01
2.817418704194858492e+01,2.811000237731127527e+01,2.841043579063415336e+01,2.834457659465056167e+01,2.833864518479413164e+01,2.785639655467559805e+01,2.820286219073182110e+01,2.753596659238849043e+01,2.770993130587044107e+01,2.801926651991755080e+01,2.922309684189002610e+01,2.914369768707979347e+01,2.871538860124780967e+01,2.901154113271741153e+01,2.928155557456295810e+01,2.777108440181211790e+01,2.851052248648153409e+01,2.881354998984096483e+01,2.941529472417425950e+01,2.914531918780443220e+01,2.855706993688522743e+01,2.947454297825026970e+01,2.906386985600073558e+01,2.821711763108800142e+01
2.758155082516219636e+01,2.855006674282242329e+01,2.826989218140329285e+01,2.896233887273149321e+01,2.746155138910154392e+01,2.771950569613630933e+01,2.793771587781424159e+01,2.842930997704661422e+01,2.902961148944712022e+01,2.872492192796482868e+01,2.876618183818993657e+01,2.789045390984364303e+01,2.894200581822252616e+01,2.955129497674471395e+01,2.860559576120846259e+01,2.918798509907145444e+01,2.839181157675403711e+01,2.864949113538091297e+01,2.852450170879632196e+01,2.936090115745435014e+01,2.981566761424960532e+01,2.791922860539273188e+01,2.887320242596013031e+01,2.922549002971379650e+01
2.919179875608460861e+01,2.927235045088593779e+01,2.914138467380894326e+01,2.861428897734100474e+01,2.806568038141148236e+01,2.894154806072918973e+01,2.956680636352587044e+01,2.910972970024863571e+01,2.928876057498860064e+01,2.935215089893802087e+01,2.969411262401183649e+01,2.974843011417095795e+01,2.917475925494909461e+01,2.888939379975221300e+01,2.973804744381465071e+01,2.819718071068319887e+01,2.880291085603931833e+01,2.886217159074175242e+01,3.023457123567089866e+01,2.919553236087011783e+01,2.965815309801342892e+01,3.032622676513250326e+01,2.994895799264998004e+01,2.931496024286025204e+01
2.907998164958695497e+01,2.767072780634816809e+01,2.980377670351714414e+01,2.864118189176190299e+01,2.796599270609323185e+01,2.868381527214637572e+01,2.867652717629050585e+01,2.894547859696729120e+01,2.877200411406170133e+01,2.866606449634070941e+01,2.833265581977798320e+01,2.872968271143838592e+01,2.918853562554085102e+01,2.819795584862328042e+01,2.904836714611985826e+01,2.874889733292542360e+01,2.956676227449810312e+01,2.942947176962513822e+01,2.971531672601952323e+01,2.924918818108545793e+01,2.967688754596474610e+01,2.847318017306514548e+01,2.958550292445409013e+01,2.992375797640352175e+01
2.915361798257112014e+01,2.947714659515668245e+01,2.854420823864126078e+01,2.756992519974863853e+01,2.887774349586879907e+01,2.916337428524070674e+01,2.786821310163594489e+01,2.869616416602855224e+01,2.762982321316889056e+01,2.773809513714326158e+01,2.859251398035416969e+01,2.885776889675565826e+01,2.914844937324949115e+01,2.873420916731856778e+01,2.979895692994807632e+01,2.921274080903816639e+01,2.964191867689470428e+01,2.906190976993190134e+01,2.928983705989429609e+01,2.887942308328985064e+01,2.904084515150191237e+01,2.915026254920809379e+01,2.927527973040406550e+01,2.867763567077685138e+01
2.817504494446512808e+01,2.906203828433456238e+01,2.778303490542685950e+01,2.845141837597748236e+01,2.767375432496100984e+01,2.862522043048181786e+01,2.868408708369929627e+01,2.889584932685261265e+01,2.820788087619536100e+01,2.827893059331677250e+01,2.877412103400956767e+01,2.879907986862349389e+01,2.835809650433537854e+01,2.838765709301281959e+01,2.750059664263403647e+01,2.907128123418482346e+01,2.849827080917975763e+01,2.805955634298538826e+01,2.810318288081680294e+01,2.969048972831171795e+01,2.890333555410632016e+01,2.929125862911655531e+01,2.935050060556409335e+01,2.905145095566439295e+01
2.842169059105179940e+01,2.968858712126740329e+01,2.915458728950727618e+01,2.775725416579740568e+01,2.891590138758942885e+01,2.822822578902469104e+01,2.838961978493762217e+01,2.814531344239298960e+01,2.806055006154036846e+01,2.881885236187105193e+01,2.881445425451283882e+01,2.853003873927298173e+01,2.950074524165120238e+01,2.888821651953816172e+01,2.919490130430870067e+01,2.858710435983385878e+01,2.932636387356518526e+01,2.869575212735986725e+01,2.830273466735951615e+01,2.903332596399542354e+01,2.889379333961534257e+01,2.930325800445950790e+01,2.990213065049317720e+01,3.003957653620847168e+01
2.827976272485642539e+01,2.895366915485465142e+01,2.917537424612334007e+01,2.855290357688153335e+01,2.822472738603096332e+01,2.920354910901585299e+01,2.885898214078622459e+01,2.823268039766543325e+01,2.877645240395372639e+01,2.901630273720280684e+01,2.883319792960674022e+01,2.857417471160493960e+01,2.903876341351849533e+01,2.812893612800633036e+01,2.871643945832977352e+01,2.925351725776488365e+01,2.971204632395341605e+01,2.908722189468784336e+01,2.949162654284504015e+01,2.956413973562928277e+01,3.034535495061390975e+01,2.906242920014915398e+01,2.957576139953067695e+01,2.971756940537807168e+01
2.897169030082397967e+01,2.739346591808327958e+01,2.853280680942702929e+01,2.845997691610330094e+01,2.774389689207987431e+01,2.876464477137000131e+01,2.877307108144208314e+01,2.855781409809856086e+01,2.865313947797295668e+01,2.874795102777068223e+01,2.851692953723988921e+01,2.844747487847439515e+01,2.912014591366005334e+01,2.806596949611054015e+01,2.877784288367524823e+01,2.821560784858252191e+01,2.892546050173689309e+01,2.916200088842259674e+01,2.952668634270048642e+01,2.945713694970942242e+01,2.981460637982951312e+01,2.766283211978310419e+01,2.908657472772438268e+01,2.818092688027479653e+01
2.801892065949840571e+01,2.864846485851825264e+01,2.770751160207186103e+01,2.793168190641955562e+01,2.710937477918173499e+01,2.855116679762966214e+01,2.721744305017489296e+01,2.883706998671391375e+01,2.903800136758837880e+01,2.857709684462656696e+01,2.886960613218514027e+01,2.809735641148290597e+01,2.880989069503908695e+01,2.807620084489957435e+01,2.845365756077336528e+01,2.836140335438255988e+01,2.876570005868671842e+01,2.911833465118075992e+01,2.776980581390284897e+01,2.846816429673833682e+01,2.815217253097989669e+01,2.835271514257385661e+01,2.981754701884614178e+01,2.830626335611634659e+01
2.815210131720289155e+01,2.824109744470291616e+01,2.758626412622589896e+01,2.841656373647413147e+01,2.938230974674081608e+01,2.892323559690657930e+01,2.839618695987837782e+01,2.848485806735823189e+01,2.849851169180629995e+01,2.874263368035627764e+01,2.824983232804680711e+01,2.926922713803719489e+01,2.808622558906603217e+01,2.846693786608665278e+01,2.907644806772918855e+01,2.798083523704946174e+01,2.937228747480770608e+01,2.879979432989506449e+01,2.850713521260132666e+01,2.889167844454220813e+01,2.949313336409278463e+01,3.007716919121003230e+01,2.906766889425051659e+01,2.830123076601768162e+01
2.799040811289825115e+01,2.787480770373662153e+01,2.765331721296206524e+01,2.771501097643260891e+01,2.783316231365080284e+01,2.754077119717061350e+01,2.811888450798699068e+01,2.786532744692902952e+01,2.872997223684001256e+01,2.795011521423265322e+01,2.875292128229216360e+01,2.850236659068497147e+01,2.800205794399431625e+01,2.915833336052907043e+01,2.866334020133393778e+01,2.825501938991254747e+01,2.858208391537641546e+01,2.963059919377957385e+01,2.924478680884760706e+01,2.993370895891712280e+01,2.883602091258427436e+01,2.925910029093870435e+01,2.907486378744209787e+01,2.938375417748687823e+01
2.768430734613451705e+01,2.726115532003308317e+01,2.837973281857239272e+01,2.740237949862444111e+01,2.789666244065728051e+01,2.745297418844182857e+01,2.680926944655732314e+01,2.637530537045728352e+01,2.738126133672062679e+01,2.714958974084095189e+01,2.724602509128141037e+01,2.767517902521433371e+01,2.749857576571446316e+01,2.696897843916275406e+01,2.671294939019560388e+01,2.728263284402578392e+01,2.807340036488221813e+01,2.733483131835993163e+01,2.806284300248199770e+01,2.881726007553180580e+01,2.936377954941832513e+01,2.858614503521806682e+01,2.893892506824960265e+01,2.769619113837586610e+01
2.773266208948120948e+01,2.723796785746856131e+01,2.746154163774707513e+01,2.823230641907525751e+01,2.717367580720417664e+01,2.738754224586261898e+01,2.667923291113754658e+01,2.695620948537657569e+01,2.697833720234797283e+01,2.735955845897819927e+01,2.730512406941494419e+01,2.768554934092207986e+01,2.737513013383892257e+01,2.775629123075572124e+01,2.691386973122814652e+01,2.710335887840903979e+01,2.633724060102747444e+01,2.734288670688073353e+01,2.807823738350055010e+01,2.797181725207502723e+01,2.869854060540291130e+01,2.872073879518876538e+01,2.910873487333742560e+01,2.815865380656083516e+01
2.835778903208779411e+01,2.805812776687577070e+01,2.795048542559152338e+01,2.691590515013115237e+01,2.725262781608824980e+01,2.788045655181048232e+01,2.757642940756608141e+01,2.696794892438430225e+01,2.764172328922762745e+01,2.854445381823359185e+01,2.799376657368952692e+01,2.806176466643893264e+01,2.747744756667611910e+01,2.719614823408079474e+01,2.762074917026438925e+01,2.751620115006016931e+01,2.769612729963216680e+01,2.790031964547483767e+01,2.905915982720773627e+01,2.890805979626861699e+01,2.980708235506267556e+01,2.835156410694150964e+01,2.909028251157002387e+01,2.902229930342468833e+01
2.756464662328335180e+01,2.769249527518701370e+01,2.786465331960397407e+01,2.738111434190119553e+01,2.793488961776427004e+01,2.837386517774604044e+01,2.776904489043914737e+01,2.835670906488439869e+01,2.787891018396368281e+01,2.742108559088990205e+01,2.728311557030036738e+01,2.786878249757302228e+01,2.740838912633228119e+01,2.876740152615576562e+01,2.812373291965002409e+01,2.770138854965915698e+01,2.788996228803540589e+01,2.761919704784918395e+01,2.852279726325667752e+01,2.791950863855453235e+01,2.917361684284765033e+01,2.941933078311922145e+01,2.887192826273241053e+01,3.007157340395343681e+01
2.718446912106594482e+01,2.636977856757215477e+01,2.764269151098920929e+01,2.757175596674062490e+01,2.742240306964009733e+01,2.647510341793218913e+01,2.855742959137904791e+01,2.692342244978914323e+01,2.751780744623636110e+01,2.712293271191055055e+01,2.820327162630002249e+01,2.827620774379545310e+01,2.792604660014319506e+01,2.720193387078700198e+01,2.826373238319297343e+01,2.785382688150571084e+01,2.806069570354986809e+01,2.732761575951087707e+01,2.838189866310386833e+01,2.897048282535166663e+01,2.914062532819821172e+01,2.904706441554361618e+01,2.853589345470743410e+01,2.828514089517238972e+01
2.679560504898535100e+01,2.746767892148801593e+01,2.728248366037161077e+01,2.771174834086906458e+01,2.727531628749829906e+01,2.787911969215855379e+01,2.674226255565912425e+01,2.712858826099443377e+01,2.748002310602015541e+01,2.733954166563910348e+01,2.806022798124939754e+01,2.795002691865965971e+01,2.756712047725960701e+01,2.693363750144277446e+01,2.692603497881952990e+01,2.795005145516029188e+01,2.745338119824981504e+01,2.748230063576767179e+01,2.769665967303575371e+01,2.940562565629107894e+01,2.882534916097961286e+01,2.902711695128334668e+01,2.870505335930107549e+01,2.900044209367024450e+01
2.799959577034894664e+01,2.854434459453153750e+01,2.841352253371013603e+01,2.737810671210473856e+01,2.857824786455756794e+01,2.755297673923826096e+01,2.792444527325136505e+01,2.745601961316560846e+01,2.801345997244465025e+01,2.684493767884760018e+01,2.790054644166195885e+01,2.727594366856834540e+01,2.796845787181490550e+01,2.700768245506122867e+01,2.762844851764430132e+01,2.805542959281655158e+01,2.842249115813882554e+01,2.833538143642391560e+01,2.943113784071061900e+01,2.864695474578508083e+01,2.958196545322255133e+01,2.879913922558620243e+01,2.899116464664041359e+01,2.912530687882269831e+01
2.800419352535476492e+01,2.769044676787405024e+01,2.879693828679029366e+01,2.793260387280253099e+01,2.800033713615636088e+01,2.753590633676174093e+01,2.797331720448391934e+01,2.837176732310717853e+01,2.775847281080660878e+01,2.831446842783594775e+01,2.794350947084967629e+01,2.833164515989187748e+01,2.773042114212449860e+01,2.800844020160440095e+01,2.662660397727250938e+01,2.736191126682905406e+01,2.879193599636988665e+01,2.899701610348972736e+01,2.947024030497863123e+01,2.954727779023698986e+01,2.941915753878271289e+01,2.985440006941809088e+01,2.990927651817276001e+01,3.112352302789156511e+01
2.795612312316279713e+01,2.769125704797130538e+01,2.837075913212038358e+01,2.826664383326647112e+01,2.727328683337049142e+01,2.756777718557958679e+01,2.753573485646512609e+01,2.688170091676079210e+01,2.815883291237037156e+01,2.733718844667464509e+01,2.715787957006597253e+01,2.757499219795465706e+01,2.793940788208328740e+01,2.682931235538438841e+01,2.760375251573231026e+01,2.645944862748075366e+01,2.812580909863163470e+01,2.667654803624549231e+01,2.909010877805150130e+01,2.879374332584723106e+01,3.152658468603073061e+01,3.040392683159745957e+01,3.260208295498580355e+01,3.238384316115673300e+01
2.726849064127856082e+01,2.798344754267225198e+01,2.818030458190969512e+01,2.882598548780913461e+01,2.873705807311444005e+01,2.824767430882121744e+01,2.814569139700910227e+01,2.726049845696758211e+01,2.723642068440437924e+01,2.819896474984301449e+01,2.790395929806965114e+01,2.792557388359762172e+01,2.803075929004023692e+01,2.807799918997966415e+01,2.794357950200713958e+01,2.813344976041088330e+01,2.741537447209009315e+01,2.778536714077165470e+01,2.820799260956522403e+01,2.929234552302557404e+01,3.012538304910663101e+01,3.086414821137663012e+01,3.243868442536523844e+01,3.236407796957689698e+01
2.880236438953016886e+01,2.802605605486883178e+01,2.857188057983563567e+01,2.701002430275497090e+01,2.835120077935857807e+01,2.803782344959915918e+01,2.807029524600642389e+01,2.870709435915074437e+01,2.832091010633638462e+01,2.763354737405524020e+01,2.770644921276891637e+01,2.684171305562483667e+01,2.755937011883878540e+01,2.760514985990579362e+01,2.741788139665885637e+01,2.747615561286323782e+01,2.844658658348038216e+01,2.920482214408508526e+01,3.111768717589205835e+01,3.028553038913059936e+01,3.209127912535006999e+01,3.235182456901344494e+01,3.190294048883572486e+01,3.171620180369404807e+01
2.827389757267110326e+01,2.863568933429382923e+01,2.748237813334208113e+01,2.780546049980409862e+01,2.757205085918457144e+01,2.804648836825049329e+01,2.829517958780309073e+01,2.797012226750842956e+01,2.801790189433296518e+01,2.824419620916103213e+01,2.788496386424861839e+01,2.780124631787509770e+01,2.882395127487529862e+01,2.817393529765445237e+01,2.791351615082805893e+01,2.853285946444611909e+01,2.715511598203966059e+01,2.852398863185794653e+01,3.153143948546301090e+01,3.179312614764313594e+01,3.305149753415736313e+01,3.295252379857390679e+01,3.154344444109301548e+01,3.268357575486567157e+01
2.767301664855716581e+01,2.738057061536846959e+01,2.753307572927144520e+01,2.702406311388864424e+01,2.698416616633670628e+01,2.669261280020168670e+01,2.831309462918056852e+01,2.720722039217309884e+01,2.748969053555157416e+01,2.660673969904394198e+01,2.736643183278317792e+01,2.690825222292266972e+01,2.688607351113807908e+01,2.751708809483727691e+01,2.845366635223774665e+01,2.739467247514949122e+01,2.800295722957764610e+01,2.806293232510751068e+01,3.096095690909743325e+01,3.121002363334463325e+01,3.114115719134724714e+01,3.180439415435120054e+01,3.273099110690412772e+01,3.187719458521434035e+01
2.776120938041816544e+01,2.665117841327776205e+01,2.706074781042735822e+01,2.762407035931732935e+01,2.855582041658504977e+01,2.780471419837272151e+01,2.693229374011883692e+01,2.663134979880783249e+01,2.710659776629091766e+01,2.680773591288465241e+01,2.660621546215406852e+01,2.778331864358267467e+01,2.648305808410736972e+01,2.766365505266685432e+01,2.702015730109735614e+01,2.703888344548101941e+01,2.697172477981177963e+01,2.814639770538013863e+01,3.059636748155998021e+01,3.080457855048473448e+01,3.215889955989848659e+01,3.178522970851713580e+01,3.260354005161138957e+01,3.267003651169352452e+01
2.803564543987374691e+01,2.867450228417334301e+01,2.783625222200316784e+01,2.794750696938388046e+01,2.896274191954097432e+01,2.752513315934055527e+01,2.823771844064356173e+01,2.793350166334261075e+01,2.835713749117701354e+01,2.781182117058813219e+01,2.721740049650657056e+01,2.751471801406785289e+01,2.789426734668995778e+01,2.796857433327357967e+01,2.804672034241644951e+01,2.706807201027334031e+01,2.821277999253720736e+01,2.807834526586839274e+01,3.006385526991505230e+01,3.116710471463517251e+01,3.364860694870992575e+01,3.266936406036830931e+01,3.351499969655588984e+01,3.120283581166040676e+01
2.783676224077220240e+01,2.819839929971612946e+01,2.760751397395500817e+01,2.778034922981152022e+01,2.812327803785586866e+01,2.752372945641053548e+01,2.784758016828789096e+01,2.857036956406631134e+01,2.755501241567094439e+01,2.765780065521329334e+01,2.824641053078266850e+01,2.890699806402398053e+01,2.771896751250255875e+01,2.881702727496673333e+01,2.889559096318856746e+01,2.836848232033571549e+01,2.909626357879506031e+01,2.940020237428012706e+01,3.203191359898539758e+01,3.227640062382693031e+01,3.351033913810562126e+01,3.274621804035291461e+01,3.231066439692790482e+01,3.264418205432286868e+01
