2.779700429789136251e+01,2.988484458227236473e+01,2.965800627633331032e+01,2.953437983721136106e+01,2.793071567432065194e+01,2.879932975613900226e+01,2.825834763572697739e+01,2.831292408459779608e+01,2.782590008510521784e+01,2.769851080391134701e+01,2.902582976884701793e+01,2.798633244767006545e+01,2.838238038408525199e+01,2.783940188693787832e+01,2.868573134545027870e+01,2.783430579171766794e+01,2.834515057691953643e+01,2.775055010308051351e+01,2.879681453711339145e+01,2.950848805842053935e+01,2.832748718690544365e+01,2.936153980206296410e+01,2.881974133302594510e+01,2.868017430559729064e+01
3.030698012616460346e+01,2.819242810355075335e+01,2.915886322027512279e+01,2.763602689900687892e+01,2.938758224981103240e+01,2.862133892366966847e+01,2.786107511344539489e+01,2.760225830737203978e+01,2.956213161332016170e+01,2.931012461825685023e+01,2.974507975399757242e+01,2.909817937812977107e+01,2.864856468371829123e+01,2.787932693336136936e+01,2.728208523067758051e+01,2.810249675911956047e+01,2.824488240661645477e+01,2.773974615808288036e+01,2.885507330955374528e+01,2.790020198024393494e+01,2.860029975568608052e+01,2.837180393844028004e+01,2.813626187588772609e+01,2.893738949347255129e+01
2.960006714203882439e+01,2.913283052247305704e+01,2.843144837139817582e+01,2.776649258192259140e+01,2.905935423538903706e+01,2.821685353743231417e+01,2.823662100385740814e+01,2.706687063994286291e+01,2.734176649373364398e+01,2.804932624457478596e+01,2.822512373908932659e+01,2.846159227708932349e+01,2.930240498588818809e+01,2.892469984650028891e+01,2.915706306686161042e+01,2.917274720340998329e+01,2.838298730559336036e+01,2.775844888665744747e+01,2.752142700151966892e+01,2.875489282826742965e+01,2.939265452380050192e+01,2.965126322927005731e+01,2.959890435315219293e+01,2.995844729973845233e+01
2.838513507622917587e+01,2.844327235007978061e+01,2.948300476156845207e+01,2.953437846451600990e+01,2.837486827608626072e+01,2.726724719836323629e+01,2.843453752911534593e+01,2.890110286822448415e+01,2.745654695172061110e+01,2.768602994053446764e+01,2.767208641701972738e+01,2.782864989962445179e+01,2.861647505520045343e+01,2.820314119649577833e+01,2.873492397138676324e+01,2.927818125414177075e+01,2.789174733093625491e+01,2.870894020682663950e+01,2.875377266731447889e+01,3.018973586181016344e+01,2.879797494897997012e+01,2.857193578640436726e+01,2.985104911373485947e+01,2.860703645688380448e+01
2.863125558522744996e+01,2.809741893221701048e+01,2.838915368734456024e+01,2.854320737777061368e+01,2.886407154211156012e+01,2.999702662965660238e+01,2.811475126391030699e+01,2.801630229659008364e+01,2.711687000489786215e+01,2.743627048371672572e+01,2.828414109492734951e+01,2.932628075064292261e+01,2.931693118128004016e+01,2.904702572264807259e+01,2.843142365041870789e+01,2.893811891713193063e+01,2.871421925174138323e+01,2.747791568647738814e+01,2.860582869798349748e+01,2.926115944314022954e+01,2.880107050926727652e+01,2.868535132065971993e+01,2.920756956775369417e+01,2.979330237053744668e+01
2.890930821187419042e+01,2.977105150628131014e+01,2.992065014661335454e+01,2.776850180843683802e+01,2.940273443921824992e+01,2.753903836692967388e+01,2.910880721483766820e+01,2.834743565683834277e+01,2.913903369635335139e+01,2.817512348770151220e+01,2.861657744999735087e+01,2.798789933771149663e+01,2.952144035408923628e+01,2.912486094850390828e+01,2.919355767537018664e+01,2.947726365753106847e+01,2.820511383649494519e+01,2.835276337151543657e+01,2.846706535523145476e+01,2.882216570249687493e+01,2.855102963355761858e+01,2.783752068281711445e+01,2.936356646723481845e+01,2.857568794681679947e+01
2.953043738390192630e+01,2.978936960632535147e+01,2.923099885911040019e+01,2.743871101597630968e+01,2.928147341769943068e+01,2.855397568139153464e+01,2.956034611891681152e+01,2.834218309479825848e+01,2.844742907830749346e+01,2.849084587645643296e+01,2.894197300529913264e+01,2.878251065988877144e+01,2.968840180787111649e+01,2.865516444195577606e+01,2.886752908144853791e+01,2.921730056076694382e+01,2.782415087299369816e+01,2.728246957512368454e+01,2.887655264184678572e+01,2.903848779827376347e+01,2.968669678764211994e+01,2.898993961026724264e+01,2.820883304372756584e+01,2.952664218963280973e+01
2.940456646019180198e+01,2.856734505291075266e+01,2.901221820309814348e+01,2.840267949043573026e+01,2.836880933161216944e+01,2.789890331990488903e+01,2.880685501735916887e+01,2.938121500635639904e+01,2.808385366483486223e+01,2.771883391506605676e+01,2.863111639292390009e+01,2.768073409623008274e+01,2.983400996781870163e+01,2.820875407875593055e+01,2.864123255611792729e+01,2.841971645228034049e+01,2.787496205942233019e+01,2.816927972103275124e+01,2.849806963824943296e+01,2.882879082726748265e+01,2.891232293444227253e+01,3.022127822145631626e+01,2.920936155862068517e+01,2.906677430836316489e+01
2.946548352573512375e+01,2.857192353006246321e+01,2.863303712243458676e+01,2.826493808627640192e+01,2.873281453332754154e+01,2.957688495877351897e+01,2.852560217731166858e+01,2.935137950498693726e+01,2.923885714282221215e+01,2.810516932509381149e+01,2.834855439275332856e+01,2.861624638709110968e+01,2.946265005157005135e+01,2.954130880380773760e+01,2.957567370228372283e+01,2.914229822858902708e+01,2.788539740299148662e+01,2.727552073611843753e+01,2.780274419236889116e+01,2.894859232528551729e+01,2.956428069169618311e+01,2.875109954285778713e+01,2.947567982456934033e+01,2.942689895384557985e+01
3.007912439927662263e+01,2.781717244880405815e+01,2.936201017534864377e+01,2.898389125867942084e+01,2.953792217775048812e+01,2.874663933094711865e+01,2.863667904474431225e+01,2.840609514797102975e+01,2.855745575402090708e+01,2.801379408338192434e+01,2.951112333952653444e+01,2.856541051332027337e+01,2.965989395039827059e+01,2.856894912752602522e+01,2.828659415875944205e+01,2.807472059695629696e+01,2.791544442213893262e+01,2.719263528271068253e+01,2.848500229844188425e+01,2.892124291300876848e+01,2.921968170305785861e+01,3.018821796049871864e+01,2.918128129675449145e+01,2.855816217941872992e+01
2.941152378643323573e+01,2.906415687621586130e+01,2.947999657128059425e+01,2.920821916028916121e+01,2.936069359124161338e+01,2.881180549442393612e+01,2.915786853498730125e+01,2.924494087559082800e+01,3.003445916783937264e+01,2.923378225991410773e+01,2.776806463059693897e+01,2.830492837483058111e+01,2.950906260364780564e+01,2.902517954979572323e+01,2.971921783570411435e+01,2.924278488995406633e+01,2.879149730725436029e+01,2.706775279891195396e+01,2.842196250151062031e+01,2.911141244751712520e+01,2.909176884068654090e+01,2.910216935562834806e+01,2.928040645128157848e+01,2.975117727392404277e+01
3.021179971246732521e+01,2.942740719130313209e+01,2.944582149678444694e+01,2.896809025328053622e+01,2.917289129731807407e+01,2.971639218113381276e+01,2.917062266723957009e+01,2.950978130108802588e+01,2.831292584738969254e+01,2.882521892765794291e+01,2.827223504866151416e+01,2.860290915559966152e+01,2.836531908652409584e+01,2.901698676845626323e+01,2.835367296475232024e+01,2.829822945689340941e+01,2.767332225565172621e+01,2.827040725254175868e+01,2.869211630537085966e+01,2.952255837606452360e+01,2.936874739539507573e+01,2.986925378926895291e+01,2.965836313151811510e+01,2.971878568509538354e+01
2.910500699656421375e+01,2.904593917969731365e+01,2.970290256191094613e+01,2.962118210194137191e+01,2.932829220632424949e+01,2.965334985460702910e+01,2.906489302500517624e+01,2.970465147111394799e+01,2.914911433655157680e+01,2.924501690720035185e+01,2.853509336584545508e+01,2.896799966963209272e+01,3.021016355993799607e+01,2.866030147097006875e+01,2.871508887271465937e+01,2.748502419729385338e+01,2.717135661239132105e+01,2.857094791330632688e+01,2.920660839904206796e+01,2.862166821002313100e+01,2.905468819406218017e+01,2.946475881600656521e+01,2.911812408463697466e+01,2.926873472912814123e+01
2.864225241236459851e+01,2.956463904834674850e+01,2.940018184481044727e+01,2.860792394833583785e+01,2.937462674947545338e+01,2.876640853081198657e+01,3.052624105178398395e+01,2.914271577637879318e+01,2.952405722253985232e+01,2.862524620304134260e+01,2.918755025188090713e+01,2.913630358037954693e+01,2.921981170436157527e+01,2.838246559153361659e+01,2.784670291743896087e+01,2.847754435533113337e+01,2.761942606523842869e+01,2.818682675410099137e+01,2.877373319083147862e+01,2.885122848826546260e+01,2.839290989428553758e+01,2.949818487761660890e+01,2.964188465458755672e+01,2.976291454877275555e+01
3.018402397349467492e+01,2.888640375693017859e+01,2.855839502252280226e+01,2.882454993890075912e+01,2.923257838231035066e+01,2.893198359488212645e+01,2.900030173552607948e+01,2.856465316753519801e+01,2.967276152265577593e+01,2.857679762599394735e+01,2.897268483568205966e+01,2.865720469071430898e+01,2.880834413012263440e+01,2.801520433666092913e+01,2.850007049662394820e+01,2.850985547869913717e+01,2.807730963379367495e+01,2.864846723623122671e+01,2.832201118125021821e+01,2.951480057061166917e+01,2.837638878656082397e+01,2.858189798434591467e+01,2.889073738526172974e+01,2.863146301546771610e+01
2.839531260601461327e+01,2.897535674700026220e+01,2.913768654497408761e+01,2.927818163255449235e+01,2.903803264378717586e+01,2.899217716749978990e+01,2.903984976312034405e+01,2.903998809820171800e+01,2.922042335601338436e+01,2.899932004740554703e+01,2.927475235825636446e+01,2.828504429590134350e+01,2.968993698284413085e+01,2.798785515038053973e+01,2.858331674099520114e+01,2.953037617398945258e+01,2.809968251593807054e+01,2.841892601305244170e+01,2.840729103934006616e+01,3.015204565916485535e+01,2.925175283252241343e+01,2.940908364248048201e+01,2.973328420470585343e+01,2.942308589427477727e+01
3.031974589791792596e+01,2.875024813661377721e+01,2.938474305826065347e+01,2.984239079708441977e+01,2.970812011552703780e+01,2.957929515565132306e+01,2.814828157103539752e+01,2.886883845160673445e+01,2.940565286698546288e+01,2.932922806902928414e+01,2.862085132226519590e+01,2.985684305667172111e+01,2.841837803351421599e+01,2.789673426167894377e+01,2.925590740898280728e+01,2.820549843361879994e+01,2.845158764745542612e+01,2.836750831701698417e+01,2.876287348647861108e+01,2.884876988186942981e+01,2.985884910446441154e+01,2.955890113571734901e+01,2.918305822546676609e+01,2.846024785841922267e+01
3.087403787697985535e+01,2.950961943942371590e+01,2.894932976316812301e+01,2.941848992161709475e+01,2.945056043057991246e+01,2.901910619588119289e+01,2.931773738517773609e+01,2.850057754232932439e+01,2.980937552811798241e+01,2.989744563906168651e+01,2.898216647421213565e+01,2.892548273833813255e+01,2.810602139099250962e+01,2.741190003135045572e+01,2.895038231644036841e+01,2.820547350220044791e+01,2.720136623353744199e+01,2.707823324394792053e+01,2.873755780433964446e+01,2.851806431570832956e+01,2.931055267499795036e+01,2.970886494972575065e+01,2.998616165461453420e+01,2.962813914297606743e+01
3.077497910617211119e+01,3.079721445702853089e+01,3.021246233005683735e+01,3.059157808181169003e+01,3.129836236812542438e+01,3.014873299737229217e+01,2.922513599702301690e+01,2.926911891856235570e+01,2.846661466713931077e+01,2.884717947673607341e+01,2.916460954932398408e+01,2.904150436814830982e+01,2.854740363373105083e+01,2.725000859867196823e+01,2.900829454609447566e+01,2.822255384563123926e+01,2.820698713035795890e+01,2.752291630407950151e+01,2.874628556061708196e+01,2.853572759179195373e+01,2.869076276226138589e+01,2.944804764537030906e+01,2.874728033799385685e+01,2.918966410514724430e+01
3.030914188197118619e+01,3.090547431868515105e+01,3.082557660914028475e+01,3.183088058812859344e+01,3.034897372306505758e+01,3.033402257447397687e+01,2.970725695991347948e+01,3.086324480262351244e+01,2.985414632128777157e+01,2.845215391719784748e+01,2.923231177382723445e+01,2.937919013230435894e+01,2.922981386736893228e+01,2.798456357270805483e+01,3.028314859209132237e+01,2.828615331868928706e+01,2.768292137323692259e+01,2.747397439600456437e+01,2.741980395730854525e+01,2.859519562000667747e+01,2.923917835261846676e+01,3.024063327672888590e+01,2.896166624920351751e+01,2.991291382647057162e+01
3.020686922689031917e+01,3.182319712014475499e+01,3.047283530022815512e+01,3.072843863672318321e+01,3.078401776209216223e+01,3.068853747807912669e+01,3.052727019998707192e+01,3.042784748527452621e+01,2.986665226992062117e+01,2.913339611178253108e+01,2.889466818610554810e+01,2.961816419100779285e+01,2.864833780493154336e+01,2.792077793420963872e+01,2.980909597598895289e+01,2.824318421385680722e+01,2.775307504897108402e+01,2.818793147351016160e+01,2.856970574893199455e+01,2.814807769921105773e+01,2.957829685966106581e+01,2.963652800938291421e+01,2.942949443330792292e+01,2.969465208240922038e+01
3.015337358978649718e+01,2.874746356931166247e+01,3.116068435838371897e+01,3.125244841255295114e+01,3.077103450894361458e+01,3.020038459469276404e+01,3.093017371349100131e+01,3.015506979027151147e+01,2.995653969524647664e+01,2.935227827639397447e+01,2.937703387751832906e+01,2.916029484870279020e+01,2.804750063366503809e+01,2.729312481909488497e+01,2.909502822553548640e+01,2.849123386442988703e+01,2.729101839906911664e+01,2.753151622951907029e+01,2.848805724194983213e+01,2.939617629561172407e+01,2.922162124398164451e+01,2.929673105668194921e+01,2.988878934360457151e+01,3.008420916423705194e+01
2.958659332350958948e+01,2.970887338634753405e+01,2.912992485395767517e+01,2.901932713246247886e+01,3.031466529624776740e+01,2.979362188233358211e+01,3.057704734211313280e+01,2.971439656290419862e+01,2.997965373868703409e+01,2.930134729448724329e+01,2.954086399921300199e+01,2.956883743755952310e+01,2.861413656272844719e+01,2.778909833892635106e+01,2.844060291244733207e+01,2.765434791811151172e+01,2.815640440791764831e+01,2.769377518572679264e+01,2.895891164179784028e+01,2.848517332893794674e+01,2.923518079111840962e+01,2.912971208650878907e+01,2.964205921813197619e+01,2.920468904903663088e+01
2.866784091938728807e+01,2.930528144677793989e+01,2.922337767079642390e+01,2.981877091190062856e+01,2.984174481411605484e+01,2.928616442138621778e+01,2.915489319560543890e+01,2.980163877674772266e+01,2.865970641254961038e+01,2.962482528226888689e+01,2.885299269345165385e+01,2.947888232150336307e+01,2.896694690684887519e+01,2.864411089777894404e+01,2.910965976866583560e+01,2.784623937023519602e+01,2.811859125714022412e+01,2.715710369649099221e+01,2.894878662422610205e+01,2.858849383016598722e+01,3.006488640351369668e+01,2.896093258964151573e+01,2.899846871336569620e+01,2.921084853500690315e+01
2.828040692639069675e+01,2.924238840826603791e+01,2.963766161828033319e+01,3.141302055617279620e+01,2.992637987329175076e+01,2.964484133325436233e+01,2.911661563557737509e+01,2.879329988222411885e+01,2.976830772809745440e+01,2.962161796538066483e+01,2.861446479774389218e+01,2.986968462880724928e+01,2.804346707916681680e+01,2.847818931610026993e+01,2.891955412294606731e+01,2.775137320369037752e+01,2.805787545560076524e+01,2.781350403041221853e+01,2.806202637676801714e+01,2.878972023311825978e+01,2.922148561920721477e+01,2.857197984371271104e+01,2.923271284394689928e+01,2.896082497583824988e+01
2.915965233795947142e+01,2.934014322571556477e+01,3.153478716416259431e+01,3.259680841881595370e+01,2.908423183353460217e+01,2.961683158876360267e+01,2.968513504551918913e+01,2.903644902385838122e+01,2.931408020449094920e+01,2.873836693978705625e+01,2.914149871861087604e+01,2.886239553644924172e+01,2.871497069688444981e+01,2.794070270401056177e+01,2.885038311980662229e+01,2.803802063672236500e+01,2.761248426849971338e+01,2.749950615003183430e+01,2.797909380815900704e+01,2.912469521405159867e+01,2.836926064011669268e+01,2.916080125485274266e+01,2.848746590013473678e+01,2.905493067715752886e+01
3.115369673949288654e+01,3.095604599942879531e+01,3.013926709223829903e+01,3.158313121483752184e+01,2.999699692152063335e+01,2.905302273786134037e+01,2.880411749774447117e+01,2.807990168835641498e+01,2.984355810596434821e+01,2.854887451206798232e+01,2.909541553631498800e+01,2.818449956538734114e+01,2.787262453859790412e+01,2.841745846490402982e+01,2.865608226315549700e+01,2.776489519527478933e+01,2.837680310126199856e+01,2.686763554574849877e+01,2.832813552781107092e+01,2.875482634072295696e+01,2.961131709514421573e+01,2.920455617709109220e+01,2.923652156315824868e+01,2.879793967407476885e+01
2.935586272755341497e+01,3.143859933570251997e+01,3.020865471152632153e+01,3.124604021818799993e+01,3.033749652510300621e+01,2.794023044077567874e+01,2.953445451292827784e+01,2.853552943436005762e+01,2.856011445844762875e+01,2.868318123522232099e+01,2.864681739277068573e+01,2.866491074449334064e+01,2.794689382830489421e+01,2.757357267622302288e+01,2.850730578874220100e+01,2.774000522762236187e+01,2.791790551411139631e+01,2.751516360123304139e+01,2.844136025232944576e+01,2.842192306514920119e+01,2.847392844205285201e+01,2.962238685701720442e+01,2.899340348412204094e+01,2.923500797513162297e+01
2.999843937561331586e+01,2.941919545641252398e+01,2.880888194213508768e+01,2.956950292622479992e+01,2.960871827954832725e+01,2.885839919507083096e+01,2.894139154907384182e+01,2.920054976583213602e+01,3.014272106833288944e+01,2.922288612092114590e+01,2.869574086194654683e+01,2.915847780699931491e+01,2.806137918686641797e+01,2.790558717514380760e+01,2.956601728870862189e+01,2.828255397303024665e+01,2.784253131056510711e+01,2.766905401085529093e+01,2.803688443932179553e+01,2.821759453400181883e+01,2.960412364429151921e+01,2.940391911950592885e+01,2.850347037449949994e+01,2.906880289531176231e+01
2.808619446927275476e+01,2.994749449407834163e+01,2.934622769637132933e+01,2.825528118292845647e+01,2.873770635451393218e+01,2.875266148422412016e+01,2.829340951628438461e+01,2.769260505639886105e+01,2.794516001359517077e+01,2.909051914645294801e+01,2.864513153112710597e+01,2.872548647115473841e+01,2.777325059248886419e+01,2.901613362626312664e+01,2.810219254096313080e+01,2.779394647364489401e+01,2.724898497575270540e+01,2.751403458136547897e+01,2.788051627559298140e+01,2.734436792031777941e+01,2.908623125408684018e+01,2.872383324963465157e+01,2.864276038615713560e+01,2.942556638592424179e+01
2.897739405665225831e+01,2.954168716788484517e+01,2.918174993856524679e+01,2.850280953897595282e+01,2.811452818499503792e+01,2.869289025467980991e+01,2.888649070420507314e+01,2.811423448488977783e+01,3.055143742942675544e+01,2.952847381906707369e+01,2.841127953381527504e+01,2.865931375398196224e+01,2.809730672024397791e+01,2.832384379197634416e+01,2.882894182679825690e+01,2.819468176054340347e+01,2.812390811022140724e+01,2.793203153743638723e+01,2.931938611225933755e+01,2.866190748105168495e+01,2.956055999260826184e+01,2.884094269231763974e+01,2.902943843162125859e+01,2.861486570251287276e+01
2.944254784883338516e+01,2.839762289054868916e+01,2.906477085943748762e+01,2.917315289896981767e+01,2.853781694519733492e+01,2.762651153053718645e+01,2.949267391388804072e+01,2.880868793246639825e+01,2.839719419252145372e+01,2.713232082939777001e+01,2.891371365403085747e+01,2.884089101898240415e+01,2.823769449644350971e+01,2.862923018119272456e+01,2.726757078359190700e+01,2.854704046593423072e+01,2.830874995865968913e+01,2.810719079385199848e+01,2.943985920740533402e+01,2.956970020300866508e+01,2.918128152092253913e+01,2.939498159150150514e+01,3.086692256276046464e+01,2.945670896589950871e+01
