2.448193409502755458e+01,2.484145510144753644e+01,2.479510573155846487e+01,2.482963771338324932e+01,2.560472777730404914e+01,2.487424604400047201e+01,2.565387877817357776e+01,2.465311198616439015e+01,2.427210845661232952e+01,2.446813025825389332e+01,2.480437498663997076e+01,2.453553917943651186e+01,2.551942592887399996e+01,2.460350344242806386e+01,2.422433078114130467e+01,2.391390339728604886e+01,2.614979629231993385e+01,2.473635980034663362e+01,2.568710702929297440e+01,2.443469278393365585e+01,2.523299298343118835e+01,2.660580603559907331e+01,2.670999514916161388e+01,2.592773387213765091e+01
2.362082635009630849e+01,2.488573777377519036e+01,2.474495542703562023e+01,2.607563915145095734e+01,2.527095572066258455e+01,2.436164369357044279e+01,2.351324993115525785e+01,2.429053948310394162e+01,2.548431189979504552e+01,2.397837473667129871e+01,2.484757945706252258e+01,2.427389922736057315e+01,2.307447734156579600e+01,2.521364131163619504e+01,2.362210204921507284e+01,2.412177539393525194e+01,2.437718352202438155e+01,2.462284629166890682e+01,2.432099680175781486e+01,2.545373296349725933e+01,2.586819850673970222e+01,2.476698581645700870e+01,2.541944591370281614e+01,2.603954965455727688e+01
2.476318318404224783e+01,2.371598735740809616e+01,2.439663220363706841e+01,2.437281265421489707e+01,2.462717766628804839e+01,2.437799371218113720e+01,2.427983706755605908e+01,2.494902308499638366e+01,2.424858160518982686e+01,2.464030026483106894e+01,2.259257289720744666e+01,2.381047777944570498e+01,2.289532315423343789e+01,2.491404896742272967e+01,2.276280989664314802e+01,2.393530312382245029e+01,2.400984579414472364e+01,2.348292454680478158e+01,2.440261457237369314e+01,2.470509942644122248e+01,2.453481292611087383e+01,2.510491130452135167e+01,2.466108676332549976e+01,2.440034632529130931e+01
2.524696157791527185e+01,2.539342072639806247e+01,2.658601288321011680e+01,2.554330771108203635e+01,2.567045617002338531e+01,2.530368587657062562e+01,2.656859076165676470e+01,2.473702734655336144e+01,2.510703222407687463e+01,2.436076253113486700e+01,2.507897563526910290e+01,2.491426630111300256e+01,2.380582518556553850e+01,2.448530913984745894e+01,2.390644517605312558e+01,2.456125710973219611e+01,2.468295440449543321e+01,2.331169779298807043e+01,2.472039087495505782e+01,2.456467525915849137e+01,2.430725879366781328e+01,2.389855970145839592e+01,2.600995586868327791e+01,2.591331820970401623e+01
2.534155782509668597e+01,2.537208972909189697e+01,2.554255545872598532e+01,2.556618115523212964e+01,2.600798560893218792e+01,2.432696934324525273e+01,2.639409805448224233e+01,2.557885157108688645e+01,2.516867922125135237e+01,2.458477495251725031e+01,2.594857835548521052e+01,2.515120077616785466e+01,2.488592170427580186e+01,2.429443636545187246e+01,2.400365661134634365e+01,2.456896671539522004e+01,2.425278544013048077e+01,2.421371259170405210e+01,2.390891797160912802e+01,2.503629259239602334e+01,2.487684743779323071e+01,2.398874190258140970e+01,2.462419256925699074e+01,2.441499461644747271e+01
2.551382181439731767e+01,2.627355655357030173e+01,2.633019305296033963e+01,2.554382955482014950e+01,2.540582296945291318e+01,2.545993292861322743e+01,2.532289293567350796e+01,2.543645416996304220e+01,2.537014789688322480e+01,2.678226072541986014e+01,2.485122685534815901e+01,2.636346253697985276e+01,2.445882621521354849e+01,2.545548373201910408e+01,2.466799548903264849e+01,2.562501190995084244e+01,2.478865450232780177e+01,2.463221198029572179e+01,2.485737098418462665e+01,2.431539994558357876e+01,2.393605073525986882e+01,2.409551301877689866e+01,2.425442831850432412e+01,2.477961894718032454e+01
2.442849032406155629e+01,2.599148028574006730e+01,2.467196316803767786e+01,2.655798949654990793e+01,2.661893456979208850e+01,2.617918701522876290e+01,2.513874126388384411e+01,2.609021650356925193e+01,2.627700533941066396e+01,2.676988284038742449e+01,2.528505505378109319e+01,2.594397833172939727e+01,2.549950398520536510e+01,2.489722690051104337e+01,2.539357549263780811e+01,2.583399331502454288e+01,2.450920555278327129e+01,2.609888412294890259e+01,2.406521452944036810e+01,2.469646703523198994e+01,2.543728666928888060e+01,2.575665118668882769e+01,2.468059173013438112e+01,2.465053657719710145e+01
2.537108519810476537e+01,2.506060152502942628e+01,2.585039340471382729e+01,2.635662946473269130e+01,2.579701812906245095e+01,2.497411138606918257e+01,2.619852239142744565e+01,2.628218544289154579e+01,2.581458496314439799e+01,2.588035195068073335e+01,2.614667195785040121e+01,2.617389788198977385e+01,2.593808106592763352e+01,2.526229243418038095e+01,2.579315418163668028e+01,2.655285925451954654e+01,2.630100491110272287e+01,2.485264799974197558e+01,2.491061564927599647e+01,2.531194665539356947e+01,2.532454587574153493e+01,2.576577385109305851e+01,2.601429361160330700e+01,2.510722464451322367e+01
2.619705988991125878e+01,2.537398882982137138e+01,2.475069383545616120e+01,2.619999698556682688e+01,2.544290136570879213e+01,2.524420569020651328e+01,2.670989661486123623e+01,2.466460001453776840e+01,2.577950891983630299e+01,2.646421832630568360e+01,2.627899963130170136e+01,2.520181531282577225e+01,2.618532079473408203e+01,2.631087134941390104e+01,2.595031637907567301e+01,2.607911675970416354e+01,2.562832652891268026e+01,2.627823164723832861e+01,2.502262403989664108e+01,2.569766201194784117e+01,2.591241821004336998e+01,2.567928716740516393e+01,2.618327641845519338e+01,2.598262992557215512e+01
2.501746698642597266e+01,2.596879406516512745e+01,2.460677024118092504e+01,2.551066050373862026e+01,2.466746141247591595e+01,2.564999950476226331e+01,2.633170367743747420e+01,2.565658024040885721e+01,2.552545299068151508e+01,2.611751643559108516e+01,2.579029087482717841e+01,2.580491541349789486e+01,2.492738737404312133e+01,2.630207225102907387e+01,2.540894459509894432e+01,2.613321277286246413e+01,2.555328100708186412e+01,2.628413823067046451e+01,2.542949873468865007e+01,2.597008629091646981e+01,2.490612725499022417e+01,2.562816929102768881e+01,2.558322324049225927e+01,2.618213023643488668e+01
2.427673094249576025e+01,2.549770473790880487e+01,2.483948606167143680e+01,2.640453643861826549e+01,2.495116631370194682e+01,2.544552944150041185e+01,2.447640988535033557e+01,2.499773078411141114e+01,2.485859556156731287e+01,2.515963607823044867e+01,2.584767207017978308e+01,2.491083137099661826e+01,2.520658409597655236e+01,2.547264820021143805e+01,2.576734613628184434e+01,2.637047563535901418e+01,2.636294783075527448e+01,2.574612550933164812e+01,2.529496791615378015e+01,2.607214170565362110e+01,2.597838233161490962e+01,2.607140030357459182e+01,2.598349340183364120e+01,2.519983524996314372e+01
2.440113198429372687e+01,2.535784104662388927e+01,2.532365174861752166e+01,2.471644463505759859e+01,2.580614039073697086e+01,2.533694081563595546e+01,2.490180118126124853e+01,2.443865187111850901e+01,2.545774298014509895e+01,2.483527693449133267e+01,2.574927106529781895e+01,2.461905123248538985e+01,2.633611258001775468e+01,2.555548395848404652e+01,2.564039002818833524e+01,2.583995085785085166e+01,2.597809362984224890e+01,2.581429868961555485e+01,2.634983871134943456e+01,2.603508286606540878e+01,2.633512261312637293e+01,2.620478513210332494e+01,2.627393465658082050e+01,2.564518376214385853e+01
2.563529649592527448e+01,2.449297955192815834e+01,2.513077123532542601e+01,2.494725071815474848e+01,2.368879336024400573e+01,2.536961106155530388e+01,2.510020305084015035e+01,2.545707972686392395e+01,2.535440683793262906e+01,2.550484029510494111e+01,2.524447149632123910e+01,2.505638424512653728e+01,2.514897057642843947e+01,2.444027785210607817e+01,2.575577013107835000e+01,2.488122808950373610e+01,2.670319069273256218e+01,2.598613144290584387e+01,2.626134207949405663e+01,2.639038924802787278e+01,2.611352880275421739e+01,2.657442260238576637e+01,2.654116525678313110e+01,2.510341963691894307e+01
2.444846107226504728e+01,2.532295272080318682e+01,2.472089467397574936e+01,2.550743629646035515e+01,2.563937164873976826e+01,2.566516583700092724e+01,2.454305025081373515e+01,2.515779268539017721e+01,2.547685020820244972e+01,2.567974419455049429e+01,2.462053132420101065e+01,2.500033465966311041e+01,2.568002257331716010e+01,2.540474143407340080e+01,2.461211967231685094e+01,2.616303367786895251e+01,2.521578652417235844e+01,2.555100664981119962e+01,2.451857396032988845e+01,2.520721005839419604e+01,2.462411837331558218e+01,2.549978934544407139e+01,2.443503861508293085e+01,2.555725294147657678e+01
2.434471333069984667e+01,2.571546547854819664e+01,2.453558343104748474e+01,2.471417616115729743e+01,2.432170916628348323e+01,2.555133474340334487e+01,2.396567997270716432e+01,2.517750202291824735e+01,2.471359896167075476e+01,2.569728186257452762e+01,2.451114477801337443e+01,2.493553039407845517e+01,2.484883652506488261e+01,2.511966223000723630e+01,2.554040094573656461e+01,2.528605317355447824e+01,2.511395426339640835e+01,2.489640219468486748e+01,2.432376399357565333e+01,2.647944510497995907e+01,2.505453410796144453e+01,2.586906239719877476e+01,2.577065436809283483e+01,2.427126742082606370e+01
2.521032313885086751e+01,2.312778720929162546e+01,2.520494287185357507e+01,2.526708259553242897e+01,2.531045027158307903e+01,2.482861778576250344e+01,2.497530164935415087e+01,2.419498480064373780e+01,2.482014765805661227e+01,2.469637279479678682e+01,2.541216625703111731e+01,2.447881383863341398e+01,2.482953603118733099e+01,2.467591990116642364e+01,2.419361501389971636e+01,2.606442632589238428e+01,2.538706782070386225e+01,2.494201239944419513e+01,2.500653108084151199e+01,2.500758194076041718e+01,2.586455510372138633e+01,2.503855343346754125e+01,2.562224875126634061e+01,2.553982233559526094e+01
2.550982844576657271e+01,2.514695437682206602e+01,2.554800960854555569e+01,2.535447403347893669e+01,2.485938211118480012e+01,2.463771844711686754e+01,2.433104525994104961e+01,2.462507954352810202e+01,2.528960838543389400e+01,2.408408039133229295e+01,2.516610102333362420e+01,2.531335299489592217e+01,2.545534476129404311e+01,2.545378919779170701e+01,2.548590807741413755e+01,2.428778420719874021e+01,2.480490927966121717e+01,2.509915467666621680e+01,2.513052585842279996e+01,2.457740725703456519e+01,2.587612330460370913e+01,2.475098777445936093e+01,2.482058197108835884e+01,2.572393411811947317e+01
2.559684761857351987e+01,2.490759477544071387e+01,2.366123242860913933e+01,2.559044459988757581e+01,2.446881891015965493e+01,2.503687951819318869e+01,2.442183524364770619e+01,2.536765200899776573e+01,2.441796356009359670e+01,2.446511023821733488e+01,2.426247809043036341e+01,2.529967404509039852e+01,2.503835210633673114e+01,2.540474143407340080e+01,2.472876705472395997e+01,2.538888908837049030e+01,2.478242045610602418e+01,2.425325034897082332e+01,2.585538143483381646e+01,2.554667642735148547e+01,2.538927272954310865e+01,2.536897341635057046e+01,2.590172945197286936e+01,2.560669803248185872e+01
2.456604825249445412e+01,2.416053036899177187e+01,2.450203185500021164e+01,2.483949271531724889e+01,2.430995018609519320e+01,2.501586458301386529e+01,2.471832445803261180e+01,2.415635259507820365e+01,2.413184579409528396e+01,2.391725817494824469e+01,2.622598241013349707e+01,2.515229068909070520e+01,2.492087651501310575e+01,2.383630712433489407e+01,2.488642837240263361e+01,2.449051904782714928e+01,2.473235840146725195e+01,2.514530156020197182e+01,2.526412797457373927e+01,2.462107356263913971e+01,2.556850067911676661e+01,2.443786390148710552e+01,2.579225048823479938e+01,2.594714519599085634e+01
2.535726053726449436e+01,2.349916793799928882e+01,2.503222761039137367e+01,2.398299722535966794e+01,2.554896640480399128e+01,2.435711315168992996e+01,2.407543069456238527e+01,2.485640727800648619e+01,2.597401575864540746e+01,2.446516578648987661e+01,2.500171839735583035e+01,2.557761336222489490e+01,2.499898627363114656e+01,2.432969126200305254e+01,2.474598459550946927e+01,2.546171645395247651e+01,2.513130394203847118e+01,2.447341807671517699e+01,2.539734175969550733e+01,2.474152253643131871e+01,2.549865983483186938e+01,2.518037467422794862e+01,2.648414124385448076e+01,2.566874626279610538e+01
2.474485031948279357e+01,2.418818445438682829e+01,2.421166085440893312e+01,2.307908743421768349e+01,2.428275606396698549e+01,2.518530795475538753e+01,2.498264093224457838e+01,2.406796349434341664e+01,2.506891328192898527e+01,2.454687083202088616e+01,2.474279233076970286e+01,2.453313983979018076e+01,2.502116944850536129e+01,2.482832711094636124e+01,2.470123006376604735e+01,2.346901581041430518e+01,2.596683696566975641e+01,2.440074714755479590e+01,2.510049370395029200e+01,2.607718250752100175e+01,2.715974360959029354e+01,2.710020910656555770e+01,2.575847565517534576e+01,2.479657477490076189e+01
2.457134164451645120e+01,2.366961031556678563e+01,2.366217187076171058e+01,2.394222697119431587e+01,2.489210538976055886e+01,2.368557737789075190e+01,2.441327983889061670e+01,2.514375568262227034e+01,2.448563856644176440e+01,2.467640941614661187e+01,2.446978711136023321e+01,2.485469996097151579e+01,2.548761791092272233e+01,2.499372474425092605e+01,2.552762525109324088e+01,2.518440683491144227e+01,2.437075021944372111e+01,2.539341003084632575e+01,2.594007793545790719e+01,2.627218238297774633e+01,2.617038122095141262e+01,2.739859773679785349e+01,2.612665328914715701e+01,2.803538824524287065e+01
2.507215585174611761e+01,2.409445668981777544e+01,2.448350139755240207e+01,2.447518819304298177e+01,2.443725010842456413e+01,2.457753387416045143e+01,2.513682523072651520e+01,2.544267049187902785e+01,2.438606165602152487e+01,2.485875069776409418e+01,2.450309007311614096e+01,2.497503880749587779e+01,2.427457118120571522e+01,2.542428503777972537e+01,2.373980430330271929e+01,2.527145972437301680e+01,2.467313373605958304e+01,2.497490801312829944e+01,2.691212824051996222e+01,2.649739895533826939e+01,2.774518417793348135e+01,2.894693815760723510e+01,2.820190197404804167e+01,2.946916766405092858e+01
2.504677142281292390e+01,2.496847066248318470e+01,2.505686968019807637e+01,2.438694870809388249e+01,2.478061104024823180e+01,2.411524753984224390e+01,2.613187459587544481e+01,2.452259045807403481e+01,2.526313596869374578e+01,2.422730489184084490e+01,2.546103739756853201e+01,2.479078463351021355e+01,2.486222192242433948e+01,2.549703723153180590e+01,2.467285897477768231e+01,2.539581556701836007e+01,2.542391622758748326e+01,2.543051490841861551e+01,2.680248965598815403e+01,2.632555227382562180e+01,2.686976460284296309e+01,2.781895438732374259e+01,2.988422525975494182e+01,3.106641975546921230e+01
2.497289107843295142e+01,2.458278177246648966e+01,2.514193077902035611e+01,2.472383086664990515e+01,2.440169905142425932e+01,2.476271130741429261e+01,2.507706265088870623e+01,2.501463264902537276e+01,2.503927434645942185e+01,2.604968008627253084e+01,2.494962439776264773e+01,2.577282203773273750e+01,2.507928883499482708e+01,2.451377151259600851e+01,2.455792671497357560e+01,2.449208328770106391e+01,2.491210940461428436e+01,2.558827773687170293e+01,2.636345548533347483e+01,2.572593301773599705e+01,2.988037902496779452e+01,3.036800393991120472e+01,3.144482869100880862e+01,3.106257748201187496e+01
2.422826837733015282e+01,2.584811471991304188e+01,2.574953814093862547e+01,2.502436500907651862e+01,2.511870913933904603e+01,2.519483184044503332e+01,2.481149305414845685e+01,2.592101557554309466e+01,2.408935949647423058e+01,2.525224156180433965e+01,2.447980138071051215e+01,2.466317629556266411e+01,2.477948901426475459e+01,2.534249581876701995e+01,2.436839426430475442e+01,2.453856961317387686e+01,2.453811202964152471e+01,2.524277463597860560e+01,2.564882005498856188e+01,2.618287344638758896e+01,3.045176367425835906e+01,3.152123917998375191e+01,3.020691028748512963e+01,3.121161732530293875e+01
2.448377940999813518e+01,2.471683366930494685e+01,2.452042326910873271e+01,2.555155496272169557e+01,2.471113668499901905e+01,2.507200486647604976e+01,2.452968628693184883e+01,2.467841638684035388e+01,2.542451922742662873e+01,2.553728861663876160e+01,2.487521763394323671e+01,2.515668117712175444e+01,2.400150127328907956e+01,2.538985410563714140e+01,2.460051295895021894e+01,2.525813152196229794e+01,2.488233917416800978e+01,2.550898773189641133e+01,2.579226859137514793e+01,2.782637199866741184e+01,2.959106604665259965e+01,3.044792284233881219e+01,3.011540044793008519e+01,2.955569521278215461e+01
2.574221788085526441e+01,2.475183841486233405e+01,2.533876336662535778e+01,2.437377519318494024e+01,2.615269125508507386e+01,2.501814960495295281e+01,2.634224023254114400e+01,2.444116312472726804e+01,2.611032003494267428e+01,2.461310030063668819e+01,2.486533745497803238e+01,2.477159428543905051e+01,2.565986742759906747e+01,2.441028573990740824e+01,2.510154438980390523e+01,2.551747708163276229e+01,2.563514394660131757e+01,2.529522445455501156e+01,2.639558958833379165e+01,2.740566780709400518e+01,3.056632948341649580e+01,3.022990662098453640e+01,3.073636319009614226e+01,2.900585747992084862e+01
2.525647053772553363e+01,2.408875732846996698e+01,2.505277201208934912e+01,2.416013209332078304e+01,2.590649488146874546e+01,2.524721484320491527e+01,2.562960266172660795e+01,2.497385206802550783e+01,2.548183779850296560e+01,2.384229153013927771e+01,2.520386908008930504e+01,2.555110455530774516e+01,2.607150471098157141e+01,2.465646252577437281e+01,2.667061565420601710e+01,2.621452624922631003e+01,2.623962317813953860e+01,2.595199106477724627e+01,2.648232464801037622e+01,2.714689829924969899e+01,2.731001162467396171e+01,2.821381339621012785e+01,2.795603633776732977e+01,2.688900059946638521e+01
2.487563165783342356e+01,2.521311549123498708e+01,2.525961513236376277e+01,2.515128404976127285e+01,2.511275431270394165e+01,2.414042353678377140e+01,2.426073113833291472e+01,2.557946565828848406e+01,2.412925574763619352e+01,2.421261703560372780e+01,2.600514351152850168e+01,2.638428194269545202e+01,2.627092372483576810e+01,2.723089112583681981e+01,2.564636604512918439e+01,2.563347333620851032e+01,2.538749726121955064e+01,2.654388349964614235e+01,2.545147606764180637e+01,2.643062196524573437e+01,2.711271715778951830e+01,2.727781671576491362e+01,2.672258178263103900e+01,2.803654972783601806e+01
2.512615525647987624e+01,2.588890173896936631e+01,2.363587696362907309e+01,2.509738677848537236e+01,2.503124308089826400e+01,2.572910279560215940e+01,2.558602334791015664e+01,2.534258437415729759e+01,2.533555883370070205e+01,2.569932702222536136e+01,2.489335833500155104e+01,2.607100267986709241e+01,2.518299211979189067e+01,2.572242668204876281e+01,2.592894781352777045e+01,2.644472533955160998e+01,2.607050070349805537e+01,2.640588508052388761e+01,2.664685116493473060e+01,2.674396964710024349e+01,2.578773436510545025e+01,2.788311523554256155e+01,2.594678032126529388e+01,2.706081086915793321e+01
2.601806101044206798e+01,2.424436472724374880e+01,2.592196514475199365e+01,2.584820047512334895e+01,2.558398970502804559e+01,2.613529154419501310e+01,2.698042275900019149e+01,2.526287704656772348e+01,2.540967591488038124e+01,2.548975241217317489e+01,2.614187598968186421e+01,2.487824374814232442e+01,2.648366366618296297e+01,2.548581022310258959e+01,2.639014831837573638e+01,2.666756898870499981e+01,2.658937047204955206e+01,2.644211675349299639e+01,2.688627860941278414e+01,2.600027244183513631e+01,2.576396041179037866e+01,2.464784349375673855e+01,2.792096603095859564e+01,2.799136278576179393e+01
