2.976234173697446295e+01,2.776962602212103093e+01,2.999391782184278554e+01,2.911080180383123661e+01,2.989436594122878432e+01,2.806004633418206140e+01,2.937609104316550201e+01,2.913000546149959291e+01,3.039657657904137977e+01,2.817724533307915635e+01,3.028464760494222219e+01,2.961373705098890241e+01,2.942293537579786289e+01,2.815420534598172253e+01,3.042028796534452795e+01,2.903260186772439511e+01,3.004099649825377583e+01,2.936760423416239973e+01,3.026071082247773347e+01,2.974112533774922440e+01,2.945625174004436531e+01,2.971189437013697443e+01,2.884773513871670048e+01,2.936551889921031488e+01
2.869659300756063658e+01,2.892865285660406016e+01,2.945216826957238254e+01,2.981611855656456100e+01,2.788771296111423226e+01,2.944263637782916021e+01,2.915127780489495990e+01,2.970810345874485847e+01,3.001493531384670632e+01,3.035946582395359883e+01,2.946403149697175650e+01,2.982730115878410970e+01,2.866240710831357319e+01,2.904756212950132976e+01,2.874503845751087283e+01,3.033572554321489179e+01,2.879729897315263543e+01,3.037253704270756316e+01,2.960553201120853828e+01,3.117658896768580234e+01,2.944549946943453733e+01,3.005323589346767221e+01,3.006347339894779225e+01,2.984178777969674456e+01
2.966192421870175622e+01,2.736538441791418563e+01,2.869079204634886082e+01,2.892288380865676345e+01,3.068854731218829102e+01,2.953804107806922730e+01,2.844125028156616963e+01,2.872910038942592337e+01,3.039381353353934401e+01,2.974803469575533654e+01,2.967677770798815118e+01,2.940583990009275794e+01,2.976809908614575306e+01,2.969212411870876167e+01,2.904129387557765085e+01,2.915256242308811352e+01,2.960515369829676047e+01,2.886052654995222611e+01,2.935843756967807394e+01,2.941404991414441383e+01,3.048947573895452479e+01,2.975571352206281972e+01,3.033325833264035509e+01,2.921215396045175794e+01
2.865111677528187784e+01,2.966494849879592266e+01,3.021550313286536493e+01,2.955493101257434319e+01,2.877960378359006199e+01,3.072249931174292215e+01,2.984643324177807244e+01,3.132956418288142686e+01,2.854575860167511792e+01,3.058050866128905909e+01,2.944908136482376904e+01,3.054259061186894542e+01,2.944709351555195553e+01,3.055542660614474926e+01,2.871994738000120151e+01,2.941762669100324956e+01,3.007510194154104965e+01,3.064767167498439449e+01,2.924061393850541890e+01,3.043248550216486592e+01,3.068201236729851189e+01,2.975241377881553717e+01,2.986913440604052994e+01,2.991419980936598222e+01
2.994809843444090802e+01,2.892437325780656465e+01,2.965963883642319843e+01,2.999694329286586481e+01,3.024697471066207299e+01,2.866651601735310351e+01,2.868362450469822988e+01,2.872455206996738752e+01,2.929761313152761204e+01,2.897831599245415646e+01,2.990111104084809313e+01,2.860327903703233687e+01,2.946281354878937009e+01,2.913080841769408380e+01,2.990756562531123564e+01,2.849600466064413240e+01,3.015595089285466202e+01,2.960551385377067390e+01,2.999946235604198819e+01,2.940178512465610083e+01,2.970525805484470538e+01,2.930088150302475469e+01,3.000237950046340529e+01,2.947569612672316453e+01
2.806979088050275095e+01,2.936840765756903693e+01,2.917710043822296484e+01,3.081156289083293132e+01,2.973623440522140982e+01,2.902070314859571454e+01,2.910768217119840529e+01,3.029715284957632093e+01,2.889642954142414055e+01,2.942561076520064489e+01,2.832669230116522385e+01,2.893868327525859740e+01,2.923890040001248281e+01,2.879892116718707484e+01,2.910160716984285045e+01,2.951382091645439232e+01,3.032022209834559590e+01,3.004240087902064715e+01,2.997950871316083976e+01,2.990085011123363756e+01,2.904282504930711184e+01,2.980472511027937799e+01,2.921547941160395112e+01,3.025417082544902314e+01
3.072322639083921558e+01,2.937010203263520225e+01,2.911328610597951183e+01,2.934810849911332298e+01,2.894607037516425407e+01,2.935629074502168123e+01,2.982926370018077478e+01,2.911171879681302244e+01,3.067509648708534087e+01,2.877043176046481676e+01,2.902254694375909594e+01,2.912544441299280606e+01,2.979700474725740378e+01,3.010370427097717538e+01,2.954830031636640797e+01,2.869469958469477433e+01,3.008312925777573810e+01,2.887482163837614735e+01,3.074932516694161677e+01,2.947957739493085683e+01,3.037975530537295299e+01,2.956760602040151298e+01,2.971924325742241990e+01,2.973389485021561995e+01
2.946001841447423431e+01,2.968274567534717789e+01,2.901380158650368912e+01,3.024272975645646966e+01,2.977333872833747819e+01,3.046289450753374695e+01,2.973512477570994861e+01,3.048753595112913217e+01,2.891333833992632663e+01,2.998999084753853595e+01,2.954375605970614060e+01,2.962645506806313733e+01,2.930263468433082608e+01,2.997170267159430068e+01,2.919493397262453982e+01,3.072381197466330605e+01,3.039692244513912556e+01,2.991683429738316136e+01,2.952642390639351788e+01,2.981530240710310409e+01,2.968486572190090556e+01,3.059265166302043326e+01,3.062351114384324546e+01,3.045214388957941765e+01
3.042166151268241947e+01,2.845846605038781263e+01,2.878292313025201565e+01,2.900290414697349206e+01,3.037666034614977661e+01,2.949827196662664619e+01,3.004423217917229749e+01,2.771115319909972641e+01,2.922904067879744616e+01,2.962341955396681215e+01,2.982192073147609790e+01,2.950150098613477212e+01,2.943642118694464216e+01,2.909582371349165442e+01,2.985188965482211643e+01,2.985512608687253078e+01,2.902771094637733995e+01,2.954946778259142093e+01,2.978756355980578974e+01,2.945411290828508299e+01,3.004704298760060510e+01,2.931874453909330214e+01,2.996174355144330548e+01,2.925860002920109082e+01
2.927337935010922365e+01,2.966554518209045455e+01,2.901519872105234299e+01,2.921505548374744876e+01,2.870691164260801997e+01,2.953579108153530797e+01,2.901790108374382271e+01,2.928846708222289408e+01,2.899238721824684717e+01,2.895044574358985301e+01,2.896015337296978487e+01,2.865408444154661538e+01,2.889231237415890519e+01,2.875731119592313689e+01,2.952300705147564486e+01,2.927611288673659828e+01,2.896520394710330493e+01,2.906582285190609127e+01,2.983605853662669460e+01,2.951471026377475937e+01,2.961196723355419635e+01,2.997611327934788505e+01,2.942946752352770545e+01,2.891325926241768229e+01
2.922470634900656705e+01,2.882285117303098332e+01,2.969094709302692081e+01,2.975972438871673376e+01,2.973557728508109221e+01,2.927184992607266167e+01,2.887021313084841267e+01,2.907178443835812232e+01,2.925829627543106426e+01,2.870454681644321226e+01,2.961980272698650651e+01,2.970766482917798612e+01,2.986005012173819750e+01,2.858008633610529614e+01,2.992867969564628083e+01,2.849002453535518953e+01,2.961374293317095407e+01,2.931626009109987763e+01,2.939856762157643288e+01,2.962050877888952982e+01,3.032545680537151611e+01,2.931819213303759852e+01,3.042538823076915833e+01,2.874543075194765152e+01
3.015445695102408763e+01,2.957246871438945846e+01,2.993895525179777906e+01,3.024095381877566524e+01,2.926784819948846916e+01,2.945688454429580361e+01,2.955878398015943276e+01,2.989598188470188234e+01,2.931625423822089260e+01,2.965312136453997027e+01,2.932966607198829934e+01,3.015681259749862875e+01,2.878801377786987814e+01,2.993912914083978194e+01,2.910219038911333200e+01,2.868034951435203084e+01,2.943457931970397112e+01,2.948092608491651845e+01,3.022445114898459906e+01,2.998869991881957731e+01,2.967270779180358886e+01,3.050093410925842363e+01,2.979828644306701335e+01,2.948174883235373045e+01
3.066887186402487941e+01,2.904231869409233013e+01,2.933137095317891863e+01,2.921923677250873652e+01,2.963099720001645210e+01,2.922751462270008460e+01,2.986704958737442439e+01,2.962010364689018616e+01,2.948532661597403148e+01,2.918337524828660889e+01,2.974260166582268994e+01,2.843386291883001604e+01,2.876779258586407195e+01,2.922672620067208982e+01,3.015908247269572939e+01,2.900876696917066511e+01,2.926361129984178433e+01,2.924449419685174689e+01,2.922192330715824937e+01,2.939939287098508203e+01,2.947975627015523514e+01,2.926655957749738945e+01,2.946874509684050736e+01,2.972941140917896519e+01
2.909562688404895425e+01,2.922541617914856715e+01,2.933773660785936954e+01,2.996062416435489695e+01,2.942225050004049081e+01,2.930285514584687689e+01,2.911558323774818291e+01,3.098551411189066584e+01,2.962350853984605692e+01,2.952264104356902408e+01,2.894366732033051903e+01,2.886571399146316708e+01,2.910846249836225752e+01,2.938528269300707052e+01,2.965860446455826605e+01,2.928540275512443714e+01,2.975325408242144931e+01,2.976614163542734559e+01,2.956458996486060187e+01,2.992677565002981055e+01,2.942378188909140135e+01,2.890638143123112513e+01,2.899752829845505175e+01,2.995718021258352337e+01
2.996221454243345761e+01,2.956411412013187601e+01,2.983172655231965109e+01,2.984261802337681502e+01,2.903649699507133164e+01,2.937090773096133489e+01,2.889966949900474447e+01,2.942562759321509702e+01,2.902610809163593331e+01,2.951813433123044206e+01,2.973038025132080975e+01,2.930162474828745189e+01,2.939869933836979499e+01,2.882686566683207730e+01,2.926207318014229486e+01,2.898959006796297899e+01,2.963264641362286511e+01,2.927080069414279251e+01,2.950224954970468616e+01,2.869957795789929378e+01,2.967817275240230401e+01,2.888839029537416536e+01,2.920403542758498361e+01,2.884212938575768703e+01
2.960887454618688253e+01,2.919901238641585905e+01,2.976083625921484099e+01,2.896530471706654453e+01,2.980165949383069801e+01,2.955879646163043617e+01,2.937688122022285597e+01,2.904213786144146070e+01,2.982515404453806696e+01,2.991735012498310198e+01,2.991779736868011241e+01,3.022819986969642514e+01,2.956187468667786789e+01,2.928696545222720715e+01,2.911064618980930163e+01,3.054524113635301319e+01,2.954937226757016333e+01,2.902776475212237983e+01,2.984745688075605585e+01,2.887498208348074513e+01,2.906729624793712219e+01,2.972800620290070128e+01,2.974672393960651107e+01,2.996382828780451746e+01
2.885780297836151931e+01,2.859879542306913436e+01,2.959497238691665189e+01,2.965630331852815971e+01,3.049037341638722864e+01,2.873363527283362373e+01,3.018065764683416319e+01,2.828003700467940007e+01,2.913628498412100498e+01,2.933278224103742104e+01,2.920368859983994980e+01,2.857665531264490255e+01,2.971290228920037180e+01,2.847531114611177827e+01,2.959536749561493707e+01,2.861423812930149779e+01,2.935628563780278455e+01,2.935779437176933016e+01,2.982351163954757567e+01,2.966050472812577254e+01,2.950524975964134455e+01,2.961183427472298035e+01,2.887341158330923463e+01,2.878335147586443554e+01
2.932787713655511652e+01,2.965021506940013296e+01,2.938405150339968941e+01,3.018106193411767890e+01,2.901616881956107363e+01,2.925043672261136862e+01,2.854614585608533162e+01,2.907683314642264349e+01,2.998004545810192667e+01,2.840128973395576395e+01,2.931149818716642130e+01,2.922814089153598616e+01,2.929469203378727116e+01,2.954719310657844744e+01,2.836057178223143183e+01,2.854474381114124526e+01,2.968598385437593379e+01,2.817263304375882171e+01,2.900792102107578785e+01,2.908740177548378369e+01,2.864466203734099281e+01,2.967096278829660605e+01,2.972193119013780915e+01,2.985093303458785385e+01
3.037863512555446732e+01,2.958444574956865836e+01,2.981347407783204062e+01,2.976302817474510221e+01,2.900080847906195913e+01,2.919402278661220862e+01,2.949937663083528605e+01,2.929051878732275327e+01,3.015337131361775391e+01,2.976204577945168239e+01,2.916884840056610528e+01,2.929607962321563264e+01,3.015342696687201851e+01,2.940046608673679884e+01,2.978160875467523283e+01,2.888453849262054973e+01,2.958000928047994194e+01,3.029717825043809398e+01,2.962386339377496824e+01,2.995192846939659148e+01,2.963038030750914231e+01,3.029017530095040911e+01,2.998005982930050095e+01,2.996364805012638044e+01
2.953088617657164150e+01,3.056614721432129045e+01,2.868351135051318579e+01,2.957458123636206437e+01,2.962172277149852562e+01,2.926215891102276601e+01,2.900228135482348080e+01,2.916792450722977037e+01,2.942889141846552548e+01,2.933958340314649149e+01,2.889740032834123440e+01,2.938188579873508388e+01,2.983639988041630886e+01,2.972160476300746268e+01,2.895060417141445441e+01,3.006815630800281269e+01,3.012239644097127211e+01,3.022839163560098541e+01,2.915708695564069330e+01,3.030959206852912757e+01,2.991238360290060427e+01,2.950635161372764514e+01,2.965891230180375260e+01,3.006584793316699233e+01
2.939032500700710671e+01,2.872573178415160555e+01,2.882873346443449236e+01,2.870118450202096483e+01,2.916409428439601470e+01,2.904208199497821852e+01,2.920019270688447932e+01,2.904929553449068180e+01,2.923028137800469040e+01,2.893928188299139492e+01,2.926995223329902274e+01,2.959214688860254228e+01,2.957040531791500371e+01,2.942840712091009436e+01,2.942792229656333802e+01,2.858772455412901081e+01,2.998893757279944339e+01,2.984230413442480767e+01,2.961507949245492455e+01,2.978370134081825427e+01,3.087752338669156416e+01,2.979784568207975326e+01,3.010995810685363949e+01,2.937736806967609482e+01
2.838659813487907968e+01,2.991623365294123005e+01,3.013668284356145932e+01,2.949739212445683734e+01,2.902817448598716510e+01,2.898056232308380231e+01,2.920275480540465196e+01,2.959821236761462160e+01,2.981485350717940719e+01,3.001769678513016970e+01,2.930953811446329382e+01,3.023825100678220679e+01,2.931760988694378511e+01,2.986582241463543141e+01,2.988264463968226892e+01,2.905422026034796090e+01,2.858621508606785255e+01,2.961563118117663862e+01,2.921509541343999672e+01,2.972532342829362051e+01,2.988463147529665775e+01,3.059870086679774204e+01,2.969765201584135639e+01,3.004387528158201803e+01
2.999342939015974707e+01,3.009468762663482266e+01,2.935461348408944104e+01,2.899447502578345848e+01,2.962060768847692316e+01,3.011580778782399648e+01,2.998370946460141795e+01,2.884146947281141138e+01,2.912178130798736220e+01,2.922421316588446416e+01,2.979855749789265928e+01,2.938596034150134528e+01,2.926460575068523440e+01,2.952969428362411008e+01,2.994485693129786341e+01,2.992358799953234438e+01,2.979318008206735158e+01,2.923524359976818232e+01,2.932943018305257965e+01,2.964049689992947378e+01,2.991451861647510668e+01,3.025127716684903589e+01,3.152097156687904089e+01,3.025971189744950607e+01
2.994608686946048692e+01,3.035866066134929042e+01,2.927769015610658698e+01,3.066142096379235227e+01,2.932387822185313553e+01,2.969431671183929211e+01,2.878052245908560280e+01,2.995972778558240179e+01,2.912821965695678728e+01,2.972899765788048398e+01,2.880982528678345034e+01,2.872785642514190840e+01,2.888633725449437861e+01,3.049196730291203039e+01,2.929224463076326401e+01,2.953793911366545899e+01,3.015700042918740564e+01,2.967883896644633523e+01,3.044157113862115693e+01,3.076561255588103450e+01,3.150407062626584320e+01,3.126961292076447307e+01,3.073656428180277089e+01,3.055213680070579585e+01
2.967655037334310464e+01,2.916697853213776170e+01,2.920187783114687363e+01,2.942653787023732548e+01,2.882873346443449236e+01,2.887311167504890363e+01,2.881954494536796574e+01,2.896877873964024275e+01,3.011376394628365460e+01,2.898987337128687614e+01,2.934834536570650698e+01,2.894654474684722345e+01,2.987819114865175152e+01,2.971784082465251231e+01,3.023857080938478248e+01,2.897305400999033509e+01,3.006950128592353622e+01,2.888083137669707412e+01,2.984720376865027447e+01,2.903715497796287082e+01,3.115116339888379571e+01,3.096409142828201766e+01,3.102972402834626564e+01,3.010430097487272860e+01
2.930441780004042585e+01,2.988559524521241428e+01,2.914954114267356999e+01,2.989133135483564274e+01,2.966580250453574763e+01,2.999578422296309554e+01,2.911813829989091573e+01,3.023093115430117450e+01,2.984859948949065256e+01,2.833188212033172704e+01,2.976702483235771979e+01,2.995958345178746640e+01,2.930450566258633671e+01,3.078929392365887452e+01,3.002848241264950957e+01,2.967883896644633523e+01,2.913578273954243514e+01,3.054325996111242603e+01,2.962897847081444525e+01,2.998831163112095055e+01,3.033693463998065454e+01,3.086350432454651127e+01,2.961149235496606025e+01,3.032467582045740073e+01
2.947277896168668576e+01,2.949455101144809532e+01,2.943615669818450442e+01,2.962809200615299687e+01,2.954647460737658093e+01,2.970595891992650195e+01,2.924416718838557472e+01,2.881405643951933371e+01,2.921919407535659730e+01,2.932751920792998135e+01,3.007044813368838732e+01,3.032571384208267773e+01,2.923108112679011583e+01,2.893361724213582420e+01,2.985542080985516122e+01,2.885060172368184794e+01,3.026731219946833562e+01,3.011625853576390455e+01,2.918882037315120215e+01,2.932559633718653913e+01,3.140601599188011051e+01,3.067857371600109673e+01,3.115516210928581131e+01,3.025058698521797851e+01
2.824466040841423364e+01,2.952146145679256506e+01,2.886239674753619511e+01,2.973765608511126857e+01,2.809815280758465406e+01,2.968604860653113064e+01,2.926070164748671232e+01,2.996395201546943099e+01,2.971707782536145714e+01,2.923281671424831529e+01,3.002512485566813893e+01,3.003000874072762372e+01,3.008017543822791140e+01,3.078009235141337285e+01,2.934495135777535779e+01,3.002603515474334017e+01,2.967118474340168177e+01,3.016688546533902127e+01,3.031529539793245931e+01,3.025779507453501083e+01,3.010056578198464194e+01,3.021060274953543967e+01,2.926378050948397913e+01,3.008988334720561397e+01
2.864910399746469238e+01,2.880660718078138416e+01,3.028821794726945882e+01,2.904212141804231351e+01,2.939014159711388174e+01,2.796591599947362283e+01,2.921634701533020007e+01,2.942188670443829324e+01,2.882425205829679271e+01,2.860284064196133613e+01,2.840733761677398661e+01,2.976986620702444952e+01,2.973007403421974004e+01,2.853416216313650011e+01,3.019757736453703956e+01,2.901759408021490572e+01,3.026006942575241965e+01,2.864890694460217446e+01,2.943468494659657608e+01,2.871032715218956355e+01,3.050715375362574378e+01,2.998852998298332295e+01,2.946344986246828057e+01,2.911636344550930744e+01
2.926762831667366527e+01,2.941481240154996613e+01,2.863139092786150286e+01,2.975386070930920823e+01,2.866012525279541023e+01,2.908408347282562545e+01,2.966368877903209977e+01,2.922177656529697742e+01,2.881138972675648802e+01,2.954468508358650070e+01,2.956421031347719008e+01,2.937809740446937212e+01,2.891724598846889194e+01,2.876989570130621132e+01,2.922562444668551507e+01,2.941769420736039820e+01,2.990851986760691261e+01,2.891324198468504392e+01,2.871242935242054273e+01,3.028754577952685167e+01,2.982515757048560090e+01,3.038254262328433697e+01,2.903491876544200068e+01,2.929458971495000696e+01
2.865904999385605834e+01,2.998727287038650502e+01,2.969149400328183219e+01,2.942785620492696808e+01,2.926845652096176309e+01,2.934681468792661008e+01,2.842202971355709451e+01,2.955721852700446561e+01,3.024600493264131273e+01,2.912884194093169299e+01,3.026606431937665320e+01,2.980625777555030709e+01,2.957683657166091962e+01,2.990432227730588011e+01,2.944072783754290867e+01,2.910353787122767244e+01,3.016836264091386965e+01,3.028894727168420786e+01,3.027405831915388035e+01,3.034862907455629966e+01,2.995685541966975052e+01,2.930987036852064875e+01,2.945625174004436531e+01,3.058594111864226761e+01
2.813490314753170196e+01,2.840170653424263492e+01,2.964562868872042145e+01,2.975722327286143809e+01,3.002797635750357585e+01,2.928688875429912741e+01,2.841249933188566956e+01,2.814586656116290442e+01,2.855536304955376181e+01,3.110127802273393627e+01,2.934532412433287618e+01,2.984193659710331303e+01,2.978206279242635901e+01,2.992217193004745468e+01,3.003780311998116304e+01,3.001292860455214395e+01,2.980560442115773867e+01,3.103017712253057425e+01,2.978317770377827856e+01,3.179115694988632868e+01,2.914493000729885352e+01,3.111133196594244055e+01,3.045359452329870464e+01,3.013700876001979623e+01
