2.829007160313557279e+01,2.862383021483168477e+01,2.803163380743734479e+01,2.981668111069325278e+01,3.001424746137428201e+01,2.928852352053212371e+01,2.884025829638142113e+01,2.899810682138092943e+01,2.882389520347300049e+01,2.879397500678675215e+01,2.867380679204620719e+01,2.906237021832316714e+01,2.825372414006170629e+01,2.890944529812850305e+01,2.899616645741861021e+01,2.935019989520736772e+01,2.955835180794332473e+01,3.017559553632781899e+01,2.957591310790081707e+01,2.949731896164024647e+01,2.961645130722359909e+01,3.006543934453026168e+01,2.822850019760164741e+01,2.895934962916652466e+01
2.796393628701815715e+01,2.758302848641437777e+01,2.794793874553027990e+01,2.901259343641942223e+01,2.796993059459248343e+01,2.991729457769184819e+01,2.808095217671007049e+01,2.860194017900289509e+01,2.887700558785860494e+01,2.918138816192265494e+01,2.843216919525946196e+01,2.789883078842547093e+01,2.902185462347767952e+01,2.795344770905387577e+01,2.958205520597675786e+01,2.860153514491207716e+01,2.950605913138218739e+01,2.826115901317388079e+01,2.904488855394021130e+01,2.843334781282078438e+01,2.904858583105698244e+01,2.894336559523094365e+01,2.885992283343324516e+01,2.835708517420385988e+01
2.823485506255082100e+01,2.691924003234032625e+01,2.880757645810552958e+01,2.873449402162407296e+01,2.983280495317046643e+01,2.864926937514064775e+01,2.766957454309846298e+01,2.958764034840578461e+01,2.826182061491766717e+01,2.884392389091209452e+01,2.848731917800120073e+01,2.820517481701438101e+01,2.875039589008673602e+01,2.906889551791846316e+01,2.880718386732360159e+01,2.911478722784653428e+01,2.865363380277176475e+01,2.916296814099194989e+01,2.863649354292556382e+01,2.913340453308825317e+01,2.839499800576612643e+01,2.809471751672055007e+01,2.742157336350572905e+01,2.812242858836469850e+01
2.817772803509370760e+01,2.809685927437385544e+01,2.949159538920531531e+01,2.872983505878380583e+01,2.769000742216422850e+01,2.802445600047207108e+01,2.904437250168530227e+01,2.812859636272537500e+01,2.782251891962550872e+01,2.855891129562684227e+01,2.841970967433189799e+01,2.847826234623130404e+01,2.913601261348878779e+01,2.882770548162653768e+01,2.946556823560121074e+01,2.932401045898944858e+01,2.803438165586180730e+01,2.855824794218796114e+01,2.870478857478292412e+01,2.922800205845163646e+01,2.854961723153616049e+01,2.907819505304865970e+01,2.983522224728102401e+01,2.915486623067039318e+01
2.828367494094959511e+01,2.854974466547480461e+01,2.891080642770947406e+01,2.871873519886349868e+01,2.830529372545510114e+01,2.913040826015929952e+01,2.854530352428190554e+01,2.889985737638858154e+01,2.923993858987154226e+01,2.960039313740065836e+01,2.812029459187732527e+01,2.886179871461717994e+01,2.765047064001612398e+01,2.913917165300694023e+01,2.900584867038531911e+01,2.884183625960719155e+01,2.798296349895173307e+01,2.891061886804550340e+01,2.902860828472500998e+01,2.918445965791852359e+01,2.865369017155006759e+01,2.902667715949905869e+01,2.886140754142013520e+01,2.995491294026055584e+01
2.798622364240054594e+01,2.852544064512443356e+01,2.881834476200742756e+01,2.848038380776239364e+01,2.894181607184299310e+01,2.879412746830797687e+01,2.943692903805811056e+01,2.877690376833942310e+01,2.867694463975669805e+01,2.914691157218038597e+01,2.961917182448644326e+01,2.855361961199395182e+01,2.758330734044943711e+01,2.859087067068645638e+01,2.872950630727297039e+01,2.876042997980391647e+01,2.811391242286987335e+01,2.893584682611975722e+01,2.914366958779248762e+01,2.828020564701455442e+01,2.828080071228720271e+01,2.847509676879616336e+01,2.848515286011308945e+01,2.801977145803402891e+01
2.940569724770205084e+01,2.867832688611616732e+01,2.950833402650704329e+01,2.965668063265536603e+01,2.792875386045261621e+01,2.888243502878765412e+01,2.864190416771657510e+01,2.975083819837868759e+01,2.956965555078818397e+01,2.876438724004970027e+01,2.749731626457565881e+01,2.777856028902601793e+01,2.897774913144627362e+01,2.908983162205493045e+01,2.833627755060558684e+01,2.893693979809830807e+01,2.875407825905131176e+01,2.847667395842415772e+01,2.926173259585084452e+01,2.895159660062495277e+01,2.724900428554309428e+01,2.910062436807368158e+01,2.725287444959781169e+01,2.906908923913749732e+01
2.872983145620042933e+01,2.779083590672314585e+01,2.813547097095880645e+01,2.907284629604754400e+01,2.751765834546040423e+01,2.850622949963047859e+01,2.910051972782082430e+01,2.902960650548106969e+01,2.890345937604610072e+01,2.863822598130087727e+01,2.834716885464558800e+01,2.750609679683924469e+01,2.884263558431860019e+01,2.767639083123356158e+01,2.924949754495924026e+01,2.806780935654569475e+01,2.921728395417306956e+01,2.781765975753580733e+01,2.858665182696165630e+01,2.792267087643460854e+01,2.863931545283725200e+01,2.874881621325744163e+01,2.874952335063414921e+01,2.852149734275974424e+01
2.890810472567306988e+01,2.913040826015929952e+01,2.906353760931773422e+01,2.856517917824714914e+01,2.856563575073352013e+01,2.856029231560006565e+01,2.871803432339123674e+01,2.942469925077386961e+01,2.835474189834610570e+01,2.886880955511963975e+01,2.919826060098182552e+01,2.866394172309031774e+01,2.894027502496641091e+01,2.907730755366526409e+01,2.973564697606502705e+01,2.919130721473914036e+01,2.839302191479845305e+01,2.956012487491898355e+01,2.850130871297437807e+01,2.865787458178652969e+01,2.813443793197319565e+01,2.864822584815459550e+01,2.740961211886036608e+01,2.896399587046994384e+01
2.858223233162510724e+01,2.930213475624003650e+01,2.909755559117178336e+01,2.882540647961263858e+01,2.815827655881929559e+01,2.766667137398923160e+01,2.923990592618321216e+01,2.875860849719202861e+01,2.896922252251687269e+01,2.818374986998998111e+01,2.784006701103970727e+01,2.855774602609324120e+01,2.869703728825868438e+01,2.855303603114396083e+01,2.883712600939014692e+01,2.856740925958342814e+01,2.898350985736630037e+01,2.871675596358477378e+01,2.836906907144776824e+01,2.839706112606211263e+01,2.821814291889620563e+01,2.966379462387862986e+01,2.796815909892717400e+01,2.821302276944419418e+01
2.926379126833927558e+01,2.860731700560586432e+01,2.816561731505680655e+01,2.893775751075969538e+01,2.900768308640778059e+01,2.962683106540197286e+01,2.863294988026757437e+01,2.844277034316957042e+01,2.831115505327124993e+01,2.894500400293668463e+01,2.911499406570555948e+01,2.885969810082519871e+01,2.865201079511223270e+01,2.856501432359766568e+01,2.886706010212697038e+01,2.861661242727177523e+01,2.826776013346881200e+01,2.918198822718807151e+01,2.806907326528460089e+01,2.968096354021105299e+01,2.766979003907272272e+01,2.900041399415169963e+01,2.837879970059827883e+01,2.892351042878607359e+01
2.835070982339397005e+01,2.849031372334633261e+01,2.879958695256158308e+01,2.842826545942557459e+01,2.962377638373271793e+01,2.882555918512349535e+01,2.924102623238388787e+01,2.810571131200862283e+01,2.922666925451517272e+01,2.813086648555173497e+01,2.915908173074819842e+01,2.875118199366397675e+01,2.823729576034855882e+01,2.932277925311001354e+01,2.772067454673936027e+01,2.828016004022083507e+01,2.872948327752709474e+01,2.842466202220907689e+01,2.874877733026494298e+01,2.865288896778986327e+01,2.890839551367821514e+01,2.830298591053048085e+01,2.901758906212165812e+01,2.846215586373955375e+01
2.817531503023502637e+01,2.877176960871798883e+01,2.824714768413906540e+01,2.915936455383427983e+01,2.826282840050652112e+01,2.918937226332167256e+01,2.837127041273015493e+01,2.924084038671247754e+01,2.862607143426606626e+01,2.861262155652798356e+01,2.868158372489989461e+01,2.850213556283841854e+01,2.857420512176548755e+01,2.883838895579941664e+01,2.852409644943168132e+01,2.930152455941629341e+01,2.897386456294867685e+01,2.958192702509836636e+01,2.952459476016792905e+01,2.882992549334170462e+01,2.853012087421291199e+01,2.934867454301968337e+01,2.841317130695341575e+01,2.880516648843854455e+01
2.992849537088784473e+01,2.959651758960063717e+01,2.820849301741526460e+01,2.825704912692719972e+01,2.855902539433935772e+01,2.876580523648107146e+01,2.817451383616844396e+01,2.793427981179007702e+01,2.889634893391246351e+01,2.794174121915477826e+01,2.805658390246577483e+01,2.828500760312493867e+01,2.907940864192568142e+01,2.835127431248213270e+01,2.885666312343732898e+01,2.877480384107741429e+01,2.980702682754542820e+01,2.850007120359219925e+01,2.780662901417576904e+01,2.883347187064958916e+01,2.879159942624636415e+01,2.897766610149096778e+01,2.864826540327248949e+01,2.941828533122338740e+01
2.847293345913874418e+01,2.842868896100441134e+01,2.802212466560206394e+01,2.927519306378150077e+01,2.870220713486941122e+01,2.916989883344547252e+01,2.778341380004559369e+01,2.861630529494942721e+01,2.882169907789335639e+01,2.861441856385886240e+01,2.779294473865576265e+01,2.918020245459831585e+01,2.828893173448369680e+01,2.903128494521178027e+01,2.913015740715877655e+01,2.936086458150333556e+01,2.839307301253018068e+01,2.951648344758206122e+01,2.898613544776810613e+01,2.905701483939270702e+01,2.819751045207760853e+01,2.951408472542124173e+01,2.800139308498211221e+01,2.889164881799791829e+01
2.872118494946295186e+01,2.843369951645138372e+01,2.886312057277382337e+01,2.856518631471936942e+01,2.822547777798456536e+01,2.794366115426248598e+01,2.806618864829857785e+01,2.851820831670249845e+01,2.909128779637279649e+01,2.798390215104399203e+01,2.946768852621306678e+01,2.858361116698858950e+01,2.858068823359360522e+01,2.860982527379695739e+01,2.909206422546765225e+01,2.885567912964063453e+01,2.895997739086612910e+01,2.856065079227545311e+01,2.928087182460933491e+01,2.864044173207031463e+01,2.947652775317561691e+01,2.888667364970979179e+01,2.945295410941071168e+01,2.853688151515154914e+01
2.844790395247974857e+01,2.903313516574138475e+01,2.903115575530358683e+01,2.883832584835352009e+01,2.814863419436522918e+01,2.826351048018210577e+01,2.745246812212934628e+01,2.940461767250008052e+01,2.838873614862126260e+01,2.869998765360986681e+01,2.842967391676410216e+01,2.874296009680927000e+01,2.871069986908992178e+01,2.935394366978232483e+01,2.922271652073919768e+01,2.822279765579935429e+01,2.942182937498643014e+01,2.906230898037330235e+01,2.907438799575953681e+01,2.954452629109232475e+01,2.933709699776494517e+01,2.892484044324783099e+01,2.813161013756968032e+01,2.834571730275769141e+01
2.890579465579259022e+01,2.803961464796032033e+01,2.848697142176604302e+01,2.961526259332771360e+01,2.898932767607800542e+01,2.884139470938686145e+01,2.852405936540304765e+01,2.814708624255678160e+01,2.819678813902288539e+01,2.889802262457050119e+01,2.736728173967486555e+01,2.840953342894567868e+01,2.812725592697353250e+01,2.915240085194284347e+01,2.880818916291474352e+01,2.833778175463157822e+01,2.789489835711179921e+01,2.904212095297322094e+01,2.943717807289226585e+01,2.866728003066930341e+01,2.969776871934124074e+01,2.884803093361335868e+01,2.970178099284197515e+01,2.857948546221922470e+01
2.946328207768902985e+01,2.863372388283556802e+01,2.838068251484099846e+01,2.959279308607466419e+01,2.796680745713103988e+01,2.864621353854909103e+01,2.869971719663652721e+01,2.846888247882628775e+01,2.794143070230529702e+01,2.855396053940876300e+01,2.830497794796877997e+01,2.891471627383378973e+01,2.868223673967622744e+01,2.842605416461259438e+01,2.816225569769528647e+01,2.890602812687325240e+01,2.919551454556341241e+01,2.925351868589319793e+01,2.906480941700698395e+01,2.925606770376379018e+01,2.903410381202593271e+01,2.933534002102226168e+01,2.893295916811234747e+01,2.980020928199144237e+01
2.946222520513020982e+01,2.902404075510378334e+01,2.871505315037893524e+01,2.769268598355620270e+01,2.864168791225984023e+01,2.857187128325432468e+01,2.873673300137846809e+01,2.798213454667433098e+01,2.905999418956969294e+01,2.826608597086465124e+01,2.826210407198755092e+01,2.835156454788261726e+01,2.910085648519384449e+01,2.863162439472915821e+01,2.949797851213270405e+01,2.826203556845001685e+01,2.957551255757419995e+01,2.914403642855597809e+01,2.867101572341312021e+01,2.824246104291614756e+01,2.963841181061548014e+01,2.868639190322221566e+01,2.922623196937792045e+01,2.956577154067605306e+01
2.868471605024444671e+01,3.004323350069051912e+01,2.884051318218666893e+01,2.864051562681191854e+01,2.849043993579999778e+01,2.830552786870663340e+01,2.792324621443634669e+01,2.842125648581287578e+01,2.817736905748495246e+01,2.916403844559545178e+01,2.853838554312278575e+01,2.865701332420042036e+01,2.779779110548025756e+01,2.843955997560260585e+01,2.913015740715877655e+01,2.876189140342592054e+01,2.957019172215490244e+01,2.938666301146162141e+01,2.922002582935061810e+01,2.868905862422121800e+01,2.957266734969408617e+01,2.934655379458911284e+01,2.943603537568731099e+01,3.030441049334405079e+01
2.930253330957799562e+01,2.781498522154993225e+01,2.942147248178650898e+01,2.855797304333259490e+01,2.925495472611618197e+01,2.897455463114278018e+01,2.841169758444624449e+01,2.878220682844460043e+01,2.864233219492405169e+01,2.815003054073821431e+01,2.924766621874226757e+01,2.897354838262913290e+01,2.942753900186272631e+01,2.811749568451187997e+01,2.879734025399608299e+01,2.863928448526775128e+01,2.916084439613553059e+01,2.884533783130990514e+01,2.853423976758352865e+01,2.904717954947545877e+01,2.997003068654220215e+01,2.912243507950137200e+01,2.960758526891606834e+01,3.045641470019603503e+01
2.801127254277076872e+01,2.845410655140557310e+01,2.839547462005322132e+01,2.836955667852640772e+01,2.813403295582725150e+01,2.842871329522955648e+01,2.789802513713607368e+01,2.854438803440058336e+01,2.716283449576894782e+01,2.814221737618493080e+01,2.797757467455818414e+01,2.910997154079547045e+01,2.843041938489056975e+01,2.800928563519823911e+01,2.876944343719424069e+01,2.906774523770894803e+01,2.884652934463559859e+01,2.914494443812731106e+01,2.930923646330995780e+01,2.872940429580881982e+01,2.870617264724143070e+01,3.027143461400402202e+01,3.020678882775609964e+01,3.093963588913356944e+01
2.778513084794491306e+01,2.772916180531564123e+01,2.915489458359019181e+01,2.735835229342086450e+01,2.901495818171935070e+01,2.727442153050776597e+01,2.869381496248024632e+01,2.802656825273197683e+01,2.767204925557069828e+01,2.824046994934559507e+01,2.839084180706981897e+01,2.895688718748476731e+01,2.832982681657443891e+01,2.829033454301264783e+01,2.864840765028463920e+01,2.868979367975032346e+01,2.870692769730345617e+01,2.856173986234432505e+01,2.954263100591992952e+01,2.876401913039313740e+01,2.888714590385984593e+01,2.951357148631547034e+01,3.221802421892277835e+01,3.090061817207237027e+01
2.729695985203119335e+01,2.836944742515066764e+01,2.810127289448399779e+01,2.865346584530368546e+01,2.735779664998256067e+01,2.826915382844845226e+01,2.821468561481697179e+01,2.796427348686540881e+01,2.817047306848490962e+01,2.791876393117217958e+01,2.843463938303597160e+01,2.801022589808025032e+01,2.889780352803330743e+01,2.869797809907794317e+01,2.856473774251583109e+01,2.883684242003448617e+01,2.960294580637361150e+01,2.907076041960880275e+01,2.770720065712174573e+01,2.974226099831884085e+01,2.850770247501094445e+01,2.919337200875185090e+01,3.078249088986569859e+01,3.041088513526818815e+01
2.783970708524748261e+01,2.836814740436989268e+01,2.769056739438070736e+01,2.858100912448992403e+01,2.805699821183134191e+01,2.796766975385577325e+01,2.758382571270868766e+01,2.868570790950030869e+01,2.813133485991238558e+01,2.856589936708996902e+01,2.832502898294779925e+01,2.903681742531693999e+01,2.895973924074922934e+01,2.847547766490083632e+01,2.856069213401053730e+01,2.821251320074503610e+01,2.872956713143008756e+01,2.908168177768789064e+01,2.859463575759241394e+01,2.877644460489563016e+01,2.919351359080815200e+01,2.918253980399310876e+01,2.973418664821736002e+01,3.097455671213123196e+01
2.745683417847493502e+01,2.876440297730431439e+01,2.684954178816644799e+01,2.889329848198354966e+01,2.806814069810423007e+01,2.878855382627489234e+01,2.787459502054315408e+01,2.742619320842823072e+01,2.836662464109713255e+01,2.883672338718304218e+01,2.837826307395931735e+01,2.827083954616171013e+01,2.897104212264031275e+01,2.940024493424215279e+01,2.812056642774223292e+01,2.893228184018130378e+01,2.784108039474386942e+01,2.899124510709754077e+01,2.911665770608556159e+01,2.905367857096405260e+01,3.022220600539048974e+01,2.913437801885237377e+01,2.889015977191422735e+01,2.913950765589891034e+01
2.820508143138732748e+01,2.705071532151544034e+01,2.848149694281670463e+01,2.820036686297964934e+01,2.808086836648942608e+01,2.818415308088970050e+01,2.732848969783259463e+01,2.780166869569865185e+01,2.771999196660692633e+01,2.814592791271843453e+01,2.874172510319363028e+01,2.775985891089993629e+01,2.932789117105113519e+01,2.942008332765482237e+01,2.859898927246661060e+01,2.794256186578587631e+01,2.838691417874878198e+01,2.865428731429381060e+01,2.894107571432425630e+01,2.864870466173397290e+01,2.821090806531327644e+01,2.808604598026812482e+01,2.915538664419119641e+01,2.909831215934349302e+01
2.725908234348298720e+01,2.872288790010753701e+01,2.757095046127579963e+01,2.758284775248921505e+01,2.843702109210073559e+01,2.839539667766712228e+01,2.716471313191709669e+01,2.972649281680344302e+01,2.805253143290997286e+01,2.818133691527714291e+01,2.796330975582196743e+01,2.812798502285096447e+01,2.883425938963853241e+01,2.856296449588552377e+01,2.902424129638296790e+01,2.973305223782114126e+01,2.881744920306311997e+01,2.891061886804550340e+01,2.904969388803641550e+01,2.892713743181161590e+01,2.925499063784332066e+01,2.914339128360813902e+01,3.005301788245378702e+01,2.923855398080559098e+01
2.737786811982556401e+01,2.701176261199969986e+01,2.843751275767351672e+01,2.835049551888698716e+01,2.891982755362147373e+01,2.882603445166279243e+01,2.701564118438665218e+01,2.794397918374716028e+01,2.708819840593969275e+01,2.777907764176245564e+01,2.837358761214881042e+01,2.875996221795742258e+01,2.807218324233571138e+01,2.904426216640717939e+01,2.898112101793998363e+01,2.744451162717894022e+01,2.892717906199061417e+01,2.794737177929789596e+01,2.861057344964439153e+01,2.780003531697207109e+01,2.903369182646463287e+01,2.941149285810922720e+01,3.009890674250493703e+01,2.908617189408852255e+01
2.730232650899097280e+01,2.779475553931700915e+01,2.736875208855309438e+01,2.852196125060680743e+01,2.753289576817644502e+01,2.709525572685276984e+01,2.722231185336835324e+01,2.872871431631619998e+01,2.872814349432468362e+01,2.864898605534824583e+01,2.806009482219872098e+01,3.043219572670477646e+01,2.856106427203445719e+01,2.887560969852540893e+01,2.909708094437837644e+01,2.856288035781398094e+01,2.819437712483369296e+01,2.914528822776901507e+01,2.875721789446174625e+01,2.820057328835014232e+01,2.899186688523133171e+01,2.971900396324724625e+01,2.984779972404288628e+01,2.933304458440255758e+01
2.790826569805449253e+01,2.726353028435465831e+01,2.885811579266800209e+01,2.762808091084110629e+01,2.784461876213350706e+01,2.728051427631152137e+01,2.903545793495345606e+01,2.758847997751649928e+01,2.750562966378976171e+01,2.785203005433896806e+01,2.866518663948590984e+01,2.807604726673696405e+01,2.962465139413421866e+01,2.828065255633151764e+01,2.953938304748652399e+01,2.861556029051450878e+01,2.848094378277852456e+01,2.754809227328428278e+01,2.854214996813755079e+01,2.922489381703167055e+01,2.962460439740624452e+01,2.972697730830094542e+01,2.899441423325822598e+01,2.864180929469978309e+01
