2.916031377203182728e+01,2.905948251015485084e+01,2.990537619913556000e+01,2.949991657877512807e+01,2.929327630067700738e+01,2.962009686775604678e+01,2.947774913108912642e+01,3.058953794291841177e+01,2.934729994249534002e+01,3.002849970775986321e+01,2.990628714430050650e+01,3.010124651713692856e+01,2.993088164541779861e+01,3.018567719513441716e+01,3.113428142785062391e+01,3.018148932081334124e+01,3.033426551631345092e+01,3.053442993317310084e+01,3.100769301010404888e+01,3.002594242918308964e+01,3.002352708955089611e+01,3.026089037921173031e+01,3.045986255115809627e+01,3.046550604807725904e+01
2.999053545582171409e+01,2.991875267527154847e+01,2.934308983835052231e+01,2.971264876984457715e+01,3.041679762690108646e+01,2.836769005226278750e+01,2.990963954728823637e+01,2.866045139974073663e+01,2.895276566602740331e+01,3.042259179025870708e+01,2.907035584333181077e+01,2.858439657143213708e+01,2.995361500667519294e+01,3.013420759422342599e+01,3.005883599281509078e+01,2.994744967290063187e+01,2.971049434088661201e+01,2.933779181946067638e+01,3.030660269368416948e+01,2.948146687547273359e+01,3.043354019583784975e+01,3.013243545713476124e+01,3.086926578740991545e+01,2.994228637315040942e+01
2.906228395340923498e+01,2.904024315762927699e+01,3.003780796402043052e+01,2.926847502173285420e+01,2.941477509087684439e+01,2.847929614803166487e+01,3.001956487669730222e+01,2.897524464152252222e+01,3.001006678168153030e+01,3.060046174254949847e+01,2.969428005491272415e+01,2.899742972694667742e+01,2.937316065350501049e+01,2.948458489505185298e+01,3.065843769806036789e+01,2.894204017897578751e+01,3.004229356558647623e+01,2.970399844452265370e+01,3.001168938981618339e+01,2.963900554138547250e+01,3.053901887241431723e+01,3.067333525117294357e+01,2.972763995307360574e+01,2.997199379525670793e+01
3.005436297978440052e+01,3.100916045738836146e+01,2.818835207610743510e+01,2.895559531636598649e+01,3.042048054505971777e+01,2.947045827501409576e+01,3.073925370484204223e+01,3.031573916318922102e+01,2.939076440653309419e+01,3.039078510866528404e+01,2.964836396523514850e+01,2.994673879528852467e+01,3.022067213649364703e+01,3.073593598398662152e+01,2.971932288908249120e+01,3.060897758981479910e+01,3.027092308098838203e+01,3.084410281048309344e+01,3.069754297996280457e+01,3.024119667823822510e+01,3.007204573504407108e+01,3.043018931061749299e+01,2.970247215212236824e+01,3.086374173310247215e+01
2.911526455046583806e+01,2.923243021857985013e+01,2.906343300003430841e+01,2.960035625484186994e+01,3.089980656530354963e+01,2.970858369029417645e+01,2.946602462022332247e+01,2.927849273001811525e+01,2.927613916529082871e+01,2.969059673662491150e+01,2.892345472237644799e+01,3.064281624284677719e+01,2.962041082709214379e+01,2.982937818533849850e+01,2.987024465338129176e+01,2.955903956098939034e+01,3.031625869691168873e+01,3.012854624900086264e+01,3.075368954002567534e+01,2.956448117085187732e+01,3.051111769162685050e+01,3.050033481824948467e+01,3.085832100511839826e+01,2.947849349583435696e+01
3.116360578360320233e+01,2.990868743209426839e+01,2.922008544331754365e+01,2.915991393809315468e+01,2.912833648353222316e+01,2.923359400654629781e+01,3.029681622099349170e+01,3.028794934212464796e+01,3.021134612474725145e+01,3.034790331414740194e+01,3.013234266522732696e+01,2.963448569475031036e+01,3.085014297796845995e+01,2.986585469433680373e+01,2.997962624473569804e+01,2.984242523601790253e+01,3.101653595702867960e+01,3.037728378811232233e+01,3.032410970481589629e+01,3.006304420446781478e+01,3.077159082455801808e+01,2.939978738271065595e+01,2.964938540393086441e+01,2.943296702402579967e+01
3.080067013376532259e+01,2.964871194061777260e+01,2.978820919829496461e+01,2.998295399190311628e+01,3.016577347372685836e+01,2.934503404127411841e+01,2.999891488539770990e+01,3.001299681280858067e+01,3.081877594457995428e+01,3.001047541303103117e+01,2.934037160573927849e+01,2.942590036275413468e+01,3.046602487801942516e+01,3.075008878488421260e+01,3.002725138253765635e+01,2.970848833402118316e+01,3.003561594192461826e+01,3.028508268315727037e+01,3.052110037281909172e+01,3.017350344680346552e+01,3.015987736775400663e+01,3.047932631763188738e+01,3.012371688396331137e+01,3.072792339820716734e+01
2.929183221765674716e+01,2.951682743665475073e+01,3.029594395612235758e+01,2.965044564800683702e+01,2.956315413106307233e+01,2.967670026061176713e+01,3.101857996721196287e+01,3.100705023103796520e+01,2.941467180550074545e+01,2.921281150029716400e+01,3.037287582219886417e+01,2.938862271016824934e+01,3.031529474712914407e+01,3.026840016683479462e+01,2.912805406601876257e+01,3.012916154158511972e+01,3.015185070864311001e+01,2.950053741456360967e+01,3.039061726195274105e+01,3.013713048176697384e+01,2.964295496253402007e+01,3.074229280649171869e+01,3.100253026609385643e+01,3.083535292257806759e+01
2.961844758119337939e+01,3.032326831565637804e+01,2.957080311502386394e+01,3.012377097835781115e+01,3.034448119706917169e+01,3.037137390843219009e+01,2.945025531588828471e+01,3.056117238383171753e+01,3.058741948339729788e+01,3.059677128048440409e+01,2.888031567372536301e+01,2.992466797111478627e+01,3.003860652733180814e+01,2.985271711954095508e+01,3.029273638692984605e+01,3.096296971050867342e+01,3.015774866957690392e+01,3.014287482539248231e+01,3.006494153713657624e+01,3.023938637216224379e+01,3.071026751499749707e+01,3.123740666621768014e+01,3.012515583625264526e+01,2.921235882778751147e+01
2.992467340448848745e+01,3.050019574816371914e+01,2.939541982325238223e+01,3.016365537224169202e+01,2.940029080370374004e+01,2.875942007933980449e+01,2.913081465589328900e+01,2.905065580297758743e+01,2.820646378920326924e+01,2.923171684924102465e+01,3.009312423399194358e+01,3.047845872311449966e+01,2.964171834711100928e+01,2.985012654550280331e+01,2.993658680125753335e+01,3.020360236386579800e+01,2.972906967315378779e+01,2.915268966862532807e+01,2.975296195145472211e+01,3.031623682436111267e+01,3.043954255085617433e+01,2.937635865293896131e+01,2.994548584998233309e+01,2.963488229251555595e+01
2.924463624926698913e+01,2.942451348309742798e+01,2.967960816865178231e+01,2.972391817888535570e+01,3.006918901479423312e+01,3.013699653265331335e+01,3.036526220781826169e+01,2.950070602606382408e+01,2.970660607644731499e+01,2.948354498424856729e+01,3.055710266097577232e+01,2.978120400537471824e+01,3.011100682443429832e+01,3.017615631895648676e+01,3.084082699656426030e+01,3.024093855886638949e+01,3.004514500276479794e+01,2.956729676612576441e+01,3.052248694661358286e+01,2.952937144918666945e+01,3.114744968950554949e+01,2.978275550451297704e+01,3.111328921132002279e+01,3.129077557195711279e+01
3.035727580542112491e+01,3.016333375322631127e+01,3.124719813191245521e+01,3.095598614250826586e+01,2.958508411814415240e+01,3.013233067198967774e+01,2.984636250831255211e+01,3.035664447512181141e+01,2.923195594307134115e+01,3.008391371014005244e+01,2.906527493152401576e+01,3.023260268444403209e+01,2.969339695033733051e+01,3.000739929182225296e+01,3.068615634846679541e+01,3.076704207822609760e+01,3.135009822726510720e+01,2.989829862830703178e+01,3.065553780951665885e+01,3.146072663244746082e+01,2.993790813179435872e+01,3.007381744938203383e+01,3.010427602562339189e+01,3.088459696407772981e+01
3.026947249397073847e+01,3.033565820862452256e+01,2.966760119171772203e+01,3.025706585879305521e+01,2.903870131456659465e+01,2.968095820244741390e+01,2.995997681297859572e+01,2.985974041770617760e+01,2.923167968126711003e+01,3.059264522412684073e+01,3.098778857375737061e+01,3.016704112624967138e+01,3.012452459182878783e+01,2.958956299589340233e+01,3.070531381454208031e+01,2.938237947456553911e+01,3.049059153440202863e+01,3.126901978484033862e+01,2.998120888433663822e+01,2.997146278048552404e+01,3.044944355333257135e+01,3.057950633999797674e+01,3.011842197769527729e+01,3.018000165233962662e+01
2.966812824040744090e+01,2.940480402346099709e+01,2.965069486639902152e+01,2.954984944234462318e+01,3.059544809611600158e+01,2.994626228857038086e+01,2.973040759694731605e+01,2.971007926498657525e+01,2.901806386729640508e+01,2.943000311978948957e+01,3.001974593783120326e+01,2.977879304729412979e+01,2.948039098803792513e+01,2.975922021785919469e+01,3.020195336257802410e+01,2.999608401715812533e+01,2.931215753875937935e+01,2.967004120310292592e+01,2.979343755146544481e+01,3.066220560573304965e+01,3.054583091396244754e+01,2.987558290004881201e+01,3.035114065342992262e+01,2.971227974865740862e+01
3.112671797143582353e+01,2.992520382656402944e+01,3.053561487519937145e+01,3.051754893578851124e+01,2.986998276478607295e+01,3.017259607713702962e+01,2.986996237310137303e+01,3.036387282537810961e+01,3.028320082095717680e+01,3.074454858426702231e+01,2.946750005118411764e+01,2.919146628312756775e+01,3.045592459869038748e+01,3.020112534452766795e+01,3.064457546755647854e+01,2.970662314619937661e+01,3.037576224267729685e+01,3.033534639106466102e+01,3.043608699477255186e+01,3.065164036973732209e+01,3.047575705383792410e+01,3.020720510857859153e+01,3.076396941597261048e+01,2.931305582408521104e+01
2.919943001478753786e+01,2.938046920052545374e+01,3.045153332704342120e+01,2.892360273230480061e+01,2.937459643239850493e+01,2.914191787424778113e+01,3.031785658368886516e+01,2.997721952824809932e+01,3.039047872655731908e+01,3.015187028399822111e+01,3.062838027061968660e+01,3.012330645898180137e+01,2.961040713385779100e+01,2.999589187892053133e+01,2.948427143126446026e+01,3.010981709052765609e+01,2.944304135504359010e+01,3.041204100601191840e+01,3.041287398283003540e+01,3.046211711243120135e+01,3.019106818214811483e+01,3.084889869167170673e+01,3.075794369342156642e+01,3.097447734448576284e+01
2.922768319791788372e+01,3.081583411711511644e+01,2.992418307691684731e+01,2.977628817322079158e+01,3.024345686843520298e+01,2.899104517528644465e+01,3.059862160964996747e+01,3.020450761710998222e+01,2.987891268372811737e+01,3.021358876205601973e+01,2.993577449491510833e+01,2.961802424650187504e+01,2.944491987049906356e+01,3.012858107528063556e+01,3.077622093303176598e+01,3.027291197124282007e+01,2.992991320230305519e+01,3.041335393582141933e+01,3.089293126631537234e+01,2.938243382797264758e+01,3.078784215788397205e+01,3.037126500381066307e+01,3.003832085873847291e+01,2.992828260204669277e+01
3.044432898637546714e+01,2.962128654623700186e+01,3.026764376365235876e+01,3.014047842420598045e+01,2.946961686724245055e+01,2.970528456109707349e+01,2.946354107815739098e+01,2.981572930464795945e+01,2.986914112456781822e+01,2.961838670642384841e+01,2.936605344644743809e+01,2.945460011580456694e+01,2.966352481171844602e+01,2.992008852215155912e+01,2.987254781436274698e+01,2.941465718218182701e+01,2.940820990066282548e+01,2.973922724263780992e+01,2.940903192890499440e+01,3.066220560573304965e+01,2.958978790361072697e+01,2.959036707521448761e+01,3.052651778334734445e+01,2.924820663568965529e+01
3.056591739500009908e+01,2.994328586917714574e+01,2.922043492039637158e+01,3.008241991936534987e+01,2.965669076728460141e+01,3.017259607713702962e+01,3.062814653447532010e+01,3.005385328166244108e+01,3.040665357406777503e+01,3.050237853816429379e+01,3.009994772124514384e+01,3.003504378968415267e+01,2.988665672845723975e+01,3.075135662957251270e+01,3.033734282528473614e+01,3.008614219015532854e+01,3.016385083004013268e+01,2.985882371413123337e+01,3.138011644391298205e+01,2.985133253208908855e+01,3.060176558213930775e+01,3.141726160876646645e+01,3.063531318686284521e+01,3.078107165188640693e+01
3.070983514882908594e+01,3.093678333235340006e+01,3.086888721411389724e+01,2.934582303442812190e+01,2.955991657861017075e+01,3.080389233567018437e+01,2.995288610424472608e+01,3.044913404012396541e+01,3.000559303716846671e+01,3.025288140066425058e+01,2.983732315396690637e+01,3.082054717122122156e+01,3.040107158557322009e+01,3.029314515432025701e+01,2.967341249177184181e+01,3.078535844162706780e+01,3.069319821465717268e+01,2.962930871594267046e+01,3.060323940361536188e+01,2.988017590597473827e+01,3.051611188158352661e+01,3.046765110163397594e+01,3.086863166552717530e+01,3.072888342294572794e+01
3.095863299597118612e+01,3.024787688869565727e+01,3.009223033255182145e+01,3.011137068321437482e+01,3.035843988767197743e+01,3.002646391572392304e+01,2.930808486022721127e+01,3.017738571328447961e+01,2.981627067473044690e+01,3.049830125052113772e+01,2.968607187681783444e+01,2.981900200845041127e+01,2.947293237244662123e+01,2.997036480015344750e+01,2.998901202242922182e+01,2.946789383324920664e+01,3.023007475873555450e+01,3.073198111078721695e+01,3.036264546091103966e+01,3.034654189736346552e+01,2.940416396409221989e+01,3.127311223572542076e+01,3.023123722569829397e+01,3.038976396494041410e+01
3.037095552820045441e+01,3.029390109935525288e+01,3.027457859410156971e+01,3.000520939889440797e+01,3.039437006415192855e+01,2.980759077588464834e+01,3.033234315014180993e+01,2.986504038537719907e+01,3.023751262007567675e+01,3.010526182019498265e+01,3.071245113448992470e+01,2.981030645392871747e+01,3.039492650305936650e+01,2.943797541709540155e+01,3.061145797927014200e+01,3.013291220578287266e+01,3.032082601961292312e+01,2.951913999410049882e+01,3.014539425963783970e+01,3.015370283867196122e+01,3.014842891468487096e+01,3.000057190638420934e+01,3.108601302349870821e+01,3.071178237459361071e+01
3.021904643859858197e+01,3.088460331065499531e+01,2.934112468156882869e+01,2.991406787788469046e+01,3.031572623838098934e+01,3.023890901874938208e+01,3.029054475575520655e+01,3.074408687625947323e+01,3.116768450533447776e+01,2.932173745296091738e+01,3.058964416838159650e+01,2.947138186583521247e+01,3.071741141325520630e+01,3.062209570595376817e+01,3.054448593537352963e+01,2.982552030306271718e+01,3.058832637366134577e+01,3.019412855119685446e+01,2.926450636385948201e+01,3.026699976347600796e+01,3.110516136198725690e+01,3.071287291925392537e+01,2.981972072709771737e+01,3.074931961517904710e+01
3.080244308795209918e+01,2.976162853802009067e+01,3.062932700884596215e+01,3.044898854326925175e+01,3.058657869185185518e+01,2.946792398476986818e+01,2.980786515293800676e+01,3.079103714151619897e+01,3.009554440486328986e+01,2.982688915906948068e+01,3.064083579405496494e+01,3.055165397867688171e+01,3.021678724911555491e+01,3.075651935992095787e+01,3.057400736177481804e+01,3.098438033970336392e+01,3.024933820453225053e+01,3.013118689908009173e+01,3.036308811364392568e+01,3.104012767872069389e+01,3.071828613385042672e+01,3.048789919785411939e+01,3.012647497116512341e+01,3.125081325846349500e+01
2.949843963407670344e+01,3.080733231185928389e+01,3.058473601644971041e+01,3.037366618798125728e+01,2.972249698687460295e+01,3.010204463264017249e+01,3.023966174114167416e+01,2.999683469427372984e+01,3.023137075401626817e+01,3.016133435093416892e+01,2.998880132060236292e+01,2.992123043883503897e+01,3.031913580494739335e+01,2.979585357330478246e+01,3.033244322669054327e+01,3.026419517030763018e+01,3.050940455839008791e+01,3.068806970260465050e+01,3.013849710714760022e+01,2.967855290548180847e+01,3.001059552538839625e+01,3.089051540858434919e+01,3.062331876239181838e+01,3.025658115426460881e+01
2.998603264495346821e+01,2.971004660331118430e+01,2.934522070930444215e+01,2.929308238048287194e+01,3.019111148532419975e+01,2.958538149293866582e+01,3.015325022994994697e+01,3.017763457345120059e+01,3.032630612381080937e+01,2.936278401252570802e+01,3.004154648984240339e+01,3.006666484193692668e+01,3.100149512977981203e+01,3.037034705256019151e+01,3.064260182570029656e+01,2.890449162366007840e+01,3.063418170555911502e+01,3.081889130362242213e+01,3.117155028838681119e+01,3.028838610736625014e+01,3.027815851833082661e+01,3.063315038836520898e+01,3.014728731890534164e+01,3.010218460268333729e+01
3.067290430223840758e+01,3.042456786592572371e+01,3.072808063862572681e+01,3.025957252306659484e+01,3.073315646083085539e+01,3.027273540286114439e+01,3.018856021162253001e+01,3.143443781361162337e+01,3.051273314750801546e+01,3.115386406191765900e+01,3.057032490713572770e+01,3.062794140176424662e+01,3.027163804154974969e+01,2.905393106609045617e+01,3.142275159801260997e+01,3.059856835184803003e+01,3.167196804087245710e+01,3.115437298778624609e+01,3.162625352736705509e+01,3.023996300390211900e+01,3.099854245651607698e+01,3.045328315125135532e+01,3.055466816065978719e+01,3.022820120458902693e+01
2.997531118492139512e+01,3.005395891956993637e+01,3.124664829741874428e+01,3.018975761023199311e+01,3.032194664319558797e+01,3.046937331586525488e+01,3.059096332966890941e+01,3.051212847706204911e+01,3.061286087058152816e+01,3.031847297361497340e+01,3.015894504066835680e+01,3.107633625636856323e+01,3.020915092390174550e+01,3.054544966589782007e+01,3.076603141376028816e+01,3.216270797886727451e+01,3.091576135416778470e+01,3.104357520096795042e+01,3.066455589387965119e+01,3.080438968552346068e+01,3.067304173958189040e+01,3.099002023661279281e+01,2.969294501996091640e+01,3.176071282557256836e+01
2.997526671090389527e+01,3.122976458101226171e+01,3.144935284870092573e+01,2.995700173398188326e+01,3.003416810447976104e+01,2.961173088193680769e+01,3.044232585304484928e+01,3.100460079911368894e+01,2.998151545773276894e+01,2.915450637382639343e+01,3.010390957263871314e+01,3.085289603348866194e+01,3.081785529322769435e+01,3.036448619875937993e+01,3.132697698058069591e+01,3.071812831090232976e+01,3.041517242013247824e+01,3.031758135535176280e+01,3.020008653368245177e+01,3.103867439767736869e+01,3.111423354641976857e+01,3.099630913089754358e+01,3.097765687558262471e+01,3.082545065334437595e+01
3.082246923160988672e+01,3.022780505455386901e+01,2.960799619297728213e+01,3.091628808716592403e+01,3.042155246559667603e+01,3.017797979533315811e+01,3.006514406267774575e+01,2.942322899200263464e+01,2.996287194683873167e+01,2.971797742399650133e+01,3.030342397474242944e+01,2.955018474276380402e+01,3.059460148760103948e+01,3.119691661422319839e+01,2.996144422783305572e+01,2.939483969544028241e+01,2.968358233651002820e+01,3.103327826619573671e+01,3.029385165389146550e+01,3.205458358101384420e+01,3.085374764564471661e+01,3.060640697908121410e+01,3.078254418548556259e+01,3.147753671493029515e+01
2.965578273199406567e+01,3.066339971320741142e+01,3.079375434271742051e+01,2.977413190701105350e+01,3.050999923097629107e+01,3.121048177001910062e+01,2.980084429629789611e+01,3.002225612393505116e+01,2.985781291510568281e+01,2.999457384173393848e+01,2.966801097834894563e+01,2.919082495105789121e+01,2.958951966654768739e+01,3.070952881847858862e+01,3.070542067896263916e+01,3.077304991429610936e+01,3.103281461418885101e+01,3.030073412332342286e+01,3.115804921037016584e+01,3.079835810410696695e+01,3.156366868876125409e+01,2.981414100972693859e+01,3.164928380062826818e+01,3.019422515278830588e+01
3.022997573645307057e+01,2.938290020689083804e+01,3.026749881365338979e+01,3.011380622951128316e+01,2.917410361886732062e+01,3.028246175409776697e+01,3.091547874639752536e+01,3.169117869699459789e+01,2.966569116942861228e+01,3.070724881982050647e+01,3.063117453924121492e+01,3.070381730470069215e+01,3.040301430709513397e+01,3.136033871636135473e+01,3.068011756227690512e+01,3.127297973105629580e+01,3.087128190327911170e+01,3.021353949100330283e+01,3.112886134781319925e+01,3.226199785575607848e+01,3.034507282105471404e+01,3.072655007792872084e+01,3.172497606573244866e+01,3.118225734688172679e+01
