2.940118284491762779e+01,2.902146466764480692e+01,2.909404801946971020e+01,2.996384416419425634e+01,2.752203772880642418e+01,2.958120319146729571e+01,2.826473207082267436e+01,2.847452692933671869e+01,2.840433054350961584e+01,3.043354747584749020e+01,2.942365911831058156e+01,3.006214890398274520e+01,2.922951603798276210e+01,2.882648915706056414e+01,2.821962876326489322e+01,2.948111872430331459e+01,2.894768349346929881e+01,3.027332326821687047e+01,2.870068179747505610e+01,3.021465918026109421e+01,2.833357058224072489e+01,2.975201758453221146e+01,2.943443162668438617e+01,3.042800245755375954e+01
2.886395366206284052e+01,2.935275434008457296e+01,2.930461029426720643e+01,2.942845372980343654e+01,2.893721084038594427e+01,2.904618019510240856e+01,2.850098045964659832e+01,2.907467744178438807e+01,2.981350517142851686e+01,2.928042533769786360e+01,2.989199871805004705e+01,2.876156828400223731e+01,2.928253697528509747e+01,2.904646719410823152e+01,2.980688013182287932e+01,2.927312627689320834e+01,3.010425337719289018e+01,2.995010700450535523e+01,3.091925465168151277e+01,2.944230542808509199e+01,2.970951189828400629e+01,2.986264384802046834e+01,2.988387969093696483e+01,2.797216596254708065e+01
2.876621675113989340e+01,2.950611938133698686e+01,2.878798746691563792e+01,2.923082228705135321e+01,2.937842552456038447e+01,2.978380109892657401e+01,2.868205159604644905e+01,2.915150702580865527e+01,2.955281278067798212e+01,2.930831730001494861e+01,2.842205877920213197e+01,2.957196704764851347e+01,2.933699682703428380e+01,2.924391454244067745e+01,2.941749701468188505e+01,2.971108671953118119e+01,2.875838738882640655e+01,2.987333577708187704e+01,2.765901913156164937e+01,2.981133654043787828e+01,2.941167356386569054e+01,2.997680860786147150e+01,2.945887772974492691e+01,3.108432829426118360e+01
3.001621292082921855e+01,2.853964447699564744e+01,2.909868683464895867e+01,2.960980669356501949e+01,3.038177172088580846e+01,2.965428345014998968e+01,3.048740779768428411e+01,2.879731271650285862e+01,2.914549692884367005e+01,2.913206857142421313e+01,2.920546819420428619e+01,2.951027325034323212e+01,2.919513899394593182e+01,2.953141547684180068e+01,2.968044853648297021e+01,3.017656143599378993e+01,2.983021101007858533e+01,2.960671143828409413e+01,3.086339616043511569e+01,2.999640183194156862e+01,3.045737327748287271e+01,2.996385816339267194e+01,3.011075874491012883e+01,2.993168192459563670e+01
2.931414001812294146e+01,2.896346697732752773e+01,2.836580349642395049e+01,2.977502926994594645e+01,2.877898066832079849e+01,2.925790775996097182e+01,2.824577389279784256e+01,3.077771568428255478e+01,2.847389527142206589e+01,2.965155072338905029e+01,2.907953099337737513e+01,3.022766019544428673e+01,2.882908575348716340e+01,2.997669433481030410e+01,2.871656346912988056e+01,3.007528267100013863e+01,2.971295381950193359e+01,2.933026124389186862e+01,2.936318026597058406e+01,2.952574809779093812e+01,2.825173074076002422e+01,2.945183803923583810e+01,2.977997213972491863e+01,3.028099678901457992e+01
3.066745114219617108e+01,2.964546159145413640e+01,3.026243203643178958e+01,2.890991370878606403e+01,2.929374770577584286e+01,2.818565863863688037e+01,2.926240556631773870e+01,2.927328814358781983e+01,2.921430947778691234e+01,2.840852264883017142e+01,2.917000384263775459e+01,2.904693032188100688e+01,2.989156414844029541e+01,2.927676739023451091e+01,2.938408524745716477e+01,2.906480962821660796e+01,3.004705983211255216e+01,2.977919797487538744e+01,3.047451176870237077e+01,2.945118609520795872e+01,2.976185707793251822e+01,2.955837748588533032e+01,2.940120895701721793e+01,2.812230996112054981e+01
3.031779414257857752e+01,3.027143608378236195e+01,2.975264901528959172e+01,2.911797515939963432e+01,2.851771590959725700e+01,2.871121206625576860e+01,2.920076991305359115e+01,3.053573576123147859e+01,3.004642208313714491e+01,2.904976716036827611e+01,2.985090908383045871e+01,2.920568627095349257e+01,2.898410103455432818e+01,2.945690339107056843e+01,2.909573781614392374e+01,3.056370692367875108e+01,2.926665030021968050e+01,2.951468318220526044e+01,2.993222024259011960e+01,2.938974875840824552e+01,2.955347733528674325e+01,3.082076849341399338e+01,2.988544877956303480e+01,3.008519605501294336e+01
3.056534919155103580e+01,3.012033048587079520e+01,2.963041467672599083e+01,2.961440888532263216e+01,2.972022833028972855e+01,2.906316359653334302e+01,2.966104684725081597e+01,3.041628991250706804e+01,2.882299985476686288e+01,2.881116068088613247e+01,2.997609877737966144e+01,3.024324477540579892e+01,3.045448413348219674e+01,2.880124811047710409e+01,2.998755313562338642e+01,2.991529302427898074e+01,3.011267212206394106e+01,2.928278847207656099e+01,2.924803602101644628e+01,2.954616116447397189e+01,3.092021085813422587e+01,3.014031227753503117e+01,2.957700138402975654e+01,3.059828745767225655e+01
2.873929918870442179e+01,2.905154881947390777e+01,2.933867285180963336e+01,3.027531555756445414e+01,2.899573743269615989e+01,2.996253403945138416e+01,2.959865391112134603e+01,3.016153810184800932e+01,2.877738091047524449e+01,2.967983199046949494e+01,2.971302767789802601e+01,2.988503515574024050e+01,2.846047264886851735e+01,2.947214443268757122e+01,2.922128237297943087e+01,2.885642114345773734e+01,2.822011620673276866e+01,3.010342886918715521e+01,3.002929106745801846e+01,2.950107911213956413e+01,2.959323261599996613e+01,2.993597631020674044e+01,2.951596168166025791e+01,2.975114903784458420e+01
2.925675680087789488e+01,2.903460530650363580e+01,2.935658072230103244e+01,2.877865659679594046e+01,2.861849741746954123e+01,2.853957666578224917e+01,2.945040661663955461e+01,2.865928094251324865e+01,2.958393353544306592e+01,2.849338030856887372e+01,2.953436988707636601e+01,2.871996999579147314e+01,2.943361473179260202e+01,2.863517815821404611e+01,2.904820119217060892e+01,2.966147289293098765e+01,2.951916690046527947e+01,2.842986869990710375e+01,3.006295787302036615e+01,3.045350871238309765e+01,3.004210472550545319e+01,2.933860162315983189e+01,3.009350674510272938e+01,2.807558917956100686e+01
2.879878283304498154e+01,2.958664573072434223e+01,2.983810216982669772e+01,3.063232106199546934e+01,2.910518707979332476e+01,2.936532429545422929e+01,2.894177632329592598e+01,2.928953946528883989e+01,2.828015259732308095e+01,2.909902810981321863e+01,2.933222525435820671e+01,2.974231843101216555e+01,2.889065610655597993e+01,2.996896058671882201e+01,2.896060888470367445e+01,2.919540817213743367e+01,2.949695405544611049e+01,2.987175469427137386e+01,2.893818116150072228e+01,2.914415234127670828e+01,2.969197002559104703e+01,2.974461688479112809e+01,2.923228505104003716e+01,2.977148069859737234e+01
2.971294347819252835e+01,2.973393070149398909e+01,3.006623993964012698e+01,2.885526883968543643e+01,3.009664445521190146e+01,2.900768166447784324e+01,2.945127169824007751e+01,2.944269275777548955e+01,2.919311375876259262e+01,2.885056691281346275e+01,2.987388178910595116e+01,2.935919810583163780e+01,2.982109388379302573e+01,2.930831379012130355e+01,2.930251710758852823e+01,2.989922868475508722e+01,2.997173365152121960e+01,3.003037546536899072e+01,2.992546367571435439e+01,2.935074373688115656e+01,2.989895947433473111e+01,2.986185713007591858e+01,3.115608423333725341e+01,2.993532671277966983e+01
2.887709973997237967e+01,2.915767770685209825e+01,2.851499260471274511e+01,3.003574304233319481e+01,2.954311497102565909e+01,3.016969838105586632e+01,2.924041866551704061e+01,2.897054021926294354e+01,2.885619947294139820e+01,3.005115258691625968e+01,2.945116446347731198e+01,2.979510099111217869e+01,2.976673272014051008e+01,2.890301266219802301e+01,2.985731879978720826e+01,2.950668852740324155e+01,2.996096361470000602e+01,2.942242519453651539e+01,2.943867765675742021e+01,2.993215066243192268e+01,2.971915983931313576e+01,3.036600991010146799e+01,2.865176877353468399e+01,2.924784316024687314e+01
2.864452509374933697e+01,2.898212672484726227e+01,2.961150081456383987e+01,2.896915654717685129e+01,2.931302843605072894e+01,2.885162198632536956e+01,2.934327646349493079e+01,2.881379712231375834e+01,2.981839176778231604e+01,2.856020902062357436e+01,2.931006956752207770e+01,2.873859996678896778e+01,2.911573408050134049e+01,2.891529271619953079e+01,2.950756486722548289e+01,2.930820437625868635e+01,2.943975365229653107e+01,2.946716616764456376e+01,2.891559866588676186e+01,2.979436532327360965e+01,2.981621009690178425e+01,2.949127332340742669e+01,2.995655227394291842e+01,2.931561539231040570e+01
2.933346872615584289e+01,2.911400436898418320e+01,2.920644445902092912e+01,2.938363336127764569e+01,2.912231329690939674e+01,2.907822490172293328e+01,2.966292830083995113e+01,2.929680231127184697e+01,2.941131544194962544e+01,3.004212107569156842e+01,2.860196560010160738e+01,2.981343659378404709e+01,2.860196560010160738e+01,2.966941002405519612e+01,2.945995096415759917e+01,2.966782656886050518e+01,3.050737852181129028e+01,2.996264815794137348e+01,2.886938365177184096e+01,3.010451804982102431e+01,3.061380812021207021e+01,3.034302593838344819e+01,2.983175653341993439e+01,2.945668145276550831e+01
2.876474587588336362e+01,2.953762325030442071e+01,2.930250237206735164e+01,2.907133347675119239e+01,2.986672886150972772e+01,2.928169425506075640e+01,2.942241785153470346e+01,2.926373177166959749e+01,2.951556036027693608e+01,2.962013439268457660e+01,2.927550872238083457e+01,2.943535171293962094e+01,2.989767450799888593e+01,2.898264241073906078e+01,2.928200040809537086e+01,2.991242772158136631e+01,2.923814435903841513e+01,2.971890025525493684e+01,3.037363935634232348e+01,2.975722493648106592e+01,2.963428840869215719e+01,3.012548803774541284e+01,2.855088112202599859e+01,3.039925715394178951e+01
2.822417983735851976e+01,2.851729648490345426e+01,2.933594208160957351e+01,2.991809730355936381e+01,2.899586657170823401e+01,2.895175137690523570e+01,2.904441253637713771e+01,2.932630352591831979e+01,2.984482342728523463e+01,3.050216417825794224e+01,2.924046917777826593e+01,2.924966765354781728e+01,2.875753434526558294e+01,2.976786230055682836e+01,2.880300753285843030e+01,2.991140544388645139e+01,2.972880314817479075e+01,3.004136979345884129e+01,2.952759497791805643e+01,2.951076992328108872e+01,2.938551767352834077e+01,2.947434488140527264e+01,3.000252326612496745e+01,2.900880718033272387e+01
2.887216015548244741e+01,2.920879069584958643e+01,2.967131699940955514e+01,2.881388134850891447e+01,2.872354014283496326e+01,2.949573773121403519e+01,2.908758127089174650e+01,2.944776433110632752e+01,2.900150519730050291e+01,2.974644858046866602e+01,2.965583844195271013e+01,2.892591002881198392e+01,2.962414732241865067e+01,2.859032019940497094e+01,2.869420892370044385e+01,3.002543172420655537e+01,2.936882834691749622e+01,2.920645364185975268e+01,2.936993151360439924e+01,2.945996165055458960e+01,2.903314303649176509e+01,2.903357545565182818e+01,2.995935344261459932e+01,2.867419519491636493e+01
2.935840343939469221e+01,2.913395545483365368e+01,2.937292515276777749e+01,2.949057988967535948e+01,2.873021818829511176e+01,2.978285231193012805e+01,2.956253883716948394e+01,3.001475211941090038e+01,2.986516671953836521e+01,2.962357016223148776e+01,3.006567275242883852e+01,3.016317636862896734e+01,2.919674546889092426e+01,3.022568689880978354e+01,2.898605717595108899e+01,2.939172493404720399e+01,3.029663851236699657e+01,2.863363626655717553e+01,3.017308883327672220e+01,2.964339987973517054e+01,2.987117358686833768e+01,2.981263470700633889e+01,3.024126898295122601e+01,3.020589405687366025e+01
2.988051436707524999e+01,2.895970565499425220e+01,2.934624468309488066e+01,2.875790652580985807e+01,3.006237800322145404e+01,2.862947813091966509e+01,2.956967998160905609e+01,2.922214535395067969e+01,2.946009751135397892e+01,2.938121185866077667e+01,2.962751409442637396e+01,2.994172354046986584e+01,2.986120620526844505e+01,3.058903920797411047e+01,3.029470280380735403e+01,3.009333136605073378e+01,3.031867301087169153e+01,2.993009780616858961e+01,3.005338700310142031e+01,2.950096922118899556e+01,2.978541097806089510e+01,2.956331626975247673e+01,2.992269970526899669e+01,2.960240187473436890e+01
2.855797658415758633e+01,2.982283683552725506e+01,2.913035447903439490e+01,2.952350057850566145e+01,2.889388339197853384e+01,2.963415160293328654e+01,2.979813002158283552e+01,2.927147893017428260e+01,2.808929973385357926e+01,2.946195162813756951e+01,2.846820333127823233e+01,3.044400916205137264e+01,2.894043298919058316e+01,2.844585422875968561e+01,2.929463530655914383e+01,2.893250571343321553e+01,2.918888301470127544e+01,3.002620236732053627e+01,2.948878197896431175e+01,3.013975441052610904e+01,2.848527737026483919e+01,3.036714126149820459e+01,2.929092817877778998e+01,3.035081723164512368e+01
2.833883051390893115e+01,2.751414176145493684e+01,2.892859803422146570e+01,2.923571565976305919e+01,2.981973547688301096e+01,2.870427194346984834e+01,2.942604603452878109e+01,3.017272793771650186e+01,2.968350730997406117e+01,2.921535335922550303e+01,2.832431946669464651e+01,2.944147140489144476e+01,3.001984069213312978e+01,3.007136196211484958e+01,2.923460483071994531e+01,2.976350224764036057e+01,2.894584596808903143e+01,2.914853356436822196e+01,3.010592124994298047e+01,2.943295675803454969e+01,3.010909396847603148e+01,2.926271323327938489e+01,2.977723165905331371e+01,2.976308495956379829e+01
2.956866451044345467e+01,2.944770843828848683e+01,2.949897887461332857e+01,2.834528919964674287e+01,2.972917823758024269e+01,2.910444943509611448e+01,2.953514395098335399e+01,3.034944817689671481e+01,2.955499452358674262e+01,3.015962634811194221e+01,3.003749115188173846e+01,3.029396413357426354e+01,2.949184816060113690e+01,2.956575263733265047e+01,2.914247818636783904e+01,2.978653904636314564e+01,3.020709388790714911e+01,2.945866171928417998e+01,2.922862987317358829e+01,3.058027161697208385e+01,2.981975511149335034e+01,2.977750702940483052e+01,2.978299927261605262e+01,2.866845528564658707e+01
3.034600790444540053e+01,2.786624500005859773e+01,2.941837350591686118e+01,2.926029668432551034e+01,2.905389494349714141e+01,2.961642291707073582e+01,2.976890694760305678e+01,2.986538051405716487e+01,3.161219628812909832e+01,2.996387865920075910e+01,2.973552561102377467e+01,3.051599136452728089e+01,3.052700825285683095e+01,3.054853826738406042e+01,2.985051778781524945e+01,2.976027818943936154e+01,2.915793065766831660e+01,3.044280049378511421e+01,3.032409895560414270e+01,3.030382046353952319e+01,2.977503085290982199e+01,2.990641529354064687e+01,2.952526597085670801e+01,2.971767895273450222e+01
2.862013027177079039e+01,2.933825993164811052e+01,3.015578641994790132e+01,2.994634009683875320e+01,2.894399608017624814e+01,2.877617865332450720e+01,3.020499556756135462e+01,3.031837075440961371e+01,3.019694409303326665e+01,2.958964896902182318e+01,3.100520197790467591e+01,3.075350191809042144e+01,3.011206338911654257e+01,3.027223994226073955e+01,2.995251246861181471e+01,3.022457063854585613e+01,2.943536981647548600e+01,3.047667466269348324e+01,2.903202096338918636e+01,2.874187917158309347e+01,3.015558352411414944e+01,3.012609769530649828e+01,2.981941449144676426e+01,3.002487803373304587e+01
2.951717611754139625e+01,2.925210129031222550e+01,2.991119979555782038e+01,2.965129975766342341e+01,2.939671330412261341e+01,2.954870909854389538e+01,3.011387519850450190e+01,2.941676920972440712e+01,3.046687233538830242e+01,3.022265498099585557e+01,3.140390038048411725e+01,3.055568757621432496e+01,3.078631201693735875e+01,3.068584904361171084e+01,3.095037153895714255e+01,2.992014954382847236e+01,2.954382381905844568e+01,2.973335785026620215e+01,2.951950638875285904e+01,2.971211324896171391e+01,3.078948627800002669e+01,3.004163358130529105e+01,3.010852951258192434e+01,3.025323934651743230e+01
2.951350262465115293e+01,3.016700794397542040e+01,2.964503241156779723e+01,2.918679262442816480e+01,2.970933578233467642e+01,3.003880130635070600e+01,2.976959194349171867e+01,3.101987225010282145e+01,3.122570194701421542e+01,3.111469250722632296e+01,3.180108191922988681e+01,3.256258369266845420e+01,3.149495962864625653e+01,3.189691159059748315e+01,3.084964597924698637e+01,3.109795533037390669e+01,2.963378720375379771e+01,2.983607921723864820e+01,3.046076181514956716e+01,2.962921423965798340e+01,3.096215064850480303e+01,3.099855852902800279e+01,2.991725048470959791e+01,2.998833844449256958e+01
2.947186810148724589e+01,2.933602043425025840e+01,2.950542587455851162e+01,2.973272098354021864e+01,2.988171418001036272e+01,2.984182441798617447e+01,3.112840963284838836e+01,3.198635748149479241e+01,3.150521254137322558e+01,3.120755663657121204e+01,3.195839325754957372e+01,3.103985031904795733e+01,3.108684344749030970e+01,3.123556304793333993e+01,3.072697834514269744e+01,3.067352672922868351e+01,3.032305441938109425e+01,2.989765521524850556e+01,3.043435627364254970e+01,3.057553712649007593e+01,2.964740915361431917e+01,2.996313911405496810e+01,3.110429603075488103e+01,3.048065063768933669e+01
2.897599495591492769e+01,3.002953194185050734e+01,2.853638156698298189e+01,2.948195168214203932e+01,2.999818218931773117e+01,3.159041350893886602e+01,3.100969369463399516e+01,3.116247747779641486e+01,3.148776292368677332e+01,3.273820955771469698e+01,3.138743099780606371e+01,3.193001808924594798e+01,3.226268485398355779e+01,3.198864099282928919e+01,3.071896994606987619e+01,3.086954078215131858e+01,2.962192049409105721e+01,2.990010410659874651e+01,2.996864237258591857e+01,2.982878844042562605e+01,3.167830776527091530e+01,2.994234382593145938e+01,3.030789063556090923e+01,3.015385762232727984e+01
3.006240802839664639e+01,2.877020041787324089e+01,2.820365253715704057e+01,2.977831774359441397e+01,3.102254414520359660e+01,3.014024039169953539e+01,3.123072006306534831e+01,2.978500304444207814e+01,3.089288812032361875e+01,3.121240795353207886e+01,3.198120235029324476e+01,3.142269883421920440e+01,3.074432038574178705e+01,3.116004850027144357e+01,2.973026015942178901e+01,3.012424515171824169e+01,2.983919235828795991e+01,2.925169644260330415e+01,3.005657163663443043e+01,2.964695373793540512e+01,3.040545091925963561e+01,2.932330586790459392e+01,2.967276254969220872e+01,3.037035971058537598e+01
3.014748065284106815e+01,2.907375995766210508e+01,2.855940229775575290e+01,2.925654019228335301e+01,3.070199890737120541e+01,3.183855836856105270e+01,3.149746613608465395e+01,3.019854409653623861e+01,3.130089425865537578e+01,3.245276359679479583e+01,3.126705223711479675e+01,3.220529568405265763e+01,3.077392445727105041e+01,3.067065321605332429e+01,3.004943306435040995e+01,3.032170769051322168e+01,3.099633039094953801e+01,3.026223795577453757e+01,3.027265531074550609e+01,3.054712002687813310e+01,3.130670233334251407e+01,3.111615047658710864e+01,3.045162273315401080e+01,3.062736046790081446e+01
3.046162274928184388e+01,2.934188268990538973e+01,3.047643982688703090e+01,2.935215413909173776e+01,3.168784643473208007e+01,3.137391934549134476e+01,3.153559794730369958e+01,3.100737388368122538e+01,3.175491979657755337e+01,3.192517853353780310e+01,3.142862592027159963e+01,3.231733995817114646e+01,3.097826758052872265e+01,3.213028697489960450e+01,3.043299552965424937e+01,3.061475457118262966e+01,3.062394367665035588e+01,2.996414794845225060e+01,3.173896197264770080e+01,3.071011734044867580e+01,3.120745591904500316e+01,3.136118188279704100e+01,3.050487941565518213e+01,3.066623125542821526e+01
