2.868193332886283997e+01,2.923718412181256099e+01,2.836266974547339714e+01,2.836466245114587537e+01,2.763465652894791447e+01,2.739786694939726885e+01,2.887073224480161571e+01,2.739577393044390874e+01,2.950579837002936756e+01,2.922723790401204269e+01,2.868491627963334167e+01,2.926843397544575964e+01,2.759639411280875265e+01,2.889093716641002629e+01,2.899783020701363512e+01,2.911152571100433306e+01,2.867741778938517427e+01,2.861191249543128379e+01,2.890855330001198809e+01,2.812258646648706417e+01,2.870687719145217898e+01,2.842267254187959225e+01,2.900419603594588125e+01,2.846852591097916729e+01
2.886502560217968494e+01,2.819888879553855077e+01,2.774950785245647467e+01,2.857743625402684984e+01,2.752285698348595133e+01,2.878360477937468431e+01,2.786455331925037626e+01,2.906052596614193817e+01,2.798634649348184666e+01,2.984097042070419548e+01,2.777559005075460163e+01,2.873794791785354619e+01,2.857992423343108612e+01,2.919065359177079699e+01,2.829496186414706926e+01,2.816160253260534319e+01,2.927895160794452067e+01,2.911462373934494963e+01,2.881660554737101165e+01,2.820683236933763283e+01,2.837047070107541913e+01,2.849021359911762374e+01,2.816809339316114347e+01,2.884443201571360760e+01
2.933092040216121177e+01,2.671410860466517079e+01,2.957695395182190623e+01,2.757187004339851910e+01,2.805538198857578891e+01,2.842304182787881928e+01,2.853808160133735328e+01,2.744007073581207123e+01,2.867497933736427740e+01,2.881174856061238643e+01,2.805720088585474059e+01,2.856649420996330946e+01,2.892646627533406445e+01,2.760904642800704778e+01,2.877715210323748352e+01,2.866190347508057812e+01,2.863356337818066777e+01,2.788014391518510138e+01,2.965070913343760139e+01,2.846421990154522064e+01,2.904178237979402866e+01,2.806337574676541635e+01,2.789611727241617700e+01,2.809739335675294569e+01
2.797713729865290588e+01,2.814741594635557931e+01,2.881511075651644660e+01,2.943534313891052534e+01,2.814370538347964157e+01,2.912900099094224515e+01,2.860409317116619832e+01,2.895980616643612393e+01,2.820566029911054784e+01,2.893869318679986691e+01,2.878069276031135360e+01,2.864390159691032522e+01,2.889177422412552687e+01,2.878352677849915153e+01,2.902507478571436650e+01,2.849510088843976519e+01,2.899583412930502391e+01,3.010864423214110275e+01,2.949027444729063063e+01,2.837300553667029135e+01,2.809973946332542027e+01,2.820303905285055635e+01,2.827402954457215856e+01,2.891976576701870272e+01
2.971632335851006701e+01,2.832999059374475337e+01,2.804701047456313745e+01,2.784765004899998075e+01,2.808759405016303390e+01,2.848583616823941611e+01,2.811695701191013086e+01,2.749316662921501120e+01,2.805781696328125463e+01,2.728169305711492143e+01,2.958646122744397644e+01,2.747331331654476116e+01,2.853915851122155800e+01,2.869438946597330187e+01,2.821014569572554365e+01,2.820884589442778179e+01,2.906710559081744805e+01,2.731937185662491174e+01,2.898280901558382538e+01,2.950234125610131741e+01,2.941737769333440156e+01,2.795922314677733311e+01,2.821325230625865288e+01,2.738685736158527106e+01
2.777191189229830570e+01,2.831904866594459236e+01,2.923696769966335296e+01,2.889424319110185024e+01,2.830120728742559777e+01,2.916321132873969191e+01,2.721141579849802383e+01,2.970689786521882070e+01,2.843231399198435838e+01,2.871867453616584953e+01,2.771638598935902564e+01,2.849165338931811675e+01,2.825788389021460034e+01,2.925774113592677850e+01,2.902899741813371293e+01,2.851287682799340928e+01,2.748514651954394594e+01,2.905927925193384453e+01,2.774994781442376279e+01,2.822177827586443755e+01,2.803069752850694840e+01,2.901224180865955304e+01,2.803646805036345313e+01,2.882011108295972690e+01
3.009148767242436406e+01,2.845291492225550201e+01,2.866576828243904629e+01,2.839726545754257359e+01,2.950394260260139845e+01,2.804845477521638486e+01,2.859862594088878041e+01,2.837765618433002146e+01,2.877930626254516255e+01,2.795400014540996381e+01,2.888793752692896533e+01,2.805941921085934609e+01,2.837374323080820204e+01,2.774894107185474468e+01,2.897967899046710727e+01,2.831292806154135633e+01,2.814324392730628688e+01,2.802660439860113684e+01,2.974949241719951942e+01,2.868520512301614644e+01,2.965953210392405026e+01,2.825876957295076863e+01,2.842825189578974232e+01,2.717369139405298029e+01
2.828627290414038953e+01,2.821440062031501839e+01,2.873822132047035893e+01,2.986213225151203687e+01,2.747184646970129052e+01,2.903210298760041042e+01,2.809816892587548409e+01,2.860264307969657693e+01,2.901475582366657591e+01,2.857278317022553438e+01,2.772916288603084922e+01,2.921229498013320836e+01,2.804909966617293549e+01,2.920699837514564479e+01,2.827685464460273579e+01,2.905786834213142811e+01,2.895853918941594429e+01,2.828728504194413063e+01,2.832879147210343262e+01,2.969066390696792723e+01,2.875952072937548110e+01,2.887242622064849229e+01,2.909265803731176447e+01,2.806932883903635911e+01
2.806352339039375465e+01,2.869021449130718793e+01,2.863998864969300939e+01,2.793116379940437355e+01,2.926231365684009234e+01,2.886011841089532481e+01,2.865995947740071870e+01,2.808753144581851302e+01,2.864018823239382527e+01,2.754946946365237181e+01,2.894997941822572329e+01,2.788165528289493977e+01,2.851764466257395725e+01,2.880653389203257575e+01,2.845664526524751636e+01,2.823466462066335225e+01,2.916706851362232555e+01,2.843404338358374162e+01,2.807192892585055688e+01,2.820793174047622642e+01,2.914437711434919720e+01,2.909739619401727850e+01,2.831421448691213527e+01,2.754053364030392004e+01
2.814140897793390650e+01,2.826434698858622596e+01,2.827263192601770925e+01,2.916353918191254024e+01,2.864246944619577562e+01,2.905753406681060369e+01,2.791609301341827631e+01,2.833379149698475885e+01,2.801057534621025980e+01,2.897159404289021722e+01,2.775213475476994063e+01,2.761461485287605910e+01,2.859978727947196830e+01,2.912790061369531713e+01,2.857252986329120858e+01,2.881119020132797459e+01,2.769726052283226636e+01,2.845501510413100732e+01,2.880192445301997850e+01,2.866044503369380436e+01,2.849421517575473217e+01,2.976418802619457438e+01,2.808523708021090215e+01,2.889379140247865507e+01
2.863768410465218039e+01,2.816581863291423815e+01,2.928342367924483369e+01,2.887528791290418440e+01,2.950523646607746286e+01,2.846384893966330765e+01,2.855783005633156790e+01,2.834612152597816248e+01,2.926559562244426616e+01,2.712581272506781715e+01,2.903200928761060595e+01,2.842029970236615100e+01,2.772153651119793949e+01,2.778589963094577797e+01,2.927808103529923756e+01,2.917466213677761289e+01,2.903464376582991235e+01,2.839707710510771221e+01,2.850088275494834988e+01,2.854877267764680937e+01,2.972833772671231145e+01,2.872699901427995428e+01,2.812861582967747154e+01,2.752460515812157382e+01
2.811121020039576024e+01,2.962898756337511941e+01,2.836336468646942421e+01,2.724403593197422424e+01,2.864326247835600725e+01,2.893999262423676555e+01,2.863044439944974329e+01,2.838235417261330440e+01,2.862190856388417615e+01,2.923456742685641530e+01,2.838963593973340949e+01,2.932465918345042155e+01,2.796879735184836591e+01,2.906171417191649198e+01,2.829378905798830601e+01,2.935017573320106976e+01,2.862751815268848077e+01,2.900130636315185484e+01,2.899944356301369908e+01,2.942665819053758014e+01,2.898702958332916069e+01,2.890979755393220785e+01,2.875459972705243672e+01,2.947010884370865824e+01
2.852298457787787811e+01,2.889957584324167783e+01,2.874784837784244473e+01,2.817834835462684850e+01,2.855647546478564891e+01,2.822668141990277491e+01,2.880286393628671249e+01,2.796040232803454728e+01,2.971752701338431280e+01,2.851076879911937567e+01,2.859531106142685530e+01,2.789832588209884534e+01,2.815140907117853430e+01,2.840173597630683844e+01,2.988479887980207650e+01,2.853843932123669447e+01,2.920838941407413358e+01,2.865083941050403382e+01,2.943539216261285674e+01,2.888885992014832027e+01,2.792602889347307382e+01,2.907404018076584862e+01,2.869196888118267452e+01,2.852322536615145054e+01
2.832651850099489366e+01,2.936185567758201387e+01,2.868546233088795816e+01,2.891249579598894570e+01,2.883275952725466595e+01,2.956431359639339007e+01,2.756525577307957064e+01,2.870561399463781527e+01,2.912950154914182122e+01,2.884051973620506715e+01,2.879310797857129955e+01,2.868980975638055497e+01,2.832482164404314062e+01,2.936513616609175870e+01,2.858713847148521836e+01,2.867128501978237409e+01,2.854844572974496941e+01,2.823561548583398917e+01,2.837080910328808159e+01,2.972607112922690931e+01,2.817861267465798392e+01,2.888841480673278284e+01,2.979573915170641385e+01,2.826621464164315967e+01
2.941433964524912881e+01,2.856550757929034035e+01,2.889414468951986237e+01,2.865755082863961434e+01,2.881077060133628720e+01,2.838311240012939152e+01,2.908693385299079637e+01,2.869085894098299150e+01,2.840194264648346234e+01,2.867489272203118844e+01,2.918171847237852035e+01,2.874294971587994496e+01,2.885419736782023392e+01,2.859309761687188711e+01,2.919926169327618481e+01,2.843006117349239048e+01,2.963101593971236980e+01,2.874085522932466574e+01,2.889920153719566542e+01,2.878116725018850275e+01,2.933329720015444764e+01,2.854036966106838236e+01,2.936110725078805217e+01,2.950587769246209291e+01
2.867231181479576207e+01,2.972815413701903253e+01,2.805498576350987605e+01,2.868493751426973404e+01,2.867059046196152394e+01,2.908504902728532215e+01,2.831567680862571024e+01,2.893561438614403869e+01,2.865612994437543648e+01,2.904522019894483265e+01,2.870904111499010014e+01,2.896943095650186706e+01,2.895660173407134153e+01,2.850714175552678853e+01,2.849434516959718167e+01,2.858718613414868059e+01,2.868934720276411099e+01,2.927729787526692462e+01,2.867538165784111470e+01,2.904249329349130448e+01,2.886501623795533078e+01,2.827710886811166802e+01,2.829126046229185931e+01,2.916764529484453305e+01
2.973724157580460314e+01,2.784403960020296154e+01,2.934182621936520263e+01,2.767578076650124785e+01,2.962090978185676704e+01,2.902539750416588049e+01,2.855338994205771996e+01,2.830528053217790330e+01,2.929279208249437261e+01,2.957616888917226561e+01,2.833968055773863171e+01,2.814462498752203601e+01,2.845178576348087063e+01,2.843896429974643070e+01,2.976233246422526690e+01,2.842830728517054695e+01,2.850363803592233580e+01,2.828911220610456212e+01,2.931360804393727904e+01,2.793771449317114275e+01,2.975741012016300147e+01,2.949970709182770179e+01,2.875316588351154223e+01,2.858973220404692483e+01
2.808379927878121407e+01,2.854787598635527957e+01,2.860605848404497920e+01,2.827705847758511482e+01,2.925210484593981164e+01,2.859006923621507212e+01,2.859290880951220970e+01,2.854888755505180598e+01,2.874930263523867779e+01,2.960715838797125343e+01,2.775653474431106815e+01,2.912212399099979621e+01,2.898287764028810898e+01,2.904620660703665180e+01,2.837261929673695704e+01,2.951586985330840207e+01,2.893733971972744712e+01,2.877714616966528638e+01,2.933346256061156510e+01,2.873388906459285863e+01,2.976829069425770058e+01,2.977985635635604922e+01,2.961259132298903296e+01,2.884214534543275477e+01
2.904109346671845060e+01,2.934085418910399312e+01,2.925889129030258573e+01,2.860880908836435310e+01,2.966362494764945268e+01,2.855820320198267837e+01,2.930609336801649079e+01,2.820111187619198745e+01,2.887411223802291715e+01,2.928797800628257164e+01,2.939634376750393585e+01,2.914371226364016820e+01,2.971957939056886744e+01,2.847489626539771734e+01,2.937525713400845007e+01,2.846537914493677590e+01,2.893971351192436714e+01,2.864435426126181028e+01,2.897363921017324628e+01,2.897979865812237676e+01,2.912670507164193623e+01,2.871008762859048602e+01,2.957162209814237031e+01,2.916319557241229177e+01
2.882529045042326743e+01,2.955787707620203264e+01,2.993170338544331344e+01,2.908810450498202727e+01,2.981508025228737324e+01,3.061059566654722630e+01,2.915615503230100103e+01,2.823571986931051470e+01,2.979250246259567803e+01,2.933771667978646747e+01,3.019652449103597291e+01,2.944257895872453901e+01,2.883097578828079577e+01,2.919868162476558382e+01,2.823902450080259996e+01,2.898167562921338458e+01,2.963885600230440787e+01,2.888016222054721993e+01,2.840033208081234761e+01,2.814779226102302800e+01,2.850811197861554547e+01,2.979963829679496712e+01,3.004310291627103879e+01,3.002046928719715879e+01
2.962844535583690231e+01,2.941617665163266793e+01,2.915310185482115912e+01,3.019332412393356435e+01,3.123794481804048928e+01,3.117667234942530285e+01,3.163421515409623908e+01,3.122982142789339832e+01,3.221424884731504790e+01,3.118337852168031077e+01,3.109941464796258970e+01,3.117827783950247067e+01,3.097005571557741632e+01,2.898175131706284446e+01,2.985002946994200101e+01,2.930336753851707954e+01,2.881565129219796972e+01,2.877913925108111926e+01,3.045295535504709505e+01,2.891308659341530074e+01,2.966504897717612721e+01,2.941927200413033461e+01,2.900581544332277417e+01,2.895598051730661382e+01
2.984355696310558415e+01,3.008958708749452171e+01,3.045343119355385397e+01,3.048565692677289007e+01,3.145464437910464994e+01,3.150565428023651293e+01,3.306551148586356703e+01,3.273166044978381706e+01,3.356419119953352492e+01,3.208729083023416706e+01,3.192973537141551787e+01,3.181281773744893826e+01,3.146977666650087713e+01,3.132268791435865296e+01,2.968790387939759512e+01,3.035795475087678597e+01,2.921971581339482782e+01,2.989768348886519789e+01,2.860443089600931899e+01,2.895419229151264062e+01,2.935772834183688929e+01,2.989814229132832679e+01,2.844002356021684363e+01,3.037337838519408706e+01
2.942303392016248154e+01,2.979982076013362757e+01,2.969303136880040483e+01,2.962805435810702193e+01,3.098948601772963229e+01,3.069395199063353630e+01,3.244155506810642464e+01,3.180030218651745599e+01,3.213667478794985755e+01,3.167542739814223296e+01,3.283039422367323823e+01,3.238300321311561447e+01,3.170310500108388396e+01,3.076615737089912272e+01,2.970238854427066144e+01,2.913264382586237389e+01,3.048655996824118120e+01,2.939026244006765864e+01,2.975738630427457565e+01,2.863221788663980760e+01,2.970233643604308327e+01,2.982122553845641733e+01,2.996018761764116789e+01,2.809552325130863437e+01
2.984564424992544218e+01,2.852303110292319843e+01,2.832255371580617975e+01,3.036711819945548996e+01,3.023678614991541735e+01,3.032832393067866406e+01,3.057562688507772464e+01,3.043526366103964165e+01,3.000831190360941036e+01,3.055357369170894799e+01,3.120931274167980973e+01,3.073946484396509504e+01,3.135332708770260979e+01,3.060455322966072345e+01,2.923163749112097776e+01,2.978259846193299154e+01,2.930990294950845509e+01,2.986358733057431891e+01,2.980042907829039223e+01,2.989970297558295442e+01,2.970170016847930583e+01,2.979445937277972689e+01,2.883587579348028385e+01,2.897610619959499445e+01
2.958150480260405857e+01,2.853920327463413287e+01,2.964304778161078957e+01,2.782480421839784412e+01,2.933640298944379765e+01,2.946968708417330163e+01,2.978687809739830072e+01,2.861216613806499254e+01,3.040093242465223966e+01,2.854523534812807384e+01,3.045374141356995779e+01,3.052495025426571829e+01,2.950417033206235828e+01,3.013447681357627062e+01,2.917196092285024633e+01,2.891087454096674492e+01,2.900586422103509676e+01,2.965294151779681897e+01,2.887890547543156572e+01,2.894474907691176213e+01,3.005572133921032218e+01,2.946418482171384312e+01,2.902581719436108187e+01,2.919108918582435308e+01
2.910654903223314705e+01,2.980782676301726042e+01,2.845161024621717161e+01,2.990655463863578234e+01,2.949394515452883070e+01,2.939104107087086959e+01,2.932452559432482531e+01,2.915579077496607852e+01,2.913334873183009677e+01,3.008958315437837427e+01,2.946533517475319286e+01,3.017205644322405078e+01,2.940194612623662351e+01,3.032295877941294293e+01,2.968450502205877228e+01,2.917272193269144509e+01,2.933406560618885806e+01,2.899670803197085434e+01,2.886750350252259523e+01,3.047577902855971388e+01,2.929766173992447875e+01,2.911219850772960172e+01,2.776753424041720564e+01,2.921430366993132566e+01
2.860058204843647900e+01,2.875344522862025087e+01,2.810870607159336032e+01,2.844727871011025400e+01,2.980987855228789840e+01,2.834470530075896022e+01,2.879133438050831728e+01,2.812618302781203283e+01,2.944273773489334189e+01,2.951152833159682132e+01,2.868187928256992336e+01,2.946047070045602823e+01,2.872618759093040808e+01,2.859818799335971562e+01,2.931798351575781680e+01,2.920488722927240133e+01,2.996538583687032542e+01,2.927450336345998494e+01,2.944249668547871579e+01,2.916938406028157260e+01,2.998268847415909022e+01,2.926057541911177395e+01,2.905078170074216359e+01,2.826297976230290487e+01
2.821532994833376051e+01,2.842642545524535080e+01,2.888446037545560330e+01,2.860268192931130216e+01,2.863613575602249739e+01,2.814301573439826143e+01,2.824239652920357457e+01,3.003050917964094424e+01,2.840499315374643174e+01,2.975453670697822872e+01,2.903645271114515936e+01,2.970334580364658450e+01,2.998000266179889195e+01,2.934967202703052180e+01,2.888909721401637398e+01,2.934090255513041257e+01,2.849578207237595961e+01,2.895437555532055285e+01,2.963887091108631466e+01,3.011467742484109067e+01,2.913968959804407177e+01,3.001044986358846245e+01,2.786871899192510682e+01,2.885076987900771428e+01
2.802419649305056737e+01,2.803642003661894933e+01,2.912927777829145271e+01,2.865835931894463329e+01,2.821247268298435529e+01,2.855954346383947495e+01,2.936669255399999656e+01,2.868962669409768296e+01,2.897926674404425285e+01,2.946198503454820639e+01,2.961569539743965152e+01,2.843692058622906416e+01,2.896563204093587274e+01,2.886335556674157488e+01,2.859604113902088329e+01,2.985992472816201371e+01,2.838391561218713832e+01,2.808116660197759984e+01,2.939027230906253862e+01,2.983513591064212278e+01,3.002331508379160141e+01,2.827857471356071528e+01,2.813906407109425345e+01,2.813392258739685303e+01
2.836865860674203077e+01,2.869317451750691816e+01,2.910784033117118952e+01,2.988467864939786978e+01,2.868480210040434031e+01,2.859761408417733719e+01,2.879721041825882821e+01,2.850243350279424703e+01,2.762076877051873680e+01,2.830566220994813875e+01,2.850360324647670041e+01,2.908820244234124175e+01,2.819572565127174357e+01,2.860796073672753437e+01,2.853356198843306402e+01,2.815844852541601995e+01,2.828415814727623001e+01,2.944292656731892066e+01,2.855583863216202190e+01,2.875082132721178141e+01,2.878488508193032658e+01,2.917260818693176816e+01,2.900611669143307836e+01,2.948573127851699383e+01
2.976947762614321391e+01,2.914232590613647744e+01,2.766548835320520539e+01,2.758760113407896597e+01,2.962158034095131143e+01,2.777524157930690762e+01,2.832222612334845735e+01,3.019763855630554872e+01,2.956346123864284436e+01,2.882728865280546415e+01,2.926808569352277800e+01,2.794902357967185935e+01,2.833186047650724504e+01,2.822040651329183447e+01,2.824925421286428673e+01,2.934656767297889246e+01,2.943505392136756882e+01,2.889765260225175325e+01,2.938122960998327926e+01,2.902118990497001505e+01,2.899278903082597481e+01,2.880922435288857741e+01,2.940476108055793247e+01,2.838297938903377826e+01
2.688488860260184765e+01,2.786269699315704429e+01,2.789856672662619985e+01,2.838084887122374766e+01,2.854612876343531980e+01,2.797751481377196114e+01,2.945784477503525522e+01,2.953727147403219533e+01,2.854919312024617284e+01,2.782855565378451956e+01,2.862869884527083286e+01,2.909513093040027343e+01,2.855581668742388501e+01,2.926624033319501450e+01,2.929123356554566726e+01,2.941126378082020665e+01,2.823178476489238165e+01,2.919461655642982123e+01,2.938547081937986150e+01,2.964152205073969526e+01,2.983499750138088302e+01,2.904665440615258376e+01,2.923443169795285712e+01,2.936004148834342686e+01
