2.841317079583131999e+01,2.946008134059763961e+01,2.821053620280292762e+01,3.015041893865310385e+01,2.818737552613140451e+01,2.832738774788089131e+01,2.867908141720755566e+01,3.052462137795725994e+01,2.859088555749093530e+01,3.042439100364896376e+01,2.938847878154763293e+01,3.027659660672708242e+01,2.919671840569191090e+01,3.014529364671199119e+01,2.930636637365194019e+01,3.014069011999316672e+01,2.958813648943498720e+01,3.048893537182948421e+01,2.843202878231141995e+01,3.110786255158268432e+01,2.899009379705609035e+01,3.066801213615008237e+01,2.985582799000565046e+01,3.161476248844769543e+01
3.011390999160454385e+01,2.843821949930952542e+01,2.923426524109419233e+01,2.835267514487804874e+01,2.936935216187237074e+01,2.898169556580643302e+01,2.893337540000544550e+01,2.880888555555230823e+01,2.866901332893672816e+01,2.902672057539803063e+01,2.924619624451986510e+01,2.853117392863737223e+01,2.950327886017095125e+01,2.861271224144684311e+01,2.874125054503087995e+01,3.053290109420811405e+01,3.031836068216779267e+01,2.949717546071752849e+01,2.960609699409906170e+01,2.941892014525279819e+01,2.968578717482199636e+01,2.936282064868572661e+01,3.008184177353842870e+01,2.888833814811937373e+01
2.994966211103383102e+01,2.766174777226689230e+01,2.871053319932457271e+01,2.942393169010176734e+01,2.910443272318326535e+01,2.909862601317507824e+01,2.974225067083511931e+01,2.786320500969725344e+01,2.847537896798201018e+01,2.911027224882923292e+01,3.067782469228660602e+01,3.020653000810142430e+01,2.954305806979635918e+01,2.947495271327034061e+01,2.840847120299559947e+01,2.933972808020740786e+01,2.917079985182067503e+01,2.927005998769971029e+01,2.913150162408066990e+01,2.919687939400489540e+01,2.982549123600665553e+01,2.931516468764021965e+01,2.895287746365477233e+01,2.969021986400082369e+01
3.019644102115103124e+01,3.065637185426288625e+01,2.858415630545363229e+01,2.956161631339267615e+01,2.924114880166342800e+01,2.895847834038795554e+01,3.027293390500966552e+01,3.068772025178287777e+01,2.895302261187651993e+01,2.913380798485025025e+01,2.963551468087564444e+01,2.972059512948015936e+01,2.982254616409449000e+01,2.994231460313403659e+01,2.990990287236928680e+01,2.979276244953865671e+01,3.125798000275761979e+01,2.941829075906196067e+01,2.985279423317734881e+01,3.082376626919426599e+01,3.025231973396199692e+01,3.016823494953371210e+01,2.920240778933685988e+01,3.035516484576476159e+01
2.734910965850104958e+01,2.916745976712462607e+01,2.899630302834282247e+01,2.935051019368114567e+01,3.002368324457796689e+01,3.009865883607960768e+01,2.746312417192348221e+01,3.005583000617434664e+01,2.983745258936551181e+01,2.913900089239217550e+01,2.891330683148180469e+01,2.952618660588336752e+01,2.885971992555909083e+01,3.022219162934260339e+01,2.818708497909869948e+01,2.976878531388274496e+01,2.840426806321812592e+01,2.862088904494299868e+01,2.879858188294565480e+01,2.918164190611270215e+01,2.866714389886118397e+01,3.049754379394994430e+01,2.893370995963232417e+01,3.030693253837239354e+01
2.832078547341558306e+01,2.960102942361123723e+01,2.808396879255656131e+01,2.910666832244072566e+01,2.910987929297664323e+01,2.839376062268951273e+01,3.087946566881845456e+01,2.929018930226322937e+01,3.040624854598064530e+01,2.901201395407906602e+01,2.978191143620404091e+01,2.908683104313877266e+01,2.976333130473693700e+01,2.913293619576808169e+01,3.018284818581685158e+01,3.003101806992441425e+01,2.935178784655664685e+01,2.887508983886056058e+01,2.956936099856420697e+01,2.871236233000229277e+01,2.921654152493726997e+01,2.918435011755320829e+01,2.899627601774693630e+01,2.833649374409009170e+01
2.892004323330644411e+01,2.959748587735424508e+01,2.931416465447557584e+01,2.892436629794462988e+01,2.933017196191400444e+01,2.953648112454447983e+01,2.903216001228150844e+01,2.965058353081894893e+01,2.952482183427213158e+01,2.929525587393459318e+01,2.916515782547526214e+01,2.909041632826415480e+01,2.902818796701461679e+01,2.952663659154734432e+01,2.986238370838452738e+01,2.902079805922312516e+01,2.949167016907011885e+01,2.810050645485006271e+01,2.885530897038756848e+01,2.944962190879539321e+01,2.939263526628337786e+01,2.973271149820993742e+01,2.908709102927571166e+01,2.992092586792671227e+01
2.902303568344058249e+01,2.881640382055923055e+01,2.879709260851944919e+01,2.899445027293705834e+01,2.916533909063230112e+01,2.966551186358697123e+01,2.951845015810624773e+01,2.933093834882726014e+01,2.925051283925421330e+01,2.940375272017945463e+01,2.986526393688512826e+01,2.958298719455018500e+01,2.890512011603783549e+01,3.046197390957036077e+01,2.897707707621901818e+01,3.014616823345761532e+01,3.035943136275818688e+01,3.023451589057765432e+01,2.967777393159786925e+01,2.903318828538886009e+01,2.984547359906105157e+01,2.998906613964993539e+01,2.941117339994292479e+01,2.982544274484354219e+01
2.872458452010693009e+01,2.886297317280821062e+01,2.935113866041143638e+01,2.974780374599993138e+01,2.959093695293881865e+01,2.946501106482384102e+01,2.908749720148892948e+01,2.950568594943769085e+01,2.900609868163797955e+01,2.993306400334063255e+01,2.890434426777432009e+01,2.962697587238062624e+01,2.904134256649820145e+01,2.939083353547374600e+01,2.980138212370940209e+01,3.015288487316098553e+01,2.932398365490240622e+01,2.950270173821485287e+01,2.850557381491574915e+01,2.976077439814247327e+01,2.945925411637034586e+01,2.964596743095052034e+01,2.935254094981439721e+01,2.942394866221820848e+01
2.863310321599135477e+01,2.985300224446115180e+01,2.958638864808415292e+01,2.938063539015183778e+01,2.941848248034506241e+01,2.876475582932090447e+01,2.898021438991207788e+01,2.977570784607240739e+01,3.053423333687430841e+01,2.995331759608740185e+01,2.926577914148583659e+01,2.912815941598910285e+01,2.918380121289118279e+01,2.870570535059079020e+01,2.998399886373948675e+01,2.888311493557000631e+01,2.960451279188458784e+01,2.798151781613296407e+01,2.926611709130105510e+01,2.981726510802036501e+01,2.975343362999325336e+01,2.920861403270998835e+01,3.015003857474795268e+01,2.887727151376435586e+01
2.900140335770942102e+01,2.921180683367680331e+01,2.966217217656685534e+01,2.954251797307802008e+01,2.913937735356921621e+01,3.015736992260065108e+01,2.934735486209797273e+01,2.920055441159888687e+01,3.007561482597162694e+01,2.900868293420404598e+01,3.024875435944301216e+01,2.966057746611215862e+01,2.946759155520675222e+01,2.904455851085549511e+01,2.869122455017281936e+01,2.979323199641459041e+01,2.904578377601262673e+01,2.909899919334156948e+01,2.986467135189667488e+01,2.888155036623192018e+01,2.992205016476924584e+01,2.910096528403136062e+01,2.927226908077904000e+01,3.021132713202513287e+01
3.034152611570243607e+01,2.815629786471129137e+01,2.875886470122605942e+01,2.964268616317258420e+01,2.960451034018922201e+01,2.941694730933073743e+01,2.916323026001992957e+01,3.020172787231933853e+01,2.961915848781347904e+01,2.943130983728866568e+01,2.860116945599173732e+01,2.959931123775515971e+01,2.974556204872550325e+01,3.004835427192176667e+01,2.989875079159406823e+01,2.913383355327158597e+01,2.904695531788217977e+01,2.908827894696844396e+01,3.017987322081717139e+01,2.993792260567090580e+01,2.997925047349463057e+01,2.904907940097672281e+01,2.939664776161049531e+01,3.017097970808913487e+01
2.947886635227177976e+01,2.882390311725743004e+01,2.929512048031318727e+01,2.955101416402243331e+01,2.778011982798642521e+01,2.900826065250680585e+01,2.809184645218698506e+01,2.990991248719097939e+01,2.857966521910066149e+01,3.064518477469778190e+01,2.901442609607107670e+01,2.888797553494782733e+01,2.870854881646010881e+01,2.965564260716661238e+01,2.977242493723798589e+01,2.928257974462331958e+01,2.970529059283950346e+01,3.018336294240862117e+01,3.018364685999910080e+01,2.968875694349384275e+01,2.977901470224963987e+01,3.131861716925027395e+01,2.924311669465186014e+01,3.022343248752486033e+01
2.848190559264168087e+01,2.783527446603613953e+01,2.911991978058011910e+01,2.791428713917480309e+01,2.956168020660663842e+01,2.854911228523042155e+01,2.994288887458429826e+01,2.853158442303418951e+01,3.057594188605725094e+01,2.930193465195327462e+01,2.906350239259984392e+01,2.965041297678334331e+01,2.986663568655410472e+01,2.948673491351007669e+01,3.074870701289012231e+01,2.906306305308800120e+01,2.986781016406473555e+01,2.904179047294582006e+01,3.018172002755130734e+01,3.003749938733312774e+01,3.058954849971871681e+01,2.920724639423781355e+01,2.967463037948806459e+01,2.919400468307304664e+01
2.993553523415357631e+01,2.876572599778018002e+01,2.886541375605514759e+01,2.999232642274529326e+01,2.899272040555337071e+01,2.968266744125901369e+01,2.954751204154183597e+01,2.938063589188226388e+01,2.931086858745800328e+01,2.963548318781522539e+01,2.950757671385832737e+01,2.941571663709254381e+01,3.033247962393551234e+01,2.894166800300973819e+01,2.887284806602070830e+01,2.976623294707854939e+01,3.024603714279146516e+01,2.905226955332290117e+01,2.995975609230305281e+01,3.036377141532432233e+01,3.067429765256559904e+01,2.972761072848271624e+01,3.006163742920722370e+01,2.935229844663916765e+01
2.840005923270513222e+01,2.858847300428129756e+01,2.917214968634914385e+01,2.947872896551126587e+01,2.905217359095161100e+01,2.951318076294262482e+01,2.916011609350579192e+01,2.916169937284706748e+01,2.876546566766319302e+01,2.886272509708436473e+01,2.920590240644804680e+01,2.935254887954215519e+01,2.918000987146234593e+01,2.890110704437023514e+01,2.856427699922937791e+01,2.999883468857092339e+01,2.999549674295042223e+01,2.963355576887727238e+01,2.962968579267703717e+01,3.016691973058584608e+01,3.057957819296041180e+01,3.105180629211207588e+01,2.970975686850408692e+01,2.991705153319003330e+01
2.902140883177895603e+01,2.894961275818241120e+01,2.918675200087602661e+01,2.961934390176531906e+01,2.922811386763737573e+01,2.972319556207781943e+01,2.859904911207530631e+01,2.941687660693332873e+01,2.874609208797215842e+01,2.977650889333904161e+01,2.914789918145407910e+01,3.016925137543353230e+01,2.965305438749498990e+01,2.939168355667248989e+01,2.872129004982923561e+01,3.066043677522100097e+01,2.896474194126386692e+01,2.980657668505182301e+01,2.976711491470894089e+01,2.994284391518800703e+01,2.893468285417105790e+01,3.025113908913033356e+01,2.917977454369156476e+01,2.944811821481249581e+01
2.930257776492402400e+01,2.942871244007818632e+01,2.972628426708371308e+01,2.922232401029236826e+01,2.968147020974623729e+01,2.885424573960148109e+01,2.934475293522376660e+01,2.918947546318429431e+01,2.926456608250373392e+01,2.917082717012675630e+01,2.991706405596829654e+01,2.949935922103554731e+01,2.891397413385698201e+01,2.916313870046434431e+01,2.977451475973498418e+01,2.897596967417501901e+01,2.979748173015707380e+01,2.861960649436099402e+01,2.963016246002490561e+01,3.020411406891776096e+01,3.015196423423418537e+01,2.979254758663734037e+01,3.021107636167943156e+01,2.926996681645283616e+01
3.015556059566341673e+01,2.859315573653151432e+01,2.940353102468048974e+01,2.899086147229894550e+01,2.895765882835218008e+01,3.055880721849752035e+01,2.962263808240578555e+01,3.044020720761466237e+01,2.959103235638576734e+01,2.988197890862596751e+01,2.996383866987736155e+01,2.941604351621720070e+01,3.025669726487745947e+01,3.000116539764297841e+01,2.922812314853513271e+01,2.982040914639264884e+01,3.019866992671040862e+01,2.923507178114482485e+01,3.007545910540659406e+01,3.007335177820476702e+01,2.975559049911566945e+01,3.007165079431337062e+01,2.957294912652781704e+01,2.902137543493978455e+01
2.931427943961170968e+01,2.897974660153647619e+01,3.014779178861471109e+01,2.990171370697703424e+01,3.048704024353855857e+01,3.028949288733940648e+01,2.965097932770100897e+01,3.149275720930825173e+01,3.255371376230846181e+01,3.029059534497758932e+01,2.936860720518382095e+01,2.933039498154670355e+01,2.945079591890447546e+01,3.033242240144141988e+01,2.989636693208024099e+01,3.033859168096233816e+01,3.024140460769785932e+01,2.898903756208244431e+01,2.842049495923504310e+01,2.940005505602510993e+01,2.934653172604140536e+01,3.049735254028507825e+01,2.962399708009445476e+01,3.002047909712882756e+01
2.776878391297304915e+01,2.986655331043527895e+01,2.841780562021426704e+01,2.958678363723817029e+01,2.858057530538616220e+01,2.988587298540517168e+01,3.175723711995038911e+01,3.478393005451408726e+01,3.332396014535936501e+01,3.300678542575042229e+01,2.972149012225872866e+01,3.020704861561608823e+01,2.818039974454501362e+01,2.986759351575409482e+01,3.019475160413838921e+01,3.197599809541696914e+01,3.241788247459004424e+01,3.029075621545774766e+01,2.922218692411280472e+01,2.990058617081314196e+01,2.977846248390903838e+01,2.957811265518063237e+01,2.897589455932666169e+01,2.933939679099393061e+01
2.976983797212778882e+01,2.832277681246563361e+01,2.973251515609564422e+01,2.816558311820676863e+01,3.060234844536182663e+01,2.947120205132694082e+01,3.276582093840079324e+01,3.477283833421631698e+01,3.414954888362302654e+01,3.398493990456893243e+01,2.959618137279284156e+01,2.918234169514533960e+01,2.994316114265302531e+01,2.930755900658175506e+01,3.215070231535264611e+01,3.182494659469028875e+01,3.202364391532665877e+01,3.088604807934416385e+01,3.053390224289751131e+01,2.950173423383540694e+01,2.949034076007268368e+01,3.054844763173576894e+01,3.057140920664835448e+01,2.908252275521363117e+01
2.935824364750413906e+01,3.027758728145340683e+01,3.048090089694665039e+01,2.954251797307802008e+01,2.995098486084941669e+01,2.989864869734725517e+01,3.278901241383414344e+01,3.461230509019031842e+01,3.495569598683897539e+01,3.350679078216421658e+01,2.992278707858326925e+01,2.934208008845030236e+01,2.938472336424655396e+01,3.016356712375500138e+01,3.242784493944378710e+01,3.307253907243989488e+01,3.418686288517392313e+01,3.315138617514611497e+01,3.051911409418113408e+01,3.030739029823439523e+01,2.914811946241201213e+01,2.985274218015376846e+01,3.037727527170039821e+01,2.985549666020148152e+01
2.909477426839038117e+01,2.869641839688301843e+01,2.906107086052361410e+01,2.986327465680233217e+01,2.948273909589545383e+01,3.002528836697263159e+01,3.286946542826660789e+01,3.498497744790353181e+01,3.474058316449213635e+01,3.359806673102713148e+01,3.033661632202364444e+01,3.075135391607830115e+01,2.990431150097430191e+01,3.112882670153641129e+01,3.314974141386875317e+01,3.401667996445013387e+01,3.440226128842670050e+01,3.409635302139889745e+01,3.214873413382633771e+01,3.071562399814314404e+01,2.984272118370557791e+01,2.941125383966561913e+01,2.939409935558580855e+01,3.088448024274060799e+01
2.987097957269190829e+01,2.997487058347672928e+01,2.897695812080689848e+01,3.114631243649859016e+01,3.192562674120893007e+01,3.247605149969052718e+01,3.294560091469389818e+01,3.463180986096654124e+01,3.340390800800832949e+01,3.436232575716957172e+01,3.175552591908342492e+01,3.169738463656250360e+01,2.930664551412411356e+01,3.138441309043537331e+01,3.172946444169372171e+01,3.468804378499180530e+01,3.342918386174682155e+01,3.411329064677732958e+01,3.104107309184826136e+01,3.113650089269992804e+01,3.002201676516352791e+01,3.128467652872569715e+01,2.965141537545827077e+01,3.007743789511368959e+01
3.016415816865264787e+01,2.881910260298974435e+01,3.134063025060606833e+01,3.143096394045289799e+01,3.262476642457664866e+01,3.362164704100422341e+01,3.393475361652855327e+01,3.304250728120433678e+01,3.407149696377183545e+01,3.344339097172286301e+01,3.338020550708853307e+01,3.217582040176392866e+01,3.243118754847193941e+01,3.126778347319253726e+01,3.223781574990448462e+01,3.291164075488597973e+01,3.393845732125311088e+01,3.376317160701842113e+01,3.314364365335501361e+01,3.172898807277823607e+01,3.066961276111226198e+01,2.989916322656353032e+01,2.958524360563569644e+01,2.933129941237405092e+01
3.104407542099602324e+01,3.297591067369427265e+01,3.315828145313685127e+01,3.408516067917958026e+01,3.266215972122506628e+01,3.353965030759673027e+01,3.320171146735935963e+01,3.385476322448482733e+01,3.474358466992356398e+01,3.427706598919320413e+01,3.362779442628664128e+01,3.368999335928037908e+01,3.331414874926662151e+01,3.231946246907523346e+01,3.373823227819173098e+01,3.312126174906399001e+01,3.400227238563746823e+01,3.298233581481036936e+01,3.366408211332753808e+01,3.362828748685933533e+01,3.289838809337373959e+01,3.026459592028152201e+01,3.052896566469837580e+01,3.083481743000675124e+01
3.175001964307682556e+01,3.375789165939158920e+01,3.392694129782785240e+01,3.405938257169026429e+01,3.405932204928205920e+01,3.393194746418328123e+01,3.419857014328295008e+01,3.497936391531578693e+01,3.430921918981232466e+01,3.379802762239762615e+01,3.346765443914893012e+01,3.360404386841020141e+01,3.349757865425601722e+01,3.432115636368973810e+01,3.386062076385371711e+01,3.360798418997399040e+01,3.348574338827108932e+01,3.467007017442017514e+01,3.406406981996786953e+01,3.381384845955761875e+01,3.319932093945379847e+01,3.195329580969911376e+01,3.112396985209414879e+01,3.027781837391080444e+01
3.200796424161239884e+01,3.390049166003581149e+01,3.333351559342855808e+01,3.418726236408826935e+01,3.304804416874077333e+01,3.300756137449889138e+01,3.221282926593374896e+01,3.334762030330813332e+01,3.265331932728247466e+01,3.446299321986441555e+01,3.253511586934899924e+01,3.309171018614085824e+01,3.357802005909491072e+01,3.422868485924612969e+01,3.395181759372735542e+01,3.393057728033380727e+01,3.412337017062520772e+01,3.423182560160654475e+01,3.401365516994565041e+01,3.391878252779576997e+01,3.268244062626797586e+01,3.259397827373504697e+01,3.029764102301993489e+01,3.122757000108441616e+01
3.381808905836953727e+01,3.269225373400701073e+01,3.399239276269696575e+01,3.280731540951569514e+01,3.250577995038543122e+01,3.201237961537532328e+01,3.225294575476891623e+01,3.098944097326727842e+01,3.227743375174128460e+01,3.293965728205108690e+01,3.297200655609589148e+01,3.182994646230037006e+01,3.285551940430048035e+01,3.396488502034515022e+01,3.430330421123176166e+01,3.354495497680505878e+01,3.257303003954979204e+01,3.217004486327596169e+01,3.361148846039077398e+01,3.378139820533880311e+01,3.306519678511597249e+01,3.139212934827025947e+01,3.053876844414270408e+01,3.014639775905766328e+01
3.316421279043288450e+01,3.408864026333071706e+01,3.402160795698870288e+01,3.369071651336810191e+01,3.313866924416311122e+01,3.226684210854824642e+01,3.104098382642979459e+01,3.254141047779279461e+01,3.233359656788002212e+01,3.328795664071549254e+01,3.146901440113344961e+01,3.182806270731174436e+01,3.416814174737686471e+01,3.427245778939084175e+01,3.351637619713000049e+01,3.299899674604142774e+01,3.285100616780232485e+01,3.377667556051312658e+01,3.299655599860187749e+01,3.370972616344556627e+01,3.388866678552562917e+01,3.199408232368824656e+01,3.270964762057275266e+01,3.153800674256012826e+01
3.302397896008176303e+01,3.465078243566944138e+01,3.285517375076483404e+01,3.309101035802467550e+01,3.325726238309118798e+01,3.178593310977396413e+01,3.218492517382782125e+01,3.334027580683613223e+01,3.218473728266229728e+01,3.233720208657672401e+01,3.268618353364149698e+01,3.333688933257946019e+01,3.342492996432304153e+01,3.413669405031453152e+01,3.333978961956688636e+01,3.408675258360347016e+01,3.126560569163854097e+01,3.225155652737441869e+01,3.260270150215217200e+01,3.306479857354202068e+01,3.363506114690790127e+01,3.333551150792732187e+01,3.467352366288361054e+01,3.273650013449906737e+01
