2.472998601635077875e+01,2.599520147271618953e+01,2.504243994628660630e+01,2.516455007008488565e+01,2.560041973760399969e+01,2.520802604309824346e+01,2.471044199443525713e+01,2.498521396079024726e+01,2.566285904654381511e+01,2.593620825870277713e+01,2.367616146721928772e+01,2.328034120976633403e+01,2.463638805306857194e+01,2.516230022546204736e+01,2.582499706390456140e+01,2.537841347525983338e+01,2.639402334055773736e+01,2.484417620937472293e+01,2.547537159958903885e+01,2.430667444906464425e+01,2.760675543590951975e+01,2.670564802554389416e+01,2.521586277490308703e+01,2.526272689930226534e+01
2.534190607356271130e+01,2.350854763266022474e+01,2.379107451224570013e+01,2.557205830609746045e+01,2.656933774303109885e+01,2.557158408394229809e+01,2.477761135766843381e+01,2.453561531676746199e+01,2.421364227789700863e+01,2.558094299104072888e+01,2.517660310531459800e+01,2.364414787489789660e+01,2.427577790416188463e+01,2.352250990014113086e+01,2.307391340623348697e+01,2.415267358820722166e+01,2.470906349236486221e+01,2.619135115801486791e+01,2.487749086063570303e+01,2.525661245793872922e+01,2.596782174593857917e+01,2.688372958523962097e+01,2.478348859171023832e+01,2.557175805186790285e+01
2.369201138309159660e+01,2.404646520270131305e+01,2.389501853420239286e+01,2.518599077182381052e+01,2.417352194856039205e+01,2.538695909573408471e+01,2.385573110974252131e+01,2.397073655346497389e+01,2.427469841532712280e+01,2.497048922066250043e+01,2.305186151832168662e+01,2.414218135159200074e+01,2.418864776689503060e+01,2.400431324417797896e+01,2.363580616386389011e+01,2.364671139088795826e+01,2.361503867449084737e+01,2.338799736476596536e+01,2.400618263904760852e+01,2.482316761998612265e+01,2.500603703378232012e+01,2.385970798560543926e+01,2.537905665741209305e+01,2.474044600360139157e+01
2.532087636352417803e+01,2.364482189445112681e+01,2.620373491706715186e+01,2.532095596689578088e+01,2.393846512766714341e+01,2.374345700895867139e+01,2.494009347229393825e+01,2.389746986220330882e+01,2.374842625877579394e+01,2.397738045436301491e+01,2.292345106525743859e+01,2.474973629089362248e+01,2.332258061382992764e+01,2.352484300522610283e+01,2.320532948005876506e+01,2.275351944012845706e+01,2.439483745405595982e+01,2.397672397519318110e+01,2.313645271348980259e+01,2.439044403411429585e+01,2.398296557912658500e+01,2.415211743085291118e+01,2.383293087621825634e+01,2.616841564612229831e+01
2.582171545231005894e+01,2.570241089204182572e+01,2.533971950892259883e+01,2.589533781311018856e+01,2.476241783121878370e+01,2.507700074381614286e+01,2.524680427664043236e+01,2.512491181900946913e+01,2.463273524363518163e+01,2.472313629654854594e+01,2.618668170580667720e+01,2.471202537403559063e+01,2.512714401553347443e+01,2.462755380593978316e+01,2.367243567307781404e+01,2.357029444961557374e+01,2.410626122359144574e+01,2.435363512648456208e+01,2.395482176548739517e+01,2.357201945115451736e+01,2.346857063749195049e+01,2.515390797271186329e+01,2.358181942302894640e+01,2.518409076646520361e+01
2.630866015267338298e+01,2.582869702454001981e+01,2.534568371435642575e+01,2.621346096979453932e+01,2.552730311916212713e+01,2.508928497539181990e+01,2.504309798774073670e+01,2.686258988049780783e+01,2.491835003620860789e+01,2.568342515992219433e+01,2.536676305853262647e+01,2.361484424345246680e+01,2.440893902475573896e+01,2.457269641100907620e+01,2.480881834654587692e+01,2.530479598426279608e+01,2.473636080623589351e+01,2.430237716748689536e+01,2.460258651140912889e+01,2.476002092430161383e+01,2.406823677473175849e+01,2.454700042294041396e+01,2.351301310027656655e+01,2.482061869728340753e+01
2.490137844044761550e+01,2.542383418377727367e+01,2.555688248745479996e+01,2.500498756883087026e+01,2.502714429342955782e+01,2.550727556087832681e+01,2.672522815714012268e+01,2.527462116402978154e+01,2.538872575415138044e+01,2.579885109486821193e+01,2.589236792661438358e+01,2.572231271496298177e+01,2.500298011265567766e+01,2.577360906246599370e+01,2.545176444363494284e+01,2.470366145301164806e+01,2.512550933468520498e+01,2.605710920126603014e+01,2.525585302202034654e+01,2.464625485044632569e+01,2.529449241408497073e+01,2.511804064392208602e+01,2.492741539796833194e+01,2.457281074535671905e+01
2.413337703984353766e+01,2.551953340501285084e+01,2.617638945952921858e+01,2.535334545261986250e+01,2.592345587578830646e+01,2.580046771665291772e+01,2.614179071548437605e+01,2.576712739854150414e+01,2.576929457860643424e+01,2.538402541768789433e+01,2.592999158347157618e+01,2.533120141149197480e+01,2.590078151782563509e+01,2.586564911821039914e+01,2.521090326741835952e+01,2.535271129044770078e+01,2.589793019407164820e+01,2.564679574630582692e+01,2.561358338610631336e+01,2.574492937985928620e+01,2.488458859263204204e+01,2.447137281197990433e+01,2.513294849633552985e+01,2.515699539202273627e+01
2.601219766840597458e+01,2.507700074381614286e+01,2.598745183772263090e+01,2.516936561654603111e+01,2.681640968719744933e+01,2.632294660927789209e+01,2.602611369525141072e+01,2.591401755059649759e+01,2.547748833479334962e+01,2.608313343165315246e+01,2.564251615512392846e+01,2.553157455712653245e+01,2.625054844482218641e+01,2.543425248066091626e+01,2.548871412196899655e+01,2.692816670545732904e+01,2.499280308189423749e+01,2.573912863969115961e+01,2.544226633534537996e+01,2.638226922982732958e+01,2.597107327369644736e+01,2.619547595244995364e+01,2.661760335981534809e+01,2.573546074486341695e+01
2.534615441853173934e+01,2.475681815288402277e+01,2.592890690126040454e+01,2.555543241656937425e+01,2.555868393050155873e+01,2.533498099275942650e+01,2.521195567095435308e+01,2.642927429102599035e+01,2.549573103623356474e+01,2.600506933172147228e+01,2.576609566452390254e+01,2.586938582075924842e+01,2.559697839166358335e+01,2.620234502325808990e+01,2.556395100469148929e+01,2.569029162550930323e+01,2.501451198395295705e+01,2.566635442836320635e+01,2.664093407736311292e+01,2.532677391205442063e+01,2.596581528322275290e+01,2.641957845535148408e+01,2.648126297994616607e+01,2.643008897461800188e+01
2.367948220545366667e+01,2.480649459300741455e+01,2.586554003921042977e+01,2.499843756459006272e+01,2.443198285419293825e+01,2.521278266413440861e+01,2.471529656203858849e+01,2.515069793263182873e+01,2.527275761437829260e+01,2.513703546448164161e+01,2.556772051980482274e+01,2.471939527877276532e+01,2.492868162999570814e+01,2.459740759605944049e+01,2.549489920696498757e+01,2.551113328243752676e+01,2.521654385914439445e+01,2.572685128888542749e+01,2.536061274324077885e+01,2.482213314564137363e+01,2.585822458116030020e+01,2.657986478642203565e+01,2.566447247113478625e+01,2.477469371436853862e+01
2.431484190288546188e+01,2.459340390311064084e+01,2.486728201872671207e+01,2.457372923494392580e+01,2.520070034741098652e+01,2.557731401625227363e+01,2.468390252793381023e+01,2.521902609786798166e+01,2.525811222479677554e+01,2.437766130625544747e+01,2.504497896602583751e+01,2.451726147212451679e+01,2.514210408196890967e+01,2.562776109554573623e+01,2.579703988214816945e+01,2.489023813285530196e+01,2.613462361637908771e+01,2.537195126411040746e+01,2.615210804100235009e+01,2.575130219856941949e+01,2.595823894024039191e+01,2.627330279003518854e+01,2.696937751448035669e+01,2.571002620889578338e+01
2.567791534375675155e+01,2.462884155754716176e+01,2.480285126693183884e+01,2.453088097974608672e+01,2.539379389503483253e+01,2.551977392005591128e+01,2.463972339601747308e+01,2.544250386423391319e+01,2.524768668734407129e+01,2.532218456990119648e+01,2.514084594370291370e+01,2.470719816675062930e+01,2.522273920102657030e+01,2.509868363669170321e+01,2.533046143749936618e+01,2.487906947775843491e+01,2.509786343637046002e+01,2.514421029742260316e+01,2.598848381652845774e+01,2.552527208643647327e+01,2.582578597844923252e+01,2.619957450440711000e+01,2.534143017747521753e+01,2.507499074289927421e+01
2.517749487907769890e+01,2.497651088063804536e+01,2.429947744464175230e+01,2.501127751046385583e+01,2.506305016893901438e+01,2.518895010347773677e+01,2.433818710745987346e+01,2.557216736052578199e+01,2.478152340891693939e+01,2.473789994188820174e+01,2.443455106034076607e+01,2.473064025809151190e+01,2.419017401551241164e+01,2.580844215293973321e+01,2.544065819831587305e+01,2.574448852940037114e+01,2.469662526894143184e+01,2.579249821554475375e+01,2.535951448521927887e+01,2.528070427798672881e+01,2.565931713940841519e+01,2.574381833809604814e+01,2.458428832809761388e+01,2.526112843335448588e+01
2.398060455621998699e+01,2.466887286000303448e+01,2.363208261992588177e+01,2.504077889132560131e+01,2.528812723970594334e+01,2.516470466289212027e+01,2.508916748632134386e+01,2.498134101531604756e+01,2.478034801716495394e+01,2.534766355168738983e+01,2.491920890734769500e+01,2.459042997997164548e+01,2.390311498382527589e+01,2.410214409727672091e+01,2.426588495706499771e+01,2.409862846670807812e+01,2.467062998856550848e+01,2.522705369126487085e+01,2.508671770608407314e+01,2.577544649020876477e+01,2.494090419396843572e+01,2.566782228416053613e+01,2.473163156590197786e+01,2.479166364175284798e+01
2.453420901979319524e+01,2.436534407806129821e+01,2.382618221895000943e+01,2.532130931461722412e+01,2.527746766575785387e+01,2.524637543650777616e+01,2.460198694337174175e+01,2.391446362557661587e+01,2.497770836162004571e+01,2.425832587767507675e+01,2.506913950814850978e+01,2.505378153339006531e+01,2.465783867105329819e+01,2.475126794642085315e+01,2.518738598813143881e+01,2.515655372889426644e+01,2.453299420571636347e+01,2.467999443355347466e+01,2.482233806990643643e+01,2.542164930672316814e+01,2.443435152499949936e+01,2.581101157588426531e+01,2.485019447212090427e+01,2.560649039577782560e+01
2.477255921650606751e+01,2.316011737921905933e+01,2.578577347790883323e+01,2.475871018273426216e+01,2.545012947414392102e+01,2.444012718424795594e+01,2.457026154867838841e+01,2.478237612218470076e+01,2.501876749093838725e+01,2.441490359042603586e+01,2.557074760500557886e+01,2.430453742620653657e+01,2.519802947583121977e+01,2.447241323823584480e+01,2.490138475400351581e+01,2.494898840364032822e+01,2.504458973454126181e+01,2.475123021979896976e+01,2.485962281575694988e+01,2.558973998559844176e+01,2.611693483932879190e+01,2.508382817173082913e+01,2.630945535327117568e+01,2.498707170069116046e+01
2.456053237277041035e+01,2.438168423626660797e+01,2.475497776142350403e+01,2.545669862679488915e+01,2.425753814561255695e+01,2.492222431517774339e+01,2.406070965519847960e+01,2.408087973439489815e+01,2.407031848050070266e+01,2.520744018906628980e+01,2.459104082394571833e+01,2.504081689294974922e+01,2.487139393767103002e+01,2.466088205609781880e+01,2.489290601256868740e+01,2.497210261560280742e+01,2.494395201059387546e+01,2.567517744422752912e+01,2.550559069116729916e+01,2.494023478130702642e+01,2.449339876794971360e+01,2.578838733741105216e+01,2.479342465196805279e+01,2.567476836811601970e+01
2.359902890560846345e+01,2.349827212487394945e+01,2.474161229043488675e+01,2.478954989278150833e+01,2.491217111569500275e+01,2.462657629801481107e+01,2.389626125049676375e+01,2.413473376047909369e+01,2.367294978844302022e+01,2.441945344293662856e+01,2.526477114217527742e+01,2.462462010827726999e+01,2.515993105537728525e+01,2.433375892980399158e+01,2.462195952617395278e+01,2.448416111386114835e+01,2.497267948743996158e+01,2.513029327396259305e+01,2.464389182079651164e+01,2.529592335906130529e+01,2.492186139781375687e+01,2.566317875924676173e+01,2.438494640649690837e+01,2.518441985421225127e+01
2.467303797567802803e+01,2.414544273000149133e+01,2.364563760931071101e+01,2.422637937812851305e+01,2.477343156638244182e+01,2.532689892389754505e+01,2.387265959931255566e+01,2.405061062410692330e+01,2.424048984451161459e+01,2.419215049797213624e+01,2.463132636991917934e+01,2.478187883013930559e+01,2.412882394906870331e+01,2.474278100473986797e+01,2.507469231572167701e+01,2.469558019632995638e+01,2.477193688184036091e+01,2.454571427640155434e+01,2.432972506699337600e+01,2.516172594239753835e+01,2.529889868526743157e+01,2.577954702590130864e+01,2.570788782019178598e+01,2.573378129821526272e+01
2.377203547086980961e+01,2.412349845860234154e+01,2.520949406534538184e+01,2.491594666613247000e+01,2.341894296227832228e+01,2.461538987835092485e+01,2.432862111029203334e+01,2.404321740726379630e+01,2.479330375176067491e+01,2.436622249293134246e+01,2.394854151757039062e+01,2.418021847848444850e+01,2.390729915176723352e+01,2.465590024648065537e+01,2.443500118218639727e+01,2.548534265007549493e+01,2.518525165925933607e+01,2.541675672298129030e+01,2.568215926339473754e+01,2.555766291478687435e+01,2.757353303343421658e+01,2.690450608637428331e+01,2.581807632878360437e+01,2.513161804833305268e+01
2.429117691253316025e+01,2.371343788169104982e+01,2.341563239185893508e+01,2.456109128208595394e+01,2.467243162171479298e+01,2.465715185169710821e+01,2.421005354169579959e+01,2.573419404984912262e+01,2.446419148522829801e+01,2.439429144908064018e+01,2.411188125921773917e+01,2.475650544556469868e+01,2.461612523742496705e+01,2.506507165990262820e+01,2.414858875029341334e+01,2.525649460652277867e+01,2.453072709215371106e+01,2.512842838948807866e+01,2.557769220510493824e+01,2.634211716694727556e+01,2.667494941294012278e+01,2.623785505086357261e+01,2.608796244091576000e+01,2.682386950279646953e+01
2.405272906257323484e+01,2.401278504884277254e+01,2.413117423178920262e+01,2.323828782074195942e+01,2.430009354196852200e+01,2.415852322148060694e+01,2.445453284192524279e+01,2.375701809406757548e+01,2.371978890455750388e+01,2.356806376763904609e+01,2.438748520506976547e+01,2.353415518317018496e+01,2.363682042757068302e+01,2.453898167413859710e+01,2.468418201127309430e+01,2.438197709453481821e+01,2.384161467024154035e+01,2.441587592918961036e+01,2.500810609572812382e+01,2.521535373531645519e+01,2.672714510932831899e+01,2.659001124543726746e+01,2.696638291388632069e+01,2.833678785446687698e+01
2.537715233438831319e+01,2.395460810248152939e+01,2.438458965812634460e+01,2.443403037722163162e+01,2.529856955927925810e+01,2.378992779818588588e+01,2.480796536941079466e+01,2.567642448456825832e+01,2.505881617308506293e+01,2.375824075388584333e+01,2.578894474248710367e+01,2.468094918437896013e+01,2.411252001550354862e+01,2.468004119655353179e+01,2.465130683865118044e+01,2.441923186998280926e+01,2.396162603566682492e+01,2.370501014966197317e+01,2.606071356151215923e+01,2.585777399690414313e+01,2.610146020881825280e+01,2.842253074083811271e+01,2.855185127078084406e+01,2.948175154303800127e+01
2.500152512600300270e+01,2.428561399993998293e+01,2.477729091808561179e+01,2.465721461780992740e+01,2.407222447522298125e+01,2.490642577287616177e+01,2.513096086190051892e+01,2.423291653119969169e+01,2.527868910171520156e+01,2.529967133253688871e+01,2.464942373122545405e+01,2.413652693046634568e+01,2.425745037785389968e+01,2.413959164633928367e+01,2.462235301507911345e+01,2.552631883416557912e+01,2.479986114367068240e+01,2.592045633386260306e+01,2.534222780709217204e+01,2.496872081341746252e+01,2.869205086999193099e+01,2.998545846246076962e+01,2.981268898062734252e+01,3.101483563279873579e+01
2.367501078084023902e+01,2.459747897320238508e+01,2.628295516687387590e+01,2.606828435545628508e+01,2.544760504162996995e+01,2.505856311332303221e+01,2.420896478003328411e+01,2.524389278239448231e+01,2.460473142848491079e+01,2.421218723448049559e+01,2.463004074964152323e+01,2.580182242728955089e+01,2.564963446321183937e+01,2.576478340646883680e+01,2.469981736404815820e+01,2.531832730991868630e+01,2.360612952480528293e+01,2.548725523076149102e+01,2.561386075544032792e+01,2.642646449227567018e+01,2.915312836339847991e+01,2.978185009673990180e+01,2.959848924870743758e+01,3.071341563721887269e+01
2.472891496785234722e+01,2.323636540084794433e+01,2.476386999088117591e+01,2.419292374824055969e+01,2.413962458792161669e+01,2.480177209863563803e+01,2.457453552812870612e+01,2.558775791733137339e+01,2.431537926031705865e+01,2.548437989765506018e+01,2.342297687382654203e+01,2.455455012658205760e+01,2.498780368795422646e+01,2.479545654613406214e+01,2.502907216289304415e+01,2.466522032704853018e+01,2.456222030407280954e+01,2.508992758716414073e+01,2.564810886988919947e+01,2.662901760122281303e+01,2.944772249933862440e+01,2.904943959580748469e+01,2.976643272166438692e+01,2.968912391613912405e+01
2.393385516708349314e+01,2.614909055570490182e+01,2.631602652269475584e+01,2.547828686945638310e+01,2.422878058705964577e+01,2.546397278982152557e+01,2.549400877529461695e+01,2.507741824521730223e+01,2.529371195798279359e+01,2.542856277519467767e+01,2.424405234817487553e+01,2.445333311484938577e+01,2.410402045211782251e+01,2.390291051058477478e+01,2.448819557692172566e+01,2.463644563078668170e+01,2.539848523067598762e+01,2.516415784394166621e+01,2.653001268555738079e+01,2.745818540521389650e+01,2.934552575364466520e+01,3.027796587468236567e+01,3.004916150458302582e+01,2.986850305725971566e+01
2.452304787533660146e+01,2.442377983123714102e+01,2.507106357936936547e+01,2.449415177642970320e+01,2.593866368443690362e+01,2.454045201982557955e+01,2.628136543369379297e+01,2.530551727948522966e+01,2.433534554841429554e+01,2.457136182113652012e+01,2.544501789121864022e+01,2.492194316064365012e+01,2.650178057895755046e+01,2.556038574674704478e+01,2.671602153831940996e+01,2.576643234336199839e+01,2.609945909634853933e+01,2.647462180474906290e+01,2.573987118322031620e+01,2.629625253919863326e+01,2.714697520429518818e+01,2.753008327311692938e+01,2.861895933398687930e+01,2.679813909628319379e+01
2.496419898670421844e+01,2.377187444239712022e+01,2.466967468574938493e+01,2.562356211607408341e+01,2.500512611514938044e+01,2.568209069867913286e+01,2.459206533680702478e+01,2.460579343542309516e+01,2.446046985528693085e+01,2.622339136160462658e+01,2.476657711633572490e+01,2.758954220028704185e+01,2.736395331120399987e+01,2.671521872171939549e+01,2.519657332593038745e+01,2.548985744649877461e+01,2.552161502258053360e+01,2.580829800178162259e+01,2.558142075315652164e+01,2.667682172576900257e+01,2.640884439892755609e+01,2.690135502110348398e+01,2.726893349716891635e+01,2.742914983959127539e+01
2.428940556305752807e+01,2.464059256091024963e+01,2.513409522418584174e+01,2.371238569869262847e+01,2.527547150869690995e+01,2.560259190709069799e+01,2.560696766685128978e+01,2.567381891667122318e+01,2.536275230212407905e+01,2.560290613265783577e+01,2.513641021660453134e+01,2.536241521310671487e+01,2.563400386447074197e+01,2.564157410538012982e+01,2.554149678662389533e+01,2.614744162030382313e+01,2.524691280565610896e+01,2.525183921280967070e+01,2.602935255025982997e+01,2.599581655099757427e+01,2.626044745899952204e+01,2.664380656958314830e+01,2.713839236371876495e+01,2.668451589772098487e+01
2.553148045580320513e+01,2.583839549360931187e+01,2.474312700467203285e+01,2.512243883554407375e+01,2.591625094495930171e+01,2.569167554396233299e+01,2.664139995571321151e+01,2.595446238588817778e+01,2.464877278567985286e+01,2.509223663887672728e+01,2.561779478626044693e+01,2.534112062370257945e+01,2.598224863589808820e+01,2.677338150189552834e+01,2.629691737074216462e+01,2.565350726567658057e+01,2.670751059484393863e+01,2.690375103921741129e+01,2.699909687310196205e+01,2.779159588901916322e+01,2.540584591297238148e+01,2.674917251674844465e+01,2.730173895136130113e+01,2.729629422525414384e+01
