2.418703976120582411e+01,2.483343490065703918e+01,2.430211886523159137e+01,2.613676741169848583e+01,2.441215549413317376e+01,2.492551805001721732e+01,2.382334949271887581e+01,2.589236336357430446e+01,2.367290036449793433e+01,2.432497683966948898e+01,2.490367382337058189e+01,2.552556041955654109e+01,2.539722697738017132e+01,2.424747828202293931e+01,2.501229683207560583e+01,2.558708963598132868e+01,2.579531123704344964e+01,2.573627631756289702e+01,2.578945348923792835e+01,2.637275367781455770e+01,2.579732951166772636e+01,2.596820142725624692e+01,2.653310580182107969e+01,2.648774034675346911e+01
2.554729810105948218e+01,2.624457607062220177e+01,2.476852766098829761e+01,2.487933260493065291e+01,2.555935192941609557e+01,2.370208224924664364e+01,2.521211326754507809e+01,2.346203270846285704e+01,2.533409807243208434e+01,2.385577376727502497e+01,2.494098318138492232e+01,2.483219767591236860e+01,2.447971819549240990e+01,2.491232058848368069e+01,2.459643646021891072e+01,2.468413342298418911e+01,2.601445983207270274e+01,2.429780493963914978e+01,2.508218302646002940e+01,2.490034480627736002e+01,2.640348914199864794e+01,2.580920434212447390e+01,2.547570655777087723e+01,2.613860352308540769e+01
2.373961178415129325e+01,2.451070021382798814e+01,2.470130749011377702e+01,2.466401444833059031e+01,2.517666010330475501e+01,2.536448338153030591e+01,2.416412746462407313e+01,2.548326067731193234e+01,2.436578807354874243e+01,2.474792330717087907e+01,2.504766150438183558e+01,2.350993993168725638e+01,2.366260063326569707e+01,2.441861196189478278e+01,2.373921422604081499e+01,2.447500229115252068e+01,2.263758787329203415e+01,2.402527091030572137e+01,2.345762462251803981e+01,2.460342962874051409e+01,2.531827469658679775e+01,2.497928978235586328e+01,2.452222456682602569e+01,2.566600630847796083e+01
2.347025840553487797e+01,2.420789663458202767e+01,2.449762979578315480e+01,2.422332240479835264e+01,2.506097462077735827e+01,2.518080955582615843e+01,2.492312230708739662e+01,2.507474758869403786e+01,2.500655703568855870e+01,2.491459716928704893e+01,2.478887369608725066e+01,2.382824097720384771e+01,2.494597318704802547e+01,2.403913686178071885e+01,2.485072713086179874e+01,2.430265138905110689e+01,2.335353258118954045e+01,2.490978263856339936e+01,2.462114690204981571e+01,2.513053406737839168e+01,2.527886067966596784e+01,2.512982888491029598e+01,2.472968959873520589e+01,2.558216518237230730e+01
2.565227239872803011e+01,2.427150074810833758e+01,2.564488419641674000e+01,2.652811256993010147e+01,2.442682602323412766e+01,2.507011170047752557e+01,2.515406993939012636e+01,2.454001632583896253e+01,2.454915810765777451e+01,2.511824347349801201e+01,2.552721838121004794e+01,2.491560111639711295e+01,2.427960785011947564e+01,2.559368055977552103e+01,2.493248892066696953e+01,2.472910603617089009e+01,2.441496058547824077e+01,2.377992120470810278e+01,2.366591989977382582e+01,2.518146931045538395e+01,2.419758883230281299e+01,2.432964440041973830e+01,2.411270835036134486e+01,2.453954883495538297e+01
2.604440005936697844e+01,2.544631050156220908e+01,2.663975776062625300e+01,2.501468474314589230e+01,2.552155293339387754e+01,2.559895712172965432e+01,2.645304355850430511e+01,2.578569525464246226e+01,2.609031790237145287e+01,2.579734957474653356e+01,2.537886695608358423e+01,2.335574326058468841e+01,2.592687350088573339e+01,2.525709087236407413e+01,2.444163948205471115e+01,2.448160651642501762e+01,2.589024225579379390e+01,2.480770643244164830e+01,2.519539969311006189e+01,2.409321066420375246e+01,2.467277289353461356e+01,2.526299232703956932e+01,2.500605376878610286e+01,2.449843177078895451e+01
2.589418230150357658e+01,2.495252174243478294e+01,2.435583257924577083e+01,2.583574021456297487e+01,2.573924198331917523e+01,2.650516913752801429e+01,2.529299087789701161e+01,2.642816298898958394e+01,2.531557689095620844e+01,2.562754834171676066e+01,2.508907253078393751e+01,2.592390688580525193e+01,2.438335144249174391e+01,2.542881585316655446e+01,2.466225535309234829e+01,2.582002623784433126e+01,2.505844539390733416e+01,2.495884106006980119e+01,2.556266584938759934e+01,2.523316474108355578e+01,2.404776436956785801e+01,2.532732962442338476e+01,2.379351982558841883e+01,2.437154065889779986e+01
2.456183152524636171e+01,2.604140278749110848e+01,2.552963768626193541e+01,2.419465892415581720e+01,2.513064105852873809e+01,2.552274661084737772e+01,2.614979540137039749e+01,2.550422385460257146e+01,2.633846412385787517e+01,2.495028287973298120e+01,2.540239251581766666e+01,2.581786121152191527e+01,2.591825679162622009e+01,2.490097021108886111e+01,2.613893598174922772e+01,2.602091598385595717e+01,2.573237639203142635e+01,2.522117871488666196e+01,2.525431704409010081e+01,2.511715818376978859e+01,2.528050872324416787e+01,2.613364598150553775e+01,2.452443878922935028e+01,2.486576507560738492e+01
2.567837631670954579e+01,2.507011170047752557e+01,2.469413094009320275e+01,2.556684805980330566e+01,2.560314985729957016e+01,2.596202308248774671e+01,2.540204174520619063e+01,2.666134684236732255e+01,2.560003829643108020e+01,2.574945178822110847e+01,2.576934678287506131e+01,2.608023977486880085e+01,2.534272520888652025e+01,2.580910508733325059e+01,2.631623641836483785e+01,2.556389504305906257e+01,2.651704889336957649e+01,2.611594331976846206e+01,2.557048788408462769e+01,2.693757984239914549e+01,2.591117732434844356e+01,2.603455594780376714e+01,2.596117638631494628e+01,2.555626633316092011e+01
2.512165449294656128e+01,2.506419417508215020e+01,2.493419058279414458e+01,2.546960951168915699e+01,2.519597960620995991e+01,2.655878555854678780e+01,2.522970764821451439e+01,2.476415368501653802e+01,2.605026495516187879e+01,2.630913544710966789e+01,2.508503975021557153e+01,2.494892744159915310e+01,2.562479774209367633e+01,2.548728116301583668e+01,2.695806740983101690e+01,2.599626932697015036e+01,2.486681105959320348e+01,2.580107134153013249e+01,2.542672481489586289e+01,2.563570071617289159e+01,2.634841891507596756e+01,2.581730031178807394e+01,2.611597944355759182e+01,2.502506394107683718e+01
2.482362765637225266e+01,2.521236409601050354e+01,2.459214177842176241e+01,2.539414511905397376e+01,2.511664623423138210e+01,2.652518106981517576e+01,2.501855836593881577e+01,2.500173233519285532e+01,2.557471551533171805e+01,2.673044149731646257e+01,2.552472386308926389e+01,2.526749205865536396e+01,2.506030416171148545e+01,2.600085266722680899e+01,2.596836292540945124e+01,2.588303486245860086e+01,2.482399682266878926e+01,2.575563974067347317e+01,2.514064174426715681e+01,2.555483959515265724e+01,2.598310366961680984e+01,2.660393113942274113e+01,2.559704439928316333e+01,2.593364925662655196e+01
2.451747376604134843e+01,2.409151751577337564e+01,2.467522997161148623e+01,2.410993980344693455e+01,2.540070741970924928e+01,2.496082639450395391e+01,2.542802738047572575e+01,2.462664978392825788e+01,2.510628664767159535e+01,2.520787267033216494e+01,2.593085944833552503e+01,2.448088315605662046e+01,2.500153366019719670e+01,2.576496985924950422e+01,2.531344930528558734e+01,2.553790367428456420e+01,2.530891986681257322e+01,2.499272477382663737e+01,2.704997466923481397e+01,2.623604472725560299e+01,2.668746286092238051e+01,2.623051986852118489e+01,2.550834694058863761e+01,2.528239136783264485e+01
2.440275000686693829e+01,2.424730578682624582e+01,2.415820312220239430e+01,2.491872028885279633e+01,2.496672572726907902e+01,2.625537816004259639e+01,2.476813577468504946e+01,2.529879293582303035e+01,2.520558663202552907e+01,2.466586810626085935e+01,2.493075913666365295e+01,2.524793753328799539e+01,2.569030913384528958e+01,2.546323076530961771e+01,2.563378313157062394e+01,2.624060302622638119e+01,2.506527153778438333e+01,2.568235081934898290e+01,2.577917859044077886e+01,2.590021206170877122e+01,2.613080707017979876e+01,2.605010245570036886e+01,2.600981656347141779e+01,2.528431451664209817e+01
2.557775971586409014e+01,2.449676967980150266e+01,2.562236691891905593e+01,2.513213108593606648e+01,2.544389672491297461e+01,2.513472414684065370e+01,2.507076465465161164e+01,2.518027185077119157e+01,2.532226596682647823e+01,2.554889450010932705e+01,2.480556363123031360e+01,2.435453454225182668e+01,2.604055618198214006e+01,2.496814002182338754e+01,2.613717719777451975e+01,2.538903225675994690e+01,2.591306008846362374e+01,2.491512371938262049e+01,2.522040104513195047e+01,2.490864431947790081e+01,2.568511295883808998e+01,2.464013790646083635e+01,2.587634295965642650e+01,2.593676679595921541e+01
2.489023317952199932e+01,2.487047861874918908e+01,2.469796503516414532e+01,2.486817445686892825e+01,2.504843400839132528e+01,2.518665745682034185e+01,2.468578802494022284e+01,2.535680756806124236e+01,2.474040798614078085e+01,2.469813568753818345e+01,2.471711816911613369e+01,2.479208826002707156e+01,2.471711816911613369e+01,2.531373541454917131e+01,2.474020215475610485e+01,2.430168299875822413e+01,2.548745770389194831e+01,2.543068580168841208e+01,2.487189602954509837e+01,2.545994791016403269e+01,2.489235625434429267e+01,2.587367295633771391e+01,2.504112821447370152e+01,2.537065618585353377e+01
2.473662058531721186e+01,2.447516520039130228e+01,2.497823230014762430e+01,2.469603248913693960e+01,2.547730817494868916e+01,2.519524973585743055e+01,2.567527667763187083e+01,2.508968645979376788e+01,2.619690972833268461e+01,2.490473714967981778e+01,2.560298919566417908e+01,2.535966081388545490e+01,2.485879369245202497e+01,2.405824118381559629e+01,2.522233127123558916e+01,2.562910673224462244e+01,2.574471184260710288e+01,2.515663034033167378e+01,2.621606230263518000e+01,2.538895366811146914e+01,2.569445014679524775e+01,2.577155894641833811e+01,2.578820678455815596e+01,2.555564474908533157e+01
2.429223307598653037e+01,2.452712648650668825e+01,2.552718718568200984e+01,2.532999430906971838e+01,2.522432017601448706e+01,2.551462760106517180e+01,2.487419882442833341e+01,2.429522304979985847e+01,2.515176096617977919e+01,2.495372970927218148e+01,2.503251619786226456e+01,2.517563037911503443e+01,2.467302875978737120e+01,2.549401013195767973e+01,2.504018924770230115e+01,2.515063769327412047e+01,2.551847322484059077e+01,2.563350472777318600e+01,2.584367484819824767e+01,2.528362607030118170e+01,2.503160418870635340e+01,2.546352324364414699e+01,2.625966559487670793e+01,2.555258839092493872e+01
2.437051952706582370e+01,2.391827018240252301e+01,2.571318704021967960e+01,2.538742989642764769e+01,2.409765269412099542e+01,2.469458138551817683e+01,2.511927213803102177e+01,2.540702768774474407e+01,2.427181018801667278e+01,2.467921878557689297e+01,2.529347093981004946e+01,2.484648920430663566e+01,2.540031864394438799e+01,2.496814002182338754e+01,2.492824084094530690e+01,2.478430651318979017e+01,2.514499662778325728e+01,2.497480426012458565e+01,2.553605498512263239e+01,2.575852857201596180e+01,2.574636090867539906e+01,2.627131908460762588e+01,2.571530072806962153e+01,2.616618305096670838e+01
2.451051579953849568e+01,2.605947575713634023e+01,2.485476866679340446e+01,2.536605490112765438e+01,2.557601332793683468e+01,2.518665745682034185e+01,2.526101402128847440e+01,2.468678204783111596e+01,2.502334324937578458e+01,2.530874257981383835e+01,2.470585078104329568e+01,2.533929515385341347e+01,2.513048598068706951e+01,2.503681127267333295e+01,2.492696512073598569e+01,2.485445426524876211e+01,2.476204788496681886e+01,2.533280674917932629e+01,2.495169636731725404e+01,2.567125978209423920e+01,2.522870087659998717e+01,2.533494940393018169e+01,2.506407276584258170e+01,2.539392925715139882e+01
2.507838283314180217e+01,2.544863412483397269e+01,2.480519899270194628e+01,2.528202791854783982e+01,2.515849645067578422e+01,2.472458276292121582e+01,2.460459196616477584e+01,2.418392909586088990e+01,2.564741234920910529e+01,2.415637536912788619e+01,2.570080633248073809e+01,2.491556658021943349e+01,2.484531736210595909e+01,2.487973459714714863e+01,2.544403738636304979e+01,2.517371442536204995e+01,2.514593532960100219e+01,2.502877834381030198e+01,2.540619543433626859e+01,2.529845304192878075e+01,2.585363265487654871e+01,2.467563235689965495e+01,2.609559340998634980e+01,2.567987975392986755e+01
2.448550658473038766e+01,2.452508441456194532e+01,2.399796592126250516e+01,2.418140131337338516e+01,2.482703959686040207e+01,2.517671173512098903e+01,2.481190596847079632e+01,2.477781032225999525e+01,2.509718359319214187e+01,2.490844969462989411e+01,2.545713563456047268e+01,2.523464198012209181e+01,2.404358864097628157e+01,2.469000619243405481e+01,2.608068008221619039e+01,2.568660344029240150e+01,2.548998078609622553e+01,2.493809472101253277e+01,2.615594919149634734e+01,2.541975283312433476e+01,2.647266579045253820e+01,2.675665379375385555e+01,2.594245253587666866e+01,2.625832039431685416e+01
2.449468814626669655e+01,2.422353909394433913e+01,2.476956892892252426e+01,2.392796443220322544e+01,2.542110304440939217e+01,2.423930599523936280e+01,2.459020276607941469e+01,2.463823239797045517e+01,2.501713395333433709e+01,2.557259806787010348e+01,2.618818611281784570e+01,2.472360994166712089e+01,2.550412393450847048e+01,2.503102043114080288e+01,2.520690175006501477e+01,2.539374128039645484e+01,2.541321312855279757e+01,2.407483992125844452e+01,2.577911681631530882e+01,2.578547609849590572e+01,2.652446155135561412e+01,2.707299386554171861e+01,2.720669568910489033e+01,2.584845557755494383e+01
2.540876051136302749e+01,2.462858132034858727e+01,2.443746507828842596e+01,2.500664542897737874e+01,2.422799422641526235e+01,2.510779701128944907e+01,2.457512695087092425e+01,2.578914335816097037e+01,2.511123636001735804e+01,2.395208332930099004e+01,2.592883947044720117e+01,2.427060038677075227e+01,2.482035302493943618e+01,2.456739859178401275e+01,2.428886882574158790e+01,2.632189655624767965e+01,2.539685624162819977e+01,2.497733147682282606e+01,2.477343116357337749e+01,2.542062830159375153e+01,2.612670049104542613e+01,2.715631433064112343e+01,2.690017691852710868e+01,2.743694688732819031e+01
2.515380362471819353e+01,2.384492358562783920e+01,2.498861284148983941e+01,2.415185929961484135e+01,2.492895489764941885e+01,2.391035920945097359e+01,2.482581498665609843e+01,2.452425370042760733e+01,2.508289934452881198e+01,2.460181013224331537e+01,2.546088128257014205e+01,2.516499255459234519e+01,2.521411012452909972e+01,2.445762318498594823e+01,2.555404614997740964e+01,2.559875122781357959e+01,2.506341414978385274e+01,2.544910640813907321e+01,2.644135353586432302e+01,2.527365853561764197e+01,2.685236029886203823e+01,2.691822607030866266e+01,2.838196270218571726e+01,2.905202831230320726e+01
2.445289595712176833e+01,2.406879804517132015e+01,2.427321427150087629e+01,2.485946402690069590e+01,2.380701824809966638e+01,2.435836718215352903e+01,2.506364064064558761e+01,2.480656807830200705e+01,2.448932808478474499e+01,2.568055939268862176e+01,2.441362302539113216e+01,2.451885517275513848e+01,2.438690821526296304e+01,2.452069498612553389e+01,2.475216205389131119e+01,2.485031652630516419e+01,2.510717433093475393e+01,2.489483304094056848e+01,2.510523831954702700e+01,2.571802532892070303e+01,2.755337968505017443e+01,2.785345502610834956e+01,3.011096692209815728e+01,3.027939397257597420e+01
2.542361134312875492e+01,2.469306710001285410e+01,2.587580848643244735e+01,2.517654909766014271e+01,2.507309525894760327e+01,2.517748757180663688e+01,2.497308956322757467e+01,2.481289430311221622e+01,2.554408266582072429e+01,2.415376942714317465e+01,2.519373333439921225e+01,2.467650985892527160e+01,2.530965107787858415e+01,2.571309816485694455e+01,2.597229266617267740e+01,2.473552015514695768e+01,2.543039981767861946e+01,2.508215405745346516e+01,2.581674838109273651e+01,2.673422685942358612e+01,2.862514001501494931e+01,2.972154451667398689e+01,2.998373364686261766e+01,3.120217795273322281e+01
2.457786614602355257e+01,2.547577095173954831e+01,2.464201016645773734e+01,2.524346497997959204e+01,2.383525888090099443e+01,2.440369017692773923e+01,2.605371756942383854e+01,2.520996246076452962e+01,2.539343900872773929e+01,2.530503795650651000e+01,2.504868134807179558e+01,2.457092321673815150e+01,2.492305844346367394e+01,2.610321072168738965e+01,2.570567192474544527e+01,2.615952955098038046e+01,2.505792639665020261e+01,2.678259057902778295e+01,2.937103969024173011e+01,3.078773107871973025e+01,3.031864270164220443e+01,3.059384148810545412e+01,3.084766195088224094e+01,3.166079050134328554e+01
2.390182149991591132e+01,2.485067745045586207e+01,2.565398799764875548e+01,2.493235388722763446e+01,2.443482749745862748e+01,2.436196220280322677e+01,2.510551772120675196e+01,2.480121572728984347e+01,2.530536848744657163e+01,2.421094649188086123e+01,2.501974837125777640e+01,2.457778501849008990e+01,2.487682472504212683e+01,2.571657138711816515e+01,2.544676651720567406e+01,2.625953216816697022e+01,2.616739102234282655e+01,2.772208825945511990e+01,3.091226651085531785e+01,3.172238640981311164e+01,3.146908871142755970e+01,3.135175817029778500e+01,3.085658223088353225e+01,3.159580152362940453e+01
2.556811932354275996e+01,2.558563781995837871e+01,2.401792679031541411e+01,2.536706153590733948e+01,2.519590814448832816e+01,2.557324913823549650e+01,2.576771144762051335e+01,2.530563796697987300e+01,2.583319670780633714e+01,2.556145588013350789e+01,2.670984159316310524e+01,2.551054326103479752e+01,2.661739513288347325e+01,2.557383314840848243e+01,2.798248707472106389e+01,2.923561605433422983e+01,3.126714536175728654e+01,3.134576720402293404e+01,3.106679632942035596e+01,3.076506058878402428e+01,2.986204716801904624e+01,2.915011762812201823e+01,2.829441700459335607e+01,2.806824855287874243e+01
2.492752032798267692e+01,2.505705075520580749e+01,2.533755312707563689e+01,2.412954997704173365e+01,2.521032570081507629e+01,2.599280377934854869e+01,2.541601307068037841e+01,2.471407654585698310e+01,2.546043850087869487e+01,2.575282962318595992e+01,2.575780794020937492e+01,2.557686546886861834e+01,2.680291380789890354e+01,2.740123969969505424e+01,2.829611880884823449e+01,2.943281998753911921e+01,2.960101758740836431e+01,2.806633758138389112e+01,2.955342695683947341e+01,2.916446936965644454e+01,2.846557160672682585e+01,2.783457501024054181e+01,2.768923903768825312e+01,2.752937147416150765e+01
2.487502435034508608e+01,2.537732027313813887e+01,2.519577359868833355e+01,2.490271531249720738e+01,2.346013158396056042e+01,2.488904958754199015e+01,2.435529703170442417e+01,2.544154991260262477e+01,2.588699353520104296e+01,2.644720020060913157e+01,2.523449843155333383e+01,2.556801679453604947e+01,2.614823140234386756e+01,2.564104432698502478e+01,2.752076036967577011e+01,2.697990270133254853e+01,2.683461294303992872e+01,2.694231727458242176e+01,2.762618787266291065e+01,2.834900869659361433e+01,2.612231740812956104e+01,2.730333765256739298e+01,2.697949316506787909e+01,2.831342468950896318e+01
2.547040449214068758e+01,2.428198400497296916e+01,2.470037621274838102e+01,2.371400111463549365e+01,2.565268229752905427e+01,2.507851415298193842e+01,2.617672056608722642e+01,2.538225286742306253e+01,2.616550297272004855e+01,2.540891871825681392e+01,2.582501410120278251e+01,2.565486506496830543e+01,2.556220687403720149e+01,2.667343057236672621e+01,2.713708304396124049e+01,2.660145518730075764e+01,2.585125179215395974e+01,2.742865209799776949e+01,2.808260564949665650e+01,2.657048801504055291e+01,2.789738866245920690e+01,2.752259302136246788e+01,2.775107521618696182e+01,2.761928422290088747e+01
