2.978371291941988375e+01,3.054206456774170420e+01,2.924101653905250942e+01,3.067393937638462376e+01,2.893220973088978099e+01,3.100398952447807233e+01,2.939834258365203823e+01,2.918401457315843572e+01,2.951901818644938658e+01,3.047413280603365138e+01,2.963748188298654895e+01,3.120379430584478087e+01,2.966731983797404837e+01,3.063665140873308701e+01,2.888847183641075844e+01,2.975454020117706477e+01,2.961273530515654784e+01,3.009628569543838239e+01,3.005524565398150116e+01,3.002907347203790778e+01,2.924173971362483826e+01,2.930171163718688376e+01,2.961519825062850941e+01,3.092165930737979807e+01
3.011411285530073201e+01,2.948321201395611979e+01,3.075460397227442400e+01,2.909712909787663193e+01,3.107183618366764222e+01,2.970340705138801241e+01,2.965817232192773645e+01,2.973125135390074547e+01,3.006368356838805767e+01,2.927439350881815017e+01,2.929787812253715629e+01,2.899425373455551380e+01,2.998168694642538412e+01,2.907111901945222598e+01,3.050327686589025689e+01,2.972305242227042754e+01,3.058545622355376281e+01,2.974543484925106895e+01,3.009470907860924171e+01,2.878370593534208410e+01,2.995724041268169913e+01,2.961502279477701904e+01,3.082715876705856317e+01,2.938437760649367192e+01
2.734378577919932241e+01,2.995865209048378119e+01,2.748263873020351866e+01,2.993179676766999364e+01,2.820601749912805190e+01,3.070170245027395595e+01,2.780468396284919663e+01,2.985466414001643898e+01,2.872226640361287764e+01,2.980129271131039559e+01,2.928770912598400855e+01,3.007069727548548599e+01,2.917907063079900354e+01,2.994853380986296543e+01,2.845298423966261225e+01,2.981400037758010058e+01,2.921063737950618133e+01,3.078493813043991167e+01,2.917044766316172399e+01,2.989403826071725234e+01,2.897831261002016845e+01,3.047836780900422582e+01,2.897264213186713278e+01,2.951452656251609596e+01
3.021619385315614181e+01,2.846117022541534425e+01,3.073366303801253707e+01,2.934765448242706043e+01,3.062825398037409741e+01,2.920407428947601147e+01,3.138820958677951012e+01,2.945656342722975296e+01,3.065980211862876104e+01,2.896989021983398516e+01,2.929662365264658774e+01,2.976675668294711841e+01,2.929876485540887643e+01,2.782309818380463184e+01,2.957676374962341015e+01,2.984046759388957071e+01,2.931794681400731406e+01,2.885844912320936828e+01,3.135272315889676520e+01,2.941842989381780171e+01,2.859904574570242630e+01,2.912869659977712899e+01,2.947592712276235716e+01,2.971248741391337944e+01
2.831472479372115458e+01,2.943835854552492037e+01,2.968184946404193170e+01,2.983300031080221970e+01,2.964239388333794523e+01,2.954407138897107643e+01,2.949643551318553136e+01,2.993773824756590329e+01,2.932024572876304092e+01,3.034801178933241772e+01,2.935127672151037359e+01,3.017190527758941698e+01,2.948543119017671188e+01,3.030450625430967193e+01,2.899723287838122587e+01,2.948276432451297069e+01,2.979852291375618734e+01,2.908598838859359148e+01,2.865494465802800050e+01,3.023689465319517922e+01,2.952510010846157229e+01,2.935856612435122770e+01,2.876127852403726592e+01,2.953851306904999774e+01
2.905743069631870412e+01,2.893534398514782424e+01,3.095375177458038252e+01,2.977756489615529745e+01,2.978416230377655438e+01,2.924647906889282467e+01,3.074726629591674509e+01,2.973285220249709937e+01,3.009709687352943774e+01,2.982992945346188662e+01,2.986112549976803621e+01,2.988335955330967408e+01,3.039550068470009592e+01,2.993313546423809157e+01,2.933584243539638692e+01,2.990783929477163383e+01,2.961819642802839780e+01,2.912397708119760864e+01,2.945347538610116089e+01,2.954028329969452216e+01,2.968115895664470827e+01,3.022113515790465499e+01,2.989584775543522710e+01,2.985747000249887151e+01
2.871179824594167940e+01,3.030628760316830039e+01,2.871017146602423509e+01,2.960689366442443315e+01,2.957570801244048653e+01,2.999978800263130552e+01,2.927770615622597461e+01,2.954088207606429251e+01,2.921166233274408341e+01,2.900799789974269061e+01,2.922870106795988931e+01,3.062373835089562135e+01,2.817687155924363651e+01,2.979469714023008464e+01,2.848761421897444279e+01,2.929062690380754930e+01,2.881659782663984970e+01,2.966652112484104009e+01,2.947600370766457445e+01,3.028052461768538706e+01,3.002181227314605394e+01,3.039056743441892650e+01,2.913384925275659043e+01,3.080747537940214897e+01
3.082234005312272984e+01,2.927710410695215160e+01,2.948593254109391637e+01,2.903321806844826369e+01,2.942990268843902868e+01,2.971910321125614018e+01,3.016152681741920105e+01,2.920106980891574722e+01,2.988225772840479522e+01,2.891816559750571969e+01,2.977107060969632357e+01,2.857200446713210340e+01,3.006942924889881397e+01,2.909833277565883236e+01,2.996308305226210678e+01,2.967925183339377782e+01,3.116198051547496561e+01,2.811926471411101147e+01,2.994442361624066962e+01,2.909590989935179550e+01,3.048965877517355239e+01,2.928968325483276658e+01,3.027852058980687389e+01,2.887412519353773632e+01
2.939370715600023232e+01,3.056898077952973836e+01,2.959676198616267584e+01,2.982303668819594122e+01,2.889301820062081561e+01,2.991628155006372936e+01,2.988386551033642036e+01,3.067354728535542563e+01,2.978686181921671050e+01,3.019846877582614297e+01,2.932424427927321631e+01,3.040697056038692381e+01,2.894337026730346452e+01,2.965849665281928083e+01,3.056424676755921155e+01,2.955798612132053904e+01,2.905075921735749489e+01,2.942639517343258149e+01,2.822136876653951276e+01,3.020628212616537667e+01,2.952542886911476216e+01,2.991929865191247018e+01,2.902434555644072134e+01,2.912408028609212352e+01
3.057818864055502672e+01,2.948381156396550296e+01,2.945780715067422761e+01,2.981809803064243170e+01,2.986760088335842056e+01,2.919318935957966232e+01,2.906520129529195628e+01,2.913454767536637746e+01,2.956905247715235419e+01,2.932559690661076957e+01,2.970317117241268079e+01,2.954571098046284305e+01,2.944757181504382970e+01,2.928888454168782118e+01,3.024663935940162673e+01,3.014713655545142501e+01,2.884103629888977594e+01,2.840168593241270401e+01,2.970807801784206958e+01,2.936235917071115864e+01,2.984051152248684957e+01,2.999916068554330195e+01,2.985613334426352594e+01,3.082352102183784837e+01
2.883628080794909465e+01,2.927787152566423856e+01,2.932453451617362816e+01,3.075687745479064006e+01,2.769295352000352750e+01,3.005569588579072615e+01,2.889342016198190777e+01,3.032588269187669994e+01,2.823266082290177792e+01,2.910228961387332447e+01,2.878453451147271380e+01,3.043433167391890493e+01,2.886267150458081687e+01,2.981970106719558089e+01,2.893785441388087065e+01,3.006020294858518582e+01,2.894765358329044602e+01,2.919587946652484334e+01,2.890097047616535519e+01,2.915303319606783816e+01,2.963287182372357620e+01,2.973276288631387843e+01,2.896143057794620290e+01,2.993103389110933676e+01
2.919000272594848866e+01,3.018801666223140501e+01,3.075150475858168875e+01,2.969983114698118243e+01,3.041842567286255417e+01,2.966252233844807051e+01,3.014003162982362483e+01,2.850117216188721159e+01,2.971002928343204985e+01,2.967669185113373942e+01,2.937700794931555492e+01,2.917082698798168394e+01,3.000854686265444116e+01,2.946392492401844265e+01,2.965798834589816124e+01,2.853504744001503468e+01,2.948295536278169493e+01,2.933489232475847075e+01,2.940413798097023346e+01,2.983798842916149852e+01,2.989739338257265899e+01,2.947417223117929552e+01,2.874424887448464006e+01,2.839536163762898013e+01
2.953017642533200160e+01,2.909126435876879668e+01,2.916774231811814388e+01,3.054385427809819475e+01,2.947405465779399947e+01,2.962872998592956719e+01,2.903005524226927037e+01,3.068039357845151471e+01,2.967827546227152880e+01,2.939945087803840806e+01,2.942875713988041753e+01,2.948892107080922642e+01,2.944423362449316528e+01,2.846159301140630760e+01,2.919754356069631740e+01,3.085213319239153407e+01,2.961980586351904776e+01,2.995577758751096553e+01,2.958460962171409392e+01,2.978901372044305162e+01,2.932710183863724751e+01,3.019697662876234290e+01,2.931189937542933421e+01,2.978548792043682170e+01
2.993088612186181763e+01,3.021287576513913109e+01,2.901671426074244664e+01,2.834364066466747545e+01,2.911136807831718443e+01,2.914933241867242941e+01,2.985880464793666533e+01,2.895083997023277789e+01,3.083703408247117750e+01,2.921284694635369306e+01,2.983077286736903488e+01,2.905810574115156442e+01,2.996730017367178789e+01,2.940899961602684698e+01,2.986829505511008165e+01,2.963652326215952826e+01,2.946580126254553988e+01,2.945559154243295552e+01,2.961168867780503433e+01,2.978273251228705476e+01,3.051043245197030274e+01,2.980275546272281417e+01,3.012064047849867165e+01,2.962225133104880115e+01
2.899857622950122504e+01,3.038443031845969244e+01,2.873585400480573071e+01,2.934128265429700377e+01,2.923887314017355266e+01,2.977205322875931870e+01,2.822270356882052056e+01,2.998927535354761176e+01,2.955557698094048646e+01,2.923159845582699745e+01,2.858863711401755836e+01,2.968152279515339842e+01,2.942166057575497007e+01,3.036117616450559353e+01,2.861962193474334981e+01,2.953747557760169684e+01,2.898164433439598042e+01,2.965837984715267339e+01,2.849541940052131395e+01,2.995210037778002743e+01,2.987589574837727469e+01,2.929721455375221240e+01,2.940769191504386981e+01,3.017253389811418174e+01
2.946168573711031513e+01,2.844358988515608644e+01,3.054853876645034916e+01,2.862040726326046070e+01,2.967222775358902709e+01,2.975741905033368084e+01,2.925233818487203052e+01,2.923681498289636238e+01,3.003923061011295204e+01,2.843801996808917920e+01,2.979968869575219514e+01,2.877600157959835769e+01,3.026187982929667442e+01,2.914703809148761593e+01,3.013678927254352402e+01,2.894498753949841330e+01,3.009385238333919688e+01,2.954916809375691855e+01,2.989607267322702455e+01,2.940592351004755756e+01,2.998494229048247917e+01,2.853232298100925846e+01,2.943585156822831550e+01,2.871601897127152370e+01
2.984582653386610218e+01,2.921680892333353086e+01,2.980265238604198430e+01,3.006552343323227205e+01,2.947365707379157129e+01,2.947113759070163042e+01,2.884502937680542800e+01,2.934407312658663614e+01,2.949437086980680078e+01,2.971015787353542237e+01,2.972462360961225158e+01,2.961400705260234645e+01,2.908311059139771260e+01,2.965736584101682638e+01,2.961819804198199790e+01,3.028298544315606478e+01,2.971417133548141010e+01,2.974048840494680235e+01,2.984600641959343648e+01,3.037731779344420602e+01,2.969990741623001895e+01,2.931817404471092914e+01,2.960370472216953885e+01,2.989867495417803411e+01
3.052543366770521516e+01,2.948522290367799314e+01,3.054713208678435876e+01,2.928201682930097149e+01,3.012100161084401861e+01,2.962362817352902766e+01,2.927098082508041443e+01,2.943514487680954517e+01,2.919767585814679478e+01,2.875697073254559655e+01,3.066977799412370587e+01,2.958077311841833534e+01,3.015055009945393749e+01,2.940899961602684698e+01,2.971472700667118261e+01,2.938486400007610655e+01,2.907045370345849733e+01,2.986278350698188433e+01,2.939251039026260059e+01,2.978273251228705476e+01,3.024689973528489872e+01,2.952118841745340205e+01,2.977120600391748440e+01,3.040459267269170596e+01
2.902625845286775075e+01,2.944145884193676466e+01,2.908501448177156590e+01,2.962687975080660863e+01,2.812496098629429753e+01,3.012324019490120008e+01,2.847810483177778451e+01,3.002357417319888100e+01,2.898335089567524392e+01,2.997837781841809601e+01,2.936213733947892024e+01,2.984956984118707624e+01,2.968494663166137570e+01,2.994035608325464182e+01,2.897732538839238714e+01,2.959479568758558798e+01,2.892471658950006486e+01,2.984135067947789821e+01,2.947677573538612705e+01,3.067819950792471673e+01,2.912616744691985105e+01,2.981805744815250137e+01,2.909796209450377091e+01,2.984117258787028959e+01
2.978065170996717370e+01,2.883404916353038061e+01,3.059905319418516001e+01,2.941451809381203475e+01,2.948920967925613468e+01,3.017923523981369271e+01,2.905130050428493860e+01,2.919180604923843703e+01,2.981521576029399512e+01,2.885715155267888576e+01,3.048514740264317879e+01,2.940560939988421296e+01,2.971613535868709732e+01,2.941036044821100859e+01,2.949900596993171575e+01,2.893056106538216454e+01,3.000168340647149989e+01,2.923700201964612688e+01,3.023544556722828247e+01,2.981977601697025193e+01,2.978878674482405131e+01,2.935513742459158948e+01,3.007551922389563970e+01,2.954182175492206852e+01
3.000614826663263557e+01,2.993991001879282976e+01,2.922558085044101972e+01,3.094457736431559169e+01,3.008315062560745901e+01,2.962090768368994986e+01,3.009887710541858041e+01,2.979184847162849792e+01,2.925336055429835369e+01,3.032094303644561251e+01,2.979931284382467993e+01,2.963845077379784243e+01,2.959321794832402475e+01,2.964048231415893042e+01,2.978153025496067130e+01,2.880313218944564824e+01,2.950728761039613346e+01,2.989030790187746334e+01,2.946892502949492609e+01,2.932769249618610274e+01,2.985101618343151131e+01,3.037290176492803084e+01,2.958872849537289085e+01,3.033945462473042198e+01
2.963949660557415200e+01,2.974459282279781291e+01,2.981200306570127623e+01,2.970470938553296492e+01,2.979586383933917659e+01,2.989451679762402136e+01,2.977296510769690485e+01,2.996662931246396511e+01,2.917195911244220952e+01,2.883981234645597169e+01,3.002749258378054265e+01,2.976223632413757514e+01,2.953406464741811988e+01,2.955357296769199138e+01,3.009644880641980080e+01,2.991715236054500338e+01,2.997660389277865534e+01,3.047065610577266170e+01,3.045957593226120252e+01,2.991995666118481267e+01,2.993363162029368141e+01,2.922088012414320701e+01,3.119967053939245716e+01,3.006682888408278131e+01
2.898457244678763800e+01,3.074348735991566173e+01,2.995718327732538455e+01,2.961888422305082713e+01,2.852772746567512741e+01,3.034588737788931212e+01,2.910009654271351565e+01,2.961201063616135798e+01,2.861031020148828929e+01,2.892064870396035303e+01,2.929859295455077017e+01,3.012615710463751384e+01,2.911560489559212783e+01,3.009004125122976347e+01,2.858975909998662246e+01,2.980283051749097467e+01,3.016411180425933480e+01,2.946248102843338756e+01,2.881743743966171678e+01,2.898129840410939551e+01,2.957640144637616686e+01,2.958503796974758870e+01,3.044058195343689022e+01,3.123831639500190249e+01
2.894280648403855594e+01,2.997267737250638220e+01,3.030948815296289922e+01,2.895068452635081258e+01,2.937442267486153469e+01,2.804133580693678596e+01,2.992206652592375349e+01,2.944470346146988504e+01,2.917829788180500827e+01,2.817938003731802610e+01,2.955997572498222326e+01,2.875197913777248004e+01,2.999484644149339374e+01,2.982198064167056373e+01,2.934227691493663315e+01,2.887369423718553207e+01,3.038059747285467438e+01,3.005246070330150587e+01,2.960657789763695291e+01,3.043749588196823197e+01,2.992998351630950538e+01,2.947794531265225260e+01,3.134492674061760908e+01,3.169151698996375899e+01
2.969892095663408327e+01,2.962797688369465732e+01,2.942414250234344308e+01,2.966927510267379375e+01,2.941191962321806841e+01,2.929071205643930398e+01,2.939571561895985496e+01,2.901666222821461361e+01,2.924079910751862599e+01,3.045929729531320618e+01,2.901602000272163195e+01,2.969924101993899512e+01,3.007398439579048954e+01,3.096768744240887372e+01,2.956773215272124844e+01,3.074729376993946062e+01,2.957051327631637605e+01,2.962683601182152415e+01,3.022589497650955082e+01,3.051884697655611944e+01,2.954308852399663010e+01,3.047125350888802586e+01,3.028464343493988054e+01,3.131294535183280914e+01
3.000448907824397793e+01,2.885368971265978644e+01,3.000913393598466428e+01,2.912235415608978428e+01,2.990463886240081592e+01,2.945841838075352825e+01,2.953480244909962948e+01,2.952824573424385335e+01,2.989666959007138303e+01,2.998255753690034453e+01,2.981529837160843499e+01,3.015869365273505309e+01,2.935346359115106907e+01,2.975196272999716030e+01,2.937438162432226818e+01,2.882167729241984944e+01,2.900893524796072143e+01,3.039108210983818026e+01,2.985931800030255090e+01,2.946978689163955778e+01,3.001820021217355361e+01,3.014695564722740073e+01,3.023648115053850916e+01,3.072817860601224993e+01
2.949500396009756287e+01,2.932737931286607136e+01,2.818314703149565048e+01,2.884846794558779948e+01,2.956896381412934716e+01,2.956061938538886125e+01,2.907321887983397346e+01,2.982156819721774355e+01,2.886100859740895430e+01,2.937854685303079805e+01,2.917362100735067543e+01,2.982871770716582205e+01,2.980114497280186470e+01,2.953276895172263039e+01,2.878133535312082358e+01,2.999607100812920635e+01,2.918501617370350232e+01,3.016839547830761603e+01,2.997647639513127160e+01,3.090560559268811858e+01,3.026637058196922681e+01,3.073363303763215981e+01,3.057800996156436213e+01,2.990779807099096388e+01
3.017640924443179529e+01,2.977195880464677202e+01,3.084455995807905992e+01,2.997145721664844586e+01,2.896933958713395896e+01,2.871405890068768940e+01,2.931326258770542381e+01,2.863873220627419869e+01,2.882060891763723021e+01,2.925649477828221734e+01,3.007574145893983086e+01,2.875834088803401301e+01,2.994598649472817442e+01,3.007130143195706751e+01,2.921111590427494775e+01,2.986476188943242960e+01,2.990945808889284763e+01,2.907019368780794366e+01,2.978976321813166805e+01,3.008830448268764712e+01,3.074535506586840938e+01,2.983555171618792201e+01,2.911098186353984829e+01,2.906227226445645329e+01
2.915625478912107837e+01,2.956744009006098395e+01,2.897473916046385511e+01,3.062019416141180272e+01,3.003441421453061366e+01,2.925295916281100972e+01,2.923909783620661074e+01,2.967253056996878513e+01,2.884731788304355860e+01,2.884903833991495503e+01,2.958181346300870018e+01,3.038514284625483697e+01,2.937492508843814676e+01,3.009161416692853663e+01,2.963971018854914519e+01,3.003599035261936478e+01,2.971278263874296499e+01,2.927696787162466308e+01,2.984901880067053526e+01,2.896356972237532545e+01,3.052862250551561374e+01,2.963478439314371826e+01,2.948521510266067480e+01,3.024210192381883644e+01
3.005347288819825735e+01,2.872434596100220006e+01,3.072526913769161183e+01,2.955504877702435351e+01,2.936546156810140928e+01,2.910769375176232643e+01,2.890208400286428514e+01,2.904430356995771945e+01,2.906083673638323717e+01,2.879139064183664232e+01,2.942190170773847058e+01,2.862549290280992409e+01,3.030692206241235453e+01,2.993613827613609146e+01,3.004885807921954211e+01,2.905475159583602363e+01,2.937549213568445339e+01,2.971962447422015430e+01,2.996710183736291810e+01,2.951163139975994909e+01,2.905099724855909926e+01,2.999028802009354422e+01,3.059872800525999992e+01,2.931759356514368164e+01
2.894956498198172312e+01,3.132988134374937772e+01,2.922301442575081865e+01,2.996312820811499478e+01,2.836019447922984682e+01,2.917461860120369010e+01,2.932754723070468117e+01,2.874279701867510539e+01,2.941496818773731547e+01,3.002896722939908614e+01,2.884198612200088974e+01,2.924176958461345066e+01,2.877612872483473438e+01,2.914201238599486032e+01,2.946312674109759655e+01,2.915968562656621543e+01,2.827942235770689194e+01,3.117664308936593898e+01,2.879138368877892162e+01,3.019158201266998276e+01,2.930739142985157741e+01,3.027053002753234523e+01,2.947772916016077716e+01,3.017966789665359784e+01
3.037720962932286284e+01,2.922234733603062296e+01,2.970700200165617844e+01,2.856812869501834484e+01,2.985360906588300622e+01,2.999733556050443894e+01,2.981654150063872066e+01,2.682947516735919180e+01,2.926389262873578900e+01,2.835567401761335304e+01,2.961479540765157026e+01,2.923292291227022588e+01,2.963173434285562280e+01,2.891112350733169478e+01,3.072252944705235223e+01,2.919787937613153872e+01,3.028376818233323320e+01,2.958440322323207283e+01,3.136910080501382936e+01,2.963186225163497056e+01,3.124434830437570554e+01,3.000049208493066999e+01,3.003772944100171571e+01,3.063614074717628455e+01
