2.689633452217850618e+01,2.823276922583676196e+01,2.808620606865952141e+01,2.951386469312291183e+01,2.752282263008305563e+01,2.818570153190108840e+01,2.773575449711921692e+01,2.853682206169554547e+01,2.722043120758587520e+01,2.847412269189709377e+01,2.838721749253414828e+01,2.937283152603572489e+01,2.751908069825481107e+01,2.898303972765251046e+01,2.911439555168277593e+01,2.877441379223563445e+01,2.816599003308351712e+01,2.961949229714252851e+01,2.772754519365548731e+01,2.918607919692055930e+01,2.826455770553394586e+01,2.912275183344087282e+01,2.838178110960183176e+01,2.782522350521287535e+01
2.841685596309139328e+01,2.771627261199449777e+01,2.793350761730778231e+01,2.676146273551358945e+01,2.809376512496254463e+01,2.837620667245244022e+01,2.829388493887034883e+01,2.632787900901166722e+01,2.881506654002174628e+01,2.843920346624742024e+01,2.828276520184647325e+01,2.815413689120134677e+01,2.860193417572071439e+01,2.880349311630840248e+01,2.813418683482404958e+01,2.693189343459829388e+01,2.893115826983927263e+01,2.833662548365367684e+01,2.934868870781446049e+01,2.722234142378221122e+01,2.969647285362117373e+01,2.822336950755800444e+01,2.915883538725876178e+01,2.744417634419573915e+01
2.546561730086574471e+01,2.965355380175242317e+01,2.801057891563095836e+01,2.812720667603332458e+01,2.690405073047770657e+01,2.902688485419474773e+01,2.777962777674423478e+01,2.814236919060249420e+01,2.788472551565695312e+01,2.903771270317434983e+01,2.680976130101691979e+01,2.892984295876942724e+01,2.726947288105242251e+01,2.816461460999795463e+01,2.851773447081268387e+01,2.879505548731771114e+01,2.822011129421628084e+01,2.808763457055829349e+01,2.800499182288564270e+01,3.013173200865702483e+01,2.827604927056023598e+01,2.925996988130697218e+01,2.788066874214399604e+01,2.806805885912604026e+01
2.965035140470007491e+01,2.827253823723640380e+01,2.932284193436629494e+01,2.851305070689079457e+01,2.964969210931900534e+01,2.839158292239318371e+01,2.932162416226867663e+01,2.794846958287502048e+01,2.942401612280173140e+01,2.869838733372699835e+01,2.971254973699763013e+01,2.856843084069475935e+01,2.879205229221167883e+01,2.904580464232350323e+01,2.914770020641947212e+01,2.938953980418693845e+01,2.933112608824166045e+01,2.763657451847780067e+01,2.845842156640065923e+01,2.793656006226342470e+01,3.045577382029381397e+01,2.781981398255396698e+01,2.865068020847326125e+01,2.881773938769248389e+01
2.790303090171107669e+01,2.785679566380531469e+01,2.773777018713008147e+01,2.833389017687625255e+01,2.791136405460395054e+01,2.866708647094964135e+01,2.742392828172796726e+01,2.869301249126993980e+01,2.752513727055747950e+01,2.877816244821656255e+01,2.753573829005404150e+01,2.971427969320546936e+01,2.760489308763942518e+01,2.939602686381851981e+01,2.800962703105875562e+01,2.961830939169141175e+01,2.870548072967193320e+01,2.864139617652551806e+01,2.769341594970961751e+01,2.896461174905454072e+01,2.914984278997854972e+01,2.868329867510050235e+01,2.864143902997966507e+01,2.821576259975290668e+01
2.846997849493590138e+01,2.807019467327739903e+01,2.932219485200431563e+01,2.789765772955428247e+01,2.806647252508940937e+01,2.691117575052248867e+01,2.813719949758558414e+01,2.784633375241338626e+01,2.847274249671517055e+01,2.760190263823568557e+01,2.914609930208234800e+01,2.808336026193876478e+01,2.932186330906949934e+01,2.829555177207004135e+01,2.917003796228607371e+01,2.755308196440046231e+01,2.914566636573505320e+01,2.791573160840744094e+01,2.834699610986893958e+01,2.804551438875756730e+01,2.963408338427547051e+01,2.811436422416312553e+01,2.866262165726760713e+01,2.734496865604359073e+01
2.782687299115406176e+01,2.816459830531067610e+01,2.787645016923522689e+01,2.982546818322805393e+01,2.766036274680226370e+01,2.875095184103270185e+01,2.730993759783558517e+01,2.838127506125937316e+01,2.856931053064664638e+01,2.882725080216664537e+01,2.737536159197628649e+01,2.888193708759757783e+01,2.703649764734075234e+01,2.855686797477198979e+01,2.870205838489169992e+01,2.839747327790331610e+01,2.790976700827332024e+01,3.013891818471364559e+01,2.843080327695804499e+01,2.976103821579886244e+01,2.703017432268671882e+01,2.959408112711827243e+01,2.836387827413835794e+01,2.951946447772064630e+01
2.906333441743902313e+01,2.743819634436181332e+01,2.793973151883540140e+01,2.802305474134379892e+01,2.932114609635368652e+01,2.773662487904834961e+01,2.961872762197947395e+01,2.765907036554165188e+01,2.860836037399445786e+01,2.796039549882715392e+01,2.888604356086494818e+01,2.768683176269377100e+01,2.920983889550547019e+01,2.803747132883711402e+01,2.959892888726335514e+01,2.823801634941474958e+01,2.851989823134533708e+01,2.837899188342458956e+01,2.937334349344331486e+01,2.853443760961454245e+01,2.913519204359755577e+01,2.885607072897431635e+01,3.017378872001472701e+01,2.855351068456928942e+01
2.810456001282068428e+01,2.785304588556789440e+01,2.834979082235003034e+01,2.853328053216051785e+01,2.851643373062927367e+01,2.845009159748195771e+01,2.860601312155750975e+01,2.907428001019013664e+01,2.870410551676638988e+01,2.793910155814489826e+01,2.741387200392534851e+01,2.837922012014809070e+01,2.850126705271992478e+01,2.809191913941208441e+01,2.863538398571557764e+01,2.924357297735798511e+01,2.899173076838872021e+01,2.943152475990507355e+01,2.758141600822500550e+01,2.821707723526833433e+01,2.870140953277558538e+01,2.845742915837428200e+01,2.890730557641251153e+01,2.907120906796404824e+01
2.878871765960644780e+01,2.844893748422197177e+01,2.798191616913112512e+01,2.864411657385886656e+01,2.842240721292648686e+01,2.827776213184534981e+01,2.835301095520367198e+01,2.786658450388989650e+01,2.892714926132475739e+01,2.795417427474376382e+01,2.880158680022776707e+01,2.899156437756499827e+01,2.888909203807025960e+01,2.858033844870914209e+01,2.870821426704020496e+01,2.776001890164940278e+01,2.785243077477400675e+01,2.757714543712245359e+01,2.882242384805056190e+01,2.885411656528947333e+01,2.927996153134841961e+01,2.788117605491760287e+01,2.918230498703519515e+01,2.719028935617660636e+01
2.719665833549646550e+01,2.751637532561227317e+01,2.800952211745658360e+01,2.852304678045021546e+01,2.763951495022342897e+01,2.878868413848283581e+01,2.789481693116766792e+01,2.817438020574030588e+01,2.739400831848956841e+01,2.918688298339480980e+01,2.765798657068148714e+01,2.856143744087438563e+01,2.735393910018274255e+01,2.925294376022657161e+01,2.789481544614892528e+01,2.895191267594015017e+01,2.766055256217873648e+01,2.838730466869230895e+01,2.798554571683678205e+01,2.838079139434933040e+01,2.749558095646739275e+01,2.862262144471031888e+01,2.900855062310756693e+01,2.914761304848798318e+01
2.847886083174859095e+01,2.778027004466628114e+01,2.974818917008150265e+01,2.874652272066720116e+01,2.824134994855046443e+01,2.778437940749483914e+01,2.975474569132245506e+01,2.825186052158528582e+01,2.863391731050717226e+01,2.802858362051284757e+01,2.903079566350015739e+01,2.827000948071059838e+01,2.857883931890830809e+01,2.815831008386032863e+01,2.891525392023305585e+01,2.729174630660440926e+01,2.924898625391995211e+01,2.844925438508352045e+01,2.952018295008247151e+01,2.821790289665710816e+01,2.883491194280941272e+01,2.839517416454646082e+01,2.959581655348614504e+01,2.829166979093002965e+01
2.820932330756232886e+01,2.778335428904807713e+01,2.799255204348963844e+01,2.883937073649559579e+01,2.758096141371362364e+01,2.861618133611102621e+01,2.812047985480205625e+01,2.942435119778861008e+01,2.733339161219714697e+01,2.844977062920327171e+01,2.787975408709706926e+01,2.831806508513227527e+01,2.915495024473892727e+01,2.937781608336837280e+01,2.897203201597648103e+01,2.873908967763179589e+01,2.747759498466967898e+01,2.968577458050089035e+01,2.822242437761417477e+01,2.849321197678898443e+01,2.864068086090264842e+01,2.925265766943880408e+01,2.840287158691910463e+01,2.909058609951875951e+01
2.841282610475951742e+01,2.788880031095430923e+01,2.881464846216795195e+01,2.758449188733999335e+01,2.837157124436538425e+01,2.804647655156651354e+01,2.845247101114006227e+01,2.767194471581746029e+01,2.890635762879600179e+01,2.794862274002690583e+01,2.857217695275579672e+01,2.779409238086287814e+01,2.884833083744786109e+01,2.874792101586308490e+01,2.865213308069354525e+01,2.807084010955645681e+01,2.830725572965809533e+01,2.749960186328934242e+01,2.929083179446871554e+01,2.750099124355267577e+01,2.903673417220528563e+01,2.888971615144197358e+01,2.861683951198301656e+01,2.850138536611478912e+01
2.834595535400609378e+01,2.786583422762259943e+01,2.703907083116388321e+01,2.897542833509078264e+01,2.852584722810053108e+01,2.912167972754104994e+01,2.721435042654360359e+01,2.935881637731108640e+01,2.852608506737664129e+01,2.943296181072247464e+01,2.844402882486843964e+01,2.930566267110293666e+01,2.877040311628883273e+01,2.931392929329030039e+01,2.698028442288079987e+01,2.883270960333305766e+01,2.857806542770111946e+01,2.900025159734281033e+01,2.853372150220644698e+01,2.925887915876347734e+01,2.882937261827447628e+01,2.959292254281325540e+01,2.801735543980737475e+01,2.868385059765972755e+01
2.916139763151943498e+01,2.806772992590043714e+01,2.895300427063801862e+01,2.772626867135886641e+01,2.925447860657544652e+01,2.842711719268930892e+01,2.882576939547561778e+01,2.805899725213345164e+01,2.925804273577551839e+01,2.781421516102773239e+01,3.039945544402661426e+01,2.917837112004718847e+01,2.980875652817621813e+01,2.951117827782564973e+01,2.789599847863144078e+01,2.764531708648638642e+01,2.991702631023565573e+01,2.820141001535318992e+01,3.026301716594548452e+01,2.781445040068314256e+01,2.937525813426412924e+01,2.791838409447581171e+01,2.927461977988986064e+01,2.869237118161657918e+01
2.749658922776148984e+01,2.876950927740267616e+01,2.784230287415783778e+01,2.850538290032932309e+01,2.791878474071285154e+01,2.884259152188707276e+01,2.784822714942282573e+01,2.825199981545978289e+01,2.807242676307771490e+01,2.898893078261471601e+01,2.809797963483026706e+01,2.949370470335878736e+01,2.897918762088562517e+01,2.845078509537790978e+01,2.819827619394061458e+01,2.876553848171192840e+01,2.876315594885664950e+01,2.886059559603307889e+01,2.891801798855283323e+01,3.000066745060973972e+01,2.871622308112875999e+01,2.861836330156091890e+01,2.844054200756215778e+01,2.928950805687588854e+01
2.906927999350051550e+01,2.761843401352246019e+01,3.022735409900468539e+01,2.842504655294726490e+01,2.842226890782177406e+01,2.844433266927262594e+01,2.921130477148000182e+01,2.731647449651512716e+01,2.833048431519353016e+01,2.820426671423189191e+01,2.832115752473384873e+01,2.836636298145833734e+01,2.773590142420641769e+01,2.811017378830575808e+01,2.872583429069794647e+01,2.842365956048189446e+01,2.834983829947958611e+01,2.753714630133299579e+01,2.910254668805060874e+01,2.800019026570811320e+01,2.889869438879713925e+01,2.754678455258112990e+01,2.896012547938840953e+01,2.817819069641615215e+01
2.699141378632276655e+01,2.863753083479815587e+01,2.758656247525539129e+01,2.894752882991105025e+01,2.709132113703645928e+01,2.825426968222916457e+01,2.725438549586954196e+01,2.953613411128776534e+01,2.766703531884741096e+01,2.924068302594150737e+01,2.785206509466030411e+01,2.859313100236187211e+01,2.783489016096427804e+01,2.901552992675391351e+01,2.781534686247596255e+01,2.949776403191776808e+01,2.839220333755753245e+01,2.959782656247318755e+01,2.791777073223687466e+01,2.927417799214094885e+01,2.811142463682637072e+01,2.907245172515860077e+01,2.786196901393162761e+01,2.922522294846555724e+01
2.914034217624009671e+01,2.808003113031884368e+01,3.007874605241966037e+01,2.902467173092617259e+01,2.973456787675377200e+01,2.768289794360271117e+01,2.882021480649996192e+01,2.770461663371952454e+01,2.891321134466926424e+01,2.794836472721004839e+01,2.900609060980048071e+01,2.856713619658410153e+01,2.893607619671121256e+01,2.879657940560355200e+01,2.848712459400496755e+01,2.871471383723087456e+01,2.942208052799685447e+01,2.814990466942509784e+01,2.939599767164759214e+01,2.845419469340163232e+01,2.937299576871623685e+01,2.824401149689282420e+01,2.978785107984242586e+01,2.902005328087017233e+01
2.836057993384901010e+01,2.869136859050581734e+01,3.164161008414475873e+01,3.310340940133085041e+01,3.163907950258447954e+01,2.930651024259003634e+01,2.806000712974901035e+01,2.986577283926538939e+01,2.787955950142452366e+01,2.848283695384884595e+01,2.856436118934669821e+01,2.897010733779450220e+01,2.844775729933462571e+01,2.886993979506746655e+01,2.813138091270241148e+01,2.854384637777968692e+01,2.808947768506880038e+01,2.819673094317613504e+01,2.841034651062597050e+01,2.850846864953547311e+01,2.795072811664255141e+01,2.959181796269513143e+01,2.765546076784852403e+01,2.884709171670397154e+01
2.955618994194924198e+01,2.939212534304743940e+01,3.328379737012164696e+01,3.271814403479066868e+01,3.185525922552142220e+01,2.981817828013578264e+01,2.884254706912605570e+01,2.800898154810374763e+01,2.802264518773205282e+01,2.871995221144487687e+01,2.825940077804898465e+01,2.764724078179159505e+01,2.876928600165064154e+01,2.879198375937329502e+01,2.846070304876684531e+01,2.847516106501058175e+01,2.881181403914763450e+01,2.800785743406748907e+01,2.908013882028120634e+01,2.892727064855887420e+01,2.833460261793857171e+01,2.766303589255943507e+01,2.908553312249739520e+01,2.865650824640778183e+01
2.900530362614705382e+01,3.012036606906832503e+01,3.179885932264789972e+01,3.420453733182228007e+01,3.003911921301988741e+01,3.009010142591483827e+01,2.847671745177314051e+01,2.942607818533599584e+01,2.750582130832651728e+01,2.913450392854184656e+01,2.705630430366869632e+01,2.850477818423013332e+01,2.765348506486765245e+01,2.923243670462471755e+01,2.816325479003961618e+01,2.876317114631336835e+01,2.705649784611171071e+01,3.075388568923466437e+01,2.840744736241691726e+01,2.884832520926266852e+01,2.871716967129867726e+01,2.953195331508123900e+01,2.790464294532438316e+01,2.914605117971251502e+01
3.149406628702575972e+01,2.889878336233601885e+01,3.371503533103350492e+01,3.279839429251313732e+01,3.148600460432720638e+01,2.791360133862269777e+01,2.977710362173917247e+01,2.785547198315691730e+01,2.865094082185970592e+01,2.782096552219553587e+01,2.866007106604286037e+01,2.869593645020535178e+01,2.897391918277725154e+01,2.785879128317884579e+01,2.972285886708118596e+01,2.857368672504577489e+01,2.916399772994822115e+01,2.763213586552768675e+01,2.897379634350789956e+01,2.765232387594056718e+01,2.908376842900253223e+01,2.897933738416327287e+01,2.900575639037538167e+01,2.800605730559129825e+01
2.959571107613186314e+01,3.169677466843944558e+01,3.165630815804655640e+01,3.262201080481605686e+01,3.146340173819334041e+01,2.993693133556763541e+01,2.953749290839397190e+01,2.870623423420221343e+01,2.923492271590185965e+01,2.842042556337389669e+01,2.840626611588663764e+01,2.967966792297119127e+01,2.882006954650205444e+01,2.891822479265744050e+01,2.831533900618347843e+01,2.906476039269858802e+01,2.797707493192808670e+01,2.928325518159300600e+01,2.769868890381434312e+01,2.864274387723213522e+01,2.907235294707345474e+01,2.953820045052822252e+01,2.830496572754009321e+01,2.940095136924816188e+01
3.127066484277611380e+01,2.962442901634165082e+01,3.172123779750938866e+01,3.151560380962791896e+01,3.078236517475238543e+01,3.045292474900981006e+01,3.084803182888128958e+01,2.889367825418094071e+01,2.869463639624052576e+01,2.945348545116019068e+01,2.915283480384687209e+01,2.776972661221634553e+01,3.014992841298266057e+01,2.897227290701215452e+01,2.849207705629794418e+01,2.798046656587797543e+01,2.918257603821012935e+01,2.850250221908208914e+01,2.858741622948605254e+01,2.842188523427137170e+01,2.942236314392033592e+01,2.759578738614635540e+01,2.987105154495225179e+01,2.808809395678093779e+01
3.184556836723493234e+01,3.208765026418677735e+01,3.021047200349977402e+01,3.127474644561704054e+01,2.893819602297600113e+01,3.111305727908040808e+01,2.883560246179399655e+01,2.890641820122652916e+01,2.776567042250712802e+01,2.931800412451161719e+01,2.826532326944538909e+01,2.903647235128568127e+01,2.829583288154771026e+01,2.977304142406347864e+01,2.833630210314544229e+01,2.911430045424447144e+01,2.846017102768018958e+01,2.831586708530932128e+01,2.945881616538298431e+01,2.955405106094877965e+01,2.868844909698134416e+01,2.989885975728873291e+01,2.976519492997687166e+01,3.074894442867537236e+01
3.232148221858307124e+01,3.191486816532767534e+01,3.166347233441854314e+01,3.068435110781422281e+01,3.093675943811734896e+01,2.960442458542235045e+01,3.058767371409737734e+01,2.967380727119893891e+01,2.970413989443579794e+01,2.788220963601361291e+01,2.937135425201392991e+01,2.817963323687996535e+01,2.902393338467521744e+01,2.855117444838492702e+01,2.902803075910486541e+01,2.909190162276121328e+01,2.992993729103591249e+01,2.816754754906639846e+01,2.929556671236036891e+01,2.861191982126950961e+01,3.000995660722890079e+01,2.989088443429415065e+01,3.174236157242870604e+01,3.147810961647491013e+01
3.116152914566964682e+01,3.170774019317235570e+01,3.078006494204140608e+01,3.129405043872117176e+01,3.064396939625851246e+01,3.050852776135866407e+01,3.030015881454903592e+01,3.133493422375073578e+01,3.074436099379136067e+01,2.986521671627735941e+01,2.888186585152550379e+01,2.954439008119607024e+01,2.913630026948487739e+01,2.920187147269859906e+01,2.902974941272753995e+01,2.969210553174258393e+01,2.819953177180462944e+01,2.826584010408413405e+01,2.790160808988076724e+01,2.950258181905098809e+01,2.815570720382652325e+01,2.983014722492481496e+01,3.027010301810747706e+01,3.167204212960666609e+01
3.198100959675355170e+01,3.011523358629153790e+01,3.384450099606533513e+01,3.150089886248957782e+01,3.210224853230209874e+01,3.110617604211239495e+01,3.131040558389440775e+01,3.037561018922230005e+01,3.226384895382767581e+01,2.967601762213269012e+01,3.118501008876233982e+01,2.892963539350688507e+01,2.933784155767307311e+01,2.898295397176474353e+01,2.799049237673881407e+01,2.742585948093233128e+01,2.910552228216738513e+01,2.795524972432679078e+01,2.845770607342376479e+01,2.727079119063017743e+01,2.875321477466042097e+01,2.854099582237381583e+01,3.094531697275709803e+01,3.100384590605244739e+01
3.108893590538849594e+01,3.362167538694620816e+01,3.161034542076191656e+01,3.302584694714380475e+01,3.073150905735093374e+01,3.192381598755326877e+01,3.162927422102319497e+01,3.274693362864496748e+01,3.187197165571183177e+01,3.293114914181398944e+01,3.144964432480384176e+01,3.212729665984875282e+01,2.950154038439217175e+01,2.997178966774691844e+01,2.783060394673327664e+01,2.789375152730445961e+01,2.840972510908710547e+01,2.931647116888478877e+01,2.687497438129724969e+01,2.991055747006828369e+01,2.779754301042976294e+01,2.983641294595651061e+01,2.965147156229653547e+01,3.186151004392053210e+01
3.199894098480280036e+01,2.943078739413874700e+01,3.192276547072191306e+01,3.104212219648411519e+01,3.241198655033082332e+01,3.019408523455916793e+01,3.365009147919153065e+01,3.257859921489153976e+01,3.277127662159455213e+01,3.220660426144365829e+01,3.295775748436818731e+01,3.155165350631949650e+01,3.095646518606497466e+01,2.881080004927360960e+01,2.951073384066467042e+01,2.815174341974193339e+01,2.971149384835570118e+01,2.730732057082661868e+01,2.968428497085920981e+01,2.820111626048293374e+01,2.911322084381481545e+01,2.875243535019103547e+01,3.319517577087805194e+01,3.031024831404045017e+01
