2.606947244489418836e+01,2.589956457070013585e+01,2.643173787898956562e+01,2.748557352145587629e+01,2.540788572950128810e+01,2.690471746777961926e+01,2.595746640918360981e+01,2.771774058527603302e+01,2.751494264979334048e+01,2.898279782582096686e+01,2.694896335040959912e+01,2.794246598379061197e+01,2.608181840677690388e+01,2.690938751482110547e+01,2.663244551868780263e+01,2.711503261182684810e+01,2.736702846395382949e+01,2.745282799721223910e+01,2.756563486188935030e+01,2.758367546944333526e+01,2.720572715225927141e+01,2.777790560686372601e+01,2.655308850424245293e+01,2.690211939050499268e+01
2.657831030640886638e+01,2.693884751647533449e+01,2.581099921975987854e+01,2.658815552203225252e+01,2.626771781721356547e+01,2.722712863930615868e+01,2.635987845033923804e+01,2.705406854672258987e+01,2.746856704163047880e+01,2.748814311414548683e+01,2.737716180237805474e+01,2.610705017148580964e+01,2.677061081212178806e+01,2.663836779181480097e+01,2.642107395741408027e+01,2.597714517972934800e+01,2.713177922794363894e+01,2.706790020014744869e+01,2.638243077686234983e+01,2.607183040974450705e+01,2.733038497642058928e+01,2.614933443049733341e+01,2.698040513485659631e+01,2.681197935536903287e+01
2.584752220038802761e+01,2.729990112917931810e+01,2.621431584809272408e+01,2.754895923772784272e+01,2.758981602075056117e+01,2.722290279333384433e+01,2.668712262778694821e+01,2.705497237595710658e+01,2.607761356802609498e+01,2.765113369279401923e+01,2.624256041085726565e+01,2.668085387351226245e+01,2.759216884701743311e+01,2.779476447986331777e+01,2.623423760085523782e+01,2.765237937724776884e+01,2.656840338993367823e+01,2.737306681755774207e+01,2.651623682619259625e+01,2.686120562334457418e+01,2.717616940810040660e+01,2.782866441321368711e+01,2.670272172567894131e+01,2.654913138777243375e+01
2.857895665048067713e+01,2.645027754029376865e+01,2.789701969922157332e+01,2.687259623621577020e+01,2.828119958287800273e+01,2.585693732622456764e+01,2.711511727716151654e+01,2.788436829173417664e+01,2.792433656601929215e+01,2.696472127716401701e+01,2.756475573155501024e+01,2.716011689898795112e+01,2.775896853978304080e+01,2.700364204459879147e+01,2.824651360386923216e+01,2.662210312383245991e+01,2.778536959012461693e+01,2.723759853772168071e+01,2.777004961236980307e+01,2.759558962879486899e+01,2.880641692249173502e+01,2.730016575409212010e+01,2.776001694301038469e+01,2.719170778403491795e+01
2.606540554402482712e+01,2.657831282271752116e+01,2.590953608171020051e+01,2.638320176569419573e+01,2.787400661591789230e+01,2.635480173620311461e+01,2.710590225653589869e+01,2.760500086565872380e+01,2.558045054606395752e+01,2.668607031220881254e+01,2.658861683740980197e+01,2.822198644466016049e+01,2.634231231791642358e+01,2.758986513634806670e+01,2.681803750366140093e+01,2.579933494204539102e+01,2.625942670832375825e+01,2.787355846848549845e+01,2.743513623895228193e+01,2.667380976982479979e+01,2.586508072710552142e+01,2.756721195249679113e+01,2.758840947885852302e+01,2.751778437701892699e+01
2.548280314141902636e+01,2.716689061125458693e+01,2.774574690226779694e+01,2.736114405740931943e+01,2.703630714901777310e+01,2.623260465273858699e+01,2.682207982109241584e+01,2.674359508895423687e+01,2.739884573091040920e+01,2.706767766434205669e+01,2.736940518381277343e+01,2.697284120026154142e+01,2.791183542474624346e+01,2.700623676382451777e+01,2.567964496402424857e+01,2.791319605730421927e+01,2.767339887602099679e+01,2.691167551724049645e+01,2.808555332747084776e+01,2.654007159323896303e+01,2.792890466043667175e+01,2.620423368755473348e+01,2.710404727068811326e+01,2.630531476837393257e+01
2.578784263343413841e+01,2.728373375901753661e+01,2.693293888157018046e+01,2.789514276926109915e+01,2.636641884769301214e+01,2.667441887317784222e+01,2.710366256995610001e+01,2.759503607749900311e+01,2.608251768226739387e+01,2.667466261257220594e+01,2.593872084856570837e+01,2.703419156611772678e+01,2.728729923163308513e+01,2.710844269908574233e+01,2.667133216838925591e+01,2.714174852530300086e+01,2.625295735236750261e+01,2.770043666718373743e+01,2.691268354273813657e+01,2.699280696759848297e+01,2.725161008594477607e+01,2.782444012450889659e+01,2.732100082665988339e+01,2.798936657826936880e+01
2.625467700440901808e+01,2.685022411961227817e+01,2.883511820011500504e+01,2.746031256353802519e+01,2.731494563218831217e+01,2.753394370333552388e+01,2.862118464316836253e+01,2.720661306502893240e+01,2.739613554288871455e+01,2.673555468752300612e+01,2.728270619495981464e+01,2.693494204944312287e+01,2.741244725985620789e+01,2.764660390985670801e+01,2.692658865119489064e+01,2.732259483765369623e+01,2.666839274230551382e+01,2.628876627635173691e+01,2.762610252828773127e+01,2.745012806558702323e+01,2.759327790817815185e+01,2.648522419022822305e+01,2.833358086191526581e+01,2.803423701445427696e+01
2.762236400333546271e+01,2.677556672404153915e+01,2.701817453062437835e+01,2.690000019777528451e+01,2.728807011366325241e+01,2.722079110977927030e+01,2.697848148920274980e+01,2.763764019809258343e+01,2.690733171066187879e+01,2.681666381613763406e+01,2.610595504911162834e+01,2.688623800939598141e+01,2.712894091198421620e+01,2.682039943971420826e+01,2.683947965371248756e+01,2.670627094059608453e+01,2.706038146896679564e+01,2.692065665748697256e+01,2.675100413971557600e+01,2.662392550903177835e+01,2.697421967597921366e+01,2.737589580617418505e+01,2.740330536203538259e+01,2.749920696559922817e+01
2.675736253134067510e+01,2.666222090177399195e+01,2.693887457776793326e+01,2.646680241582083681e+01,2.624296274497015702e+01,2.571542466862410947e+01,2.657295266757103036e+01,2.588509625376048007e+01,2.619478994792382309e+01,2.608589110900112473e+01,2.705897494288927874e+01,2.633620064218030166e+01,2.698625359697808790e+01,2.661981049119668796e+01,2.710586001645992837e+01,2.764664245654637398e+01,2.653470339416730894e+01,2.673913817150298655e+01,2.721850603714960926e+01,2.771241192006004894e+01,2.715410693975036338e+01,2.707712636611677226e+01,2.675231818949157514e+01,2.747694314627528911e+01
2.663859956517973160e+01,2.755308102932303882e+01,2.714707278025849746e+01,2.709776276820207386e+01,2.645355113784671630e+01,2.831265899037043710e+01,2.566531490235990987e+01,2.610600114907992975e+01,2.730598495796215275e+01,2.714228308727587091e+01,2.714336582155937094e+01,2.693731269200321776e+01,2.704754321201772882e+01,2.717564122839428364e+01,2.763220219151719448e+01,2.843728735512843286e+01,2.730297207479776489e+01,2.757133362565696189e+01,2.725515362770164529e+01,2.787354555482801288e+01,2.727475487123200537e+01,2.775571893794932521e+01,2.675978311568991330e+01,2.754361610782552816e+01
2.726076139501992657e+01,2.721161542331088867e+01,2.690278451448500618e+01,2.694619578304184415e+01,2.793896342624623230e+01,2.656653463564606454e+01,2.712751784529405086e+01,2.722250708291335286e+01,2.706938795176995427e+01,2.664775432789997467e+01,2.777533345732922498e+01,2.649342974323485578e+01,2.688236757084075634e+01,2.747358453807061096e+01,2.736141269867681558e+01,2.687474087830679537e+01,2.803661217478037315e+01,2.733541082997845706e+01,2.832301623298252480e+01,2.818104916037827934e+01,2.722901891555449083e+01,2.745308457518251544e+01,2.695847485424962997e+01,2.708934450239979697e+01
2.754992376719798131e+01,2.597779294438180386e+01,2.604990414564946377e+01,2.676198304190319277e+01,2.622165806082330164e+01,2.677763803947686938e+01,2.670274229328259707e+01,2.614894819690681516e+01,2.614603137277674705e+01,2.640514841407070890e+01,2.676738092093637533e+01,2.718640637492717360e+01,2.647107254680508959e+01,2.697733227085495855e+01,2.671122542819387036e+01,2.674206163986002593e+01,2.729476562728598310e+01,2.697521314994384056e+01,2.793964875680450177e+01,2.746304917344502883e+01,2.786123601394956495e+01,2.732541066249075357e+01,2.694608954488899144e+01,2.686590594609714344e+01
2.700746796058894006e+01,2.607996485190631120e+01,2.669645234175214910e+01,2.579074481174666289e+01,2.588900328021964015e+01,2.626638221755223412e+01,2.615033148160335941e+01,2.572490168629724394e+01,2.687231471105707215e+01,2.672458029034487481e+01,2.652506369709317369e+01,2.621180828748248359e+01,2.719840532222104912e+01,2.676086814808900272e+01,2.692161120684102116e+01,2.598037285396230800e+01,2.699614513656825920e+01,2.762871019977262677e+01,2.679839969122554066e+01,2.761564271156038330e+01,2.750751158340494840e+01,2.744769202756577897e+01,2.707510981202648281e+01,2.650670093312021436e+01
2.600723606183248648e+01,2.650660482883807845e+01,2.694904085828085272e+01,2.684536227090114835e+01,2.634511725824228279e+01,2.764794657284687673e+01,2.659206286227384908e+01,2.786897315548651477e+01,2.724394926314124632e+01,2.590387007079687010e+01,2.693700204094869832e+01,2.671508883000461765e+01,2.676820029629578812e+01,2.673854710223281472e+01,2.696538887268656026e+01,2.588476010589204179e+01,2.682011060129696034e+01,2.733851840665249711e+01,2.788225020504330587e+01,2.781096304664822583e+01,2.716620723136884408e+01,2.730114123653470415e+01,2.685209384262549293e+01,2.761946549595035094e+01
2.712914049072219314e+01,2.743186568260756530e+01,2.731150417422833243e+01,2.587986521378752514e+01,2.665288954349233563e+01,2.689347302300291176e+01,2.782816108473076611e+01,2.603309214316414000e+01,2.655699514006954587e+01,2.660978663408144484e+01,2.685065106482375086e+01,2.761143372512987071e+01,2.698579741726911152e+01,2.682234678827160224e+01,2.686103820309017465e+01,2.660543565623834183e+01,2.731038438246918076e+01,2.738653214721330187e+01,2.827446934540819257e+01,2.723387112827845158e+01,2.767591617541381765e+01,2.720908441270097455e+01,2.801925725143803447e+01,2.722137197635197481e+01
2.590406891493091734e+01,2.649763430957858645e+01,2.688831726354857210e+01,2.720438001886532220e+01,2.625741316437409978e+01,2.700107321313254261e+01,2.668770162389836287e+01,2.653489195949271107e+01,2.632955100633381562e+01,2.674266640871150003e+01,2.640650302450990239e+01,2.665168529973658451e+01,2.660385760967363922e+01,2.719798777025255276e+01,2.598744041207788769e+01,2.601586701504686516e+01,2.688204781310150793e+01,2.742301445611701638e+01,2.735569160808057632e+01,2.772893235829383229e+01,2.700445923311252727e+01,2.715188251260349261e+01,2.689400707751394748e+01,2.682378086188572297e+01
2.566897750567630965e+01,2.654230935483667508e+01,2.692400569968430091e+01,2.578861724869449290e+01,2.747109009866164797e+01,2.693774729912360044e+01,2.629764084861324136e+01,2.625789044102435810e+01,2.672847363420748934e+01,2.575177538207918815e+01,2.757169488311598116e+01,2.608900790422967475e+01,2.689073404408588885e+01,2.576760266291040580e+01,2.643133474001882632e+01,2.590102606438517796e+01,2.710056896464629972e+01,2.720017715828572591e+01,2.726422406379373342e+01,2.812325464378983497e+01,2.706781089073979274e+01,2.786341908491311870e+01,2.637359065548491799e+01,2.695497310511149180e+01
2.623826169019190502e+01,2.672674325573359511e+01,2.633924761628139777e+01,2.732105898843099112e+01,2.650053245417558401e+01,2.657307668015130275e+01,2.684023126174525942e+01,2.651240821168875073e+01,2.647807843052038379e+01,2.648527671976773945e+01,2.651925644538488314e+01,2.618510158838472535e+01,2.637129586628458355e+01,2.715227172414915913e+01,2.682104599290158831e+01,2.679285675416332424e+01,2.727662508581721568e+01,2.872863809984977479e+01,2.782210178499207132e+01,2.786360638581385274e+01,2.766108690363006417e+01,2.889052516947060667e+01,2.671519456477722088e+01,2.728616225771372683e+01
2.765044751551766922e+01,2.623030676621084467e+01,2.753276953014221817e+01,2.686264345594872793e+01,2.699759924264196798e+01,2.656533422620623242e+01,2.692443918340956088e+01,2.702567475239055739e+01,2.700359860048979499e+01,2.651834607816823564e+01,2.664625300648788198e+01,2.654848613211697739e+01,2.656611669386887797e+01,2.690906878915484413e+01,2.686264613577554883e+01,2.675061392766627932e+01,2.718939654045522047e+01,2.774085557860678364e+01,2.758767139789028988e+01,2.780994211275310590e+01,2.729608727612418306e+01,2.786288971630972355e+01,2.774751414972774910e+01,2.860875430833641531e+01
2.661882119427815496e+01,2.582765850266827101e+01,2.629117631277676992e+01,2.566156886246631075e+01,2.665730844619565687e+01,2.622877111995796895e+01,2.706461943515694202e+01,2.731217653915939536e+01,2.606711674529896072e+01,2.582121029397046641e+01,2.627562281529901611e+01,2.631482519192616110e+01,2.592493628019366270e+01,2.616149894075016391e+01,2.629010171087361414e+01,2.614694602010087010e+01,2.768872182790306624e+01,2.757034490528610604e+01,2.679490316520963233e+01,2.716942955970932871e+01,2.803069507657022541e+01,2.751019316966494443e+01,2.776588233717694720e+01,2.742737532615626606e+01
2.607883256809793693e+01,2.516480104511100535e+01,2.711312350494051771e+01,2.603738156976339724e+01,2.639252692060767913e+01,2.646222700645836312e+01,2.728989917003434584e+01,2.604887040207364635e+01,2.738443878662809539e+01,2.684104721054023912e+01,2.499256089727032304e+01,2.624622409542701007e+01,2.688685808142082578e+01,2.722091129116029151e+01,2.643585526181800560e+01,2.656599759964689156e+01,2.682849923608205245e+01,2.679442217754518651e+01,2.694584818077674981e+01,2.722587572638212805e+01,2.743614656497743454e+01,2.809493197020788102e+01,2.741267971089223465e+01,2.766218864210611628e+01
2.594122801131362621e+01,2.699288746783668103e+01,2.581564919457804308e+01,2.631920903663694844e+01,2.634233985417989743e+01,2.692925393414185464e+01,2.618903736402938875e+01,2.730043113980576663e+01,2.679863890540008242e+01,2.606256216103105317e+01,2.625043766040136006e+01,2.642145865345719358e+01,2.678017806734828810e+01,2.709971318264763340e+01,2.694444862820677145e+01,2.696229547645998537e+01,2.712372175835020016e+01,2.766104028309854357e+01,2.699809232438360596e+01,2.771238121987482828e+01,2.629508508682874890e+01,2.795879684946442012e+01,2.656490183685082229e+01,2.604818600286535002e+01
2.784737992736052092e+01,2.693410193395811802e+01,2.758841935046314120e+01,2.753397588528298456e+01,2.705120468487348262e+01,2.640869368752339597e+01,2.612618375941133309e+01,2.598500903047329302e+01,2.667990713222741306e+01,2.634863529949882377e+01,2.671615741597605620e+01,2.657263201120940721e+01,2.697226002727478544e+01,2.711385343087471256e+01,2.876575072975259673e+01,2.791101181733637304e+01,2.842893219944522798e+01,2.752537456996049059e+01,2.782134765665074383e+01,2.609534977819737378e+01,2.778527252380024493e+01,2.763633418293511568e+01,2.788889717401019652e+01,2.605390525849179539e+01
2.642607044218823376e+01,2.685408255687883639e+01,2.641560934455588949e+01,2.673860069484550195e+01,2.723860500708980226e+01,2.696169454020065359e+01,2.609540283360206558e+01,2.650260049509364535e+01,2.652112097434871885e+01,2.653354830001018172e+01,2.666123729045244772e+01,2.703014847194441472e+01,2.668143543326681311e+01,2.709106070269751854e+01,2.722360708884667702e+01,2.722252782126520287e+01,2.757444030372801080e+01,2.658345704391206255e+01,2.696713559076903266e+01,2.728734794678479147e+01,2.642432059679157419e+01,2.756185606549513523e+01,2.809506822059154274e+01,2.718521966099200426e+01
2.609718961962215644e+01,2.706278382166141228e+01,2.703942112577658463e+01,2.650920847303018490e+01,2.622694610343069144e+01,2.669707555342006344e+01,2.608235613132814024e+01,2.511001575881090275e+01,2.666346903471213636e+01,2.689697709141751147e+01,2.641440256803241482e+01,2.709552667719418650e+01,2.685658724582293644e+01,2.649120394122286370e+01,2.811677477738260222e+01,2.734748190410692814e+01,2.792714611445603623e+01,2.696937516391403733e+01,2.716322442972250428e+01,2.745970211817598283e+01,2.673834098891251188e+01,2.719573537068822588e+01,2.653789256586742340e+01,2.597932841140783466e+01
2.564268403626613235e+01,2.626876425498397793e+01,2.595374410909022345e+01,2.626744422330921225e+01,2.615615092665564134e+01,2.662013741370952857e+01,2.727520397353606540e+01,2.749424409250849521e+01,2.763540254078549196e+01,2.856792445683095139e+01,2.736687123019129331e+01,2.769432613726570480e+01,2.707695182099251952e+01,2.757623001460933665e+01,2.788160909206226279e+01,2.655173869343855131e+01,2.737216132639309762e+01,2.895224837850247468e+01,2.778991783895912704e+01,2.759404567661596275e+01,2.806253907858530283e+01,2.836677784744898645e+01,2.755881069950038409e+01,2.685587345016779182e+01
2.636374629849132134e+01,2.683463734964442438e+01,2.565769516387393878e+01,2.625147289348393542e+01,2.721495433150437293e+01,2.770545973352682267e+01,2.755368307229190350e+01,2.701650217466038839e+01,2.685547171146674827e+01,2.706168189272449354e+01,2.793507106473634849e+01,2.767134825129539877e+01,2.780427033794592262e+01,2.880268446770941182e+01,2.836960370301039802e+01,2.710084522509737326e+01,2.738389242460851847e+01,2.873564310946574096e+01,2.744022827781458318e+01,2.688992093172618070e+01,2.699179634595691368e+01,2.638052073614096571e+01,2.693051032158228963e+01,2.742142110060348159e+01
2.640395017176399506e+01,2.643677762790019869e+01,2.650978184552781158e+01,2.602939501039315928e+01,2.571884444909591139e+01,2.668663779610318443e+01,2.661044004398615925e+01,2.772306922366470872e+01,2.623948932708475468e+01,2.766777618298556263e+01,2.583873392334942309e+01,2.670563859829752573e+01,2.621721600618042203e+01,2.699164551753938213e+01,2.646382967750685111e+01,2.690302168087316659e+01,2.712605029134039114e+01,2.729558663722292522e+01,2.724303004793625860e+01,2.697826088091125030e+01,2.790315397771161088e+01,2.765180713590353889e+01,2.746308419920211463e+01,2.607775526868033467e+01
2.588399605890384692e+01,2.644511757152019982e+01,2.627558158159524737e+01,2.617892139302676924e+01,2.588144781247518722e+01,2.665574379304712238e+01,2.674032246104599153e+01,2.497247308573247437e+01,2.570403809285164698e+01,2.578361618676962053e+01,2.587472833982792508e+01,2.541642490427159373e+01,2.641320666794285899e+01,2.658063201597559555e+01,2.612842477649286366e+01,2.605256464295615615e+01,2.641339005058404155e+01,2.671421175450188912e+01,2.597338644238311645e+01,2.626492329339663456e+01,2.728680954593852448e+01,2.584141870373235861e+01,2.601467075421084019e+01,2.726311066004575423e+01
2.528445905658145421e+01,2.708452618946949997e+01,2.595919633151913786e+01,2.682983150128552552e+01,2.586794229972582571e+01,2.653536533059047997e+01,2.665620183258567977e+01,2.612109575894237423e+01,2.718889447278758098e+01,2.765560307268714269e+01,2.492573761540683108e+01,2.728011080052039006e+01,2.570962750354522086e+01,2.592426687587209244e+01,2.574691307723213640e+01,2.655330591464343115e+01,2.796781726361393794e+01,2.817406794134655001e+01,2.676063154161789726e+01,2.713696284444966977e+01,2.704582931767214404e+01,2.875444393890148831e+01,2.672648143854286218e+01,2.698603644205076080e+01
2.679434627851770756e+01,2.527990334960844621e+01,2.701823023265291113e+01,2.750148004247608924e+01,2.742765577185383563e+01,2.634207321159055937e+01,2.718219571070466145e+01,2.612724179976180494e+01,2.751633884875070635e+01,2.630177766128025496e+01,2.743752141300529956e+01,2.677630804247905871e+01,2.682555830860911783e+01,2.644201041118270723e+01,2.792098466275149349e+01,2.715042938488210211e+01,2.725700423203056744e+01,2.667664415836935632e+01,2.852771214143911038e+01,2.645645463298211553e+01,2.653954001942946661e+01,2.631598433526914960e+01,2.733260495260287826e+01,2.734671471834417389e+01
