2.261011564864821821e+01,2.445781814391136777e+01,2.530372311800414309e+01,2.636249209817918882e+01,2.490579259461804895e+01,2.443888626953963694e+01,2.457020359476803151e+01,2.475072780262848937e+01,2.602872406469987254e+01,2.506789197438843075e+01,2.451418858808534651e+01,2.469053010514602420e+01,2.318517655092279028e+01,2.385860668598388656e+01,2.325344652636249521e+01,2.383636222711157870e+01,2.447729266607365162e+01,2.487464028091000046e+01,2.420669037011987257e+01,2.524800634185243098e+01,2.364048500303243827e+01,2.572864438451347269e+01,2.576030065396895452e+01,2.568408413068459595e+01
2.321399455097594000e+01,2.482895672891612548e+01,2.550416843865451710e+01,2.435427859391995753e+01,2.482892235156225524e+01,2.468718878937647787e+01,2.479308377847314659e+01,2.420612922346640516e+01,2.493687861912712833e+01,2.460351860879956121e+01,2.502669516858787802e+01,2.338594399724473760e+01,2.436530658494592672e+01,2.414384389502470185e+01,2.447192454676394391e+01,2.346235964273802210e+01,2.432700156387329571e+01,2.481597458357447294e+01,2.425563629347300321e+01,2.428462255489080235e+01,2.363321688235629381e+01,2.537185666552767316e+01,2.426478552581119175e+01,2.367958116173599592e+01
2.394862254072654650e+01,2.548248591421861420e+01,2.319795967474919962e+01,2.489935933694414416e+01,2.312220414444084327e+01,2.585915518072425812e+01,2.334944886223291860e+01,2.447133988440981511e+01,2.402895466906636557e+01,2.505016355721539867e+01,2.411849478936022706e+01,2.466200462570895979e+01,2.315609508815066420e+01,2.369225860889957858e+01,2.282009330830902627e+01,2.437560052794782450e+01,2.403471838247372716e+01,2.368029679776736884e+01,2.420350783968376618e+01,2.531917741434335767e+01,2.471509476091677016e+01,2.569334479654861525e+01,2.525294182180675762e+01,2.423526675501165073e+01
2.548379175964930710e+01,2.419680082825777845e+01,2.546765867772353431e+01,2.450055237654942175e+01,2.510736702002111542e+01,2.366523307789316277e+01,2.565807402888378874e+01,2.430854466077914822e+01,2.469212332715341063e+01,2.293379245022094892e+01,2.511982852049635540e+01,2.478643494925717050e+01,2.488220683247948273e+01,2.358012574806832617e+01,2.456841690929627475e+01,2.423256332706267813e+01,2.492729824629157065e+01,2.400980337449027502e+01,2.451135621152252497e+01,2.566308278293456624e+01,2.536071205448695309e+01,2.455301863258995354e+01,2.681733036635796452e+01,2.285245817492381093e+01
2.447450126085448119e+01,2.524658259868255072e+01,2.527665479525506953e+01,2.510253890850646030e+01,2.474912408163368127e+01,2.476663660989015625e+01,2.409990623355400885e+01,2.528568294264562155e+01,2.471454947848093298e+01,2.373942297971450444e+01,2.511999155051688604e+01,2.372594588283914163e+01,2.387308933831059221e+01,2.366022153130580818e+01,2.396601041373077123e+01,2.357023846875068784e+01,2.458364503956198632e+01,2.569139522226964800e+01,2.421581782707437469e+01,2.472465448823578527e+01,2.452675865101321051e+01,2.527161372772951609e+01,2.420596513669642036e+01,2.504750319558149840e+01
2.607967626833169561e+01,2.410049808514213510e+01,2.518804379201054644e+01,2.292019873242145422e+01,2.439658071325135325e+01,2.388266497113653486e+01,2.374541914549553212e+01,2.352754286639060410e+01,2.469319083705596540e+01,2.480843305930352471e+01,2.462098494739990429e+01,2.448688100623098762e+01,2.498203459856603104e+01,2.412359211833302197e+01,2.538445925389277136e+01,2.409347401868717498e+01,2.453996151094054312e+01,2.401941045783348727e+01,2.477347394969973493e+01,2.562657382913431547e+01,2.581646033981070332e+01,2.459259639465079772e+01,2.532235995999729994e+01,2.372165397356155836e+01
2.433720637323409619e+01,2.477591396641241772e+01,2.270581556869007045e+01,2.467202580174142668e+01,2.298062066697644923e+01,2.583792283806781143e+01,2.350098718517517682e+01,2.448461844892835870e+01,2.378728819483279722e+01,2.505173608408006203e+01,2.473144260910981984e+01,2.537300381007202077e+01,2.289819209791085086e+01,2.543150775578959610e+01,2.431591624016908781e+01,2.527523558585511410e+01,2.317043563590027588e+01,2.475179610572911315e+01,2.365338980660129664e+01,2.576774984640411503e+01,2.557226257419961257e+01,2.389396857736545599e+01,2.328621672387993158e+01,2.383328604646226268e+01
2.371863370309796437e+01,2.239310715401552443e+01,2.476983965621928974e+01,2.303959100980409858e+01,2.486778384179933710e+01,2.391787023877031970e+01,2.438047891038741000e+01,2.376945360634937288e+01,2.446754288804010002e+01,2.327528192312877309e+01,2.449941707223518961e+01,2.420446676784382589e+01,2.520007010657121782e+01,2.382103430949064204e+01,2.487586715211324417e+01,2.459137193594449400e+01,2.500130208896268869e+01,2.467913687976010806e+01,2.524585069346574073e+01,2.435504757656832453e+01,2.505556469901785022e+01,2.417478556005875134e+01,2.525962683976456447e+01,2.458196870913297971e+01
2.449736116346207382e+01,2.370837370523059917e+01,2.321982130711131731e+01,2.396106623763205334e+01,2.386333287886617427e+01,2.425814523920979582e+01,2.353398223525675803e+01,2.447088587303124996e+01,2.399721387261024574e+01,2.452671001893111224e+01,2.297864932022542916e+01,2.313587849781532668e+01,2.452928781805769631e+01,2.499799421131911004e+01,2.425291520450940652e+01,2.473004597726168186e+01,2.446915736146939935e+01,2.493749395782077727e+01,2.507238907381486115e+01,2.466147251449814348e+01,2.388360351374592483e+01,2.399015076138459790e+01,2.495424760659062713e+01,2.432623475041901884e+01
2.349978121633353112e+01,2.392347963810181000e+01,2.427231130211146137e+01,2.305503828969710867e+01,2.424558276894401843e+01,2.359063625981224277e+01,2.488527864792655464e+01,2.352013936161813490e+01,2.392877897609042748e+01,2.350033210534633099e+01,2.388240536015661064e+01,2.393415455406329784e+01,2.344007874538613123e+01,2.435046843303729247e+01,2.443792890591549849e+01,2.537288033377558349e+01,2.421902170002869070e+01,2.341295514634117580e+01,2.492806949632898750e+01,2.405580712013397715e+01,2.397844475938580899e+01,2.471931902034685891e+01,2.437271401689650929e+01,2.362807871028900308e+01
2.368800571372844388e+01,2.368653294690858502e+01,2.314829559054805941e+01,2.477354518217680379e+01,2.397084394751578884e+01,2.427505770647110239e+01,2.273166043184568252e+01,2.344771872965054627e+01,2.259278516898319822e+01,2.324932790824533413e+01,2.295366292305936895e+01,2.427102959727136522e+01,2.373655499117745649e+01,2.363210310858374896e+01,2.397651095325659298e+01,2.387500144612306485e+01,2.557833572119972132e+01,2.614002572469439656e+01,2.448475875377795319e+01,2.540433541510810755e+01,2.399373522615411503e+01,2.514916247465060906e+01,2.349087131705874754e+01,2.475325545507536162e+01
2.421604613566779562e+01,2.341698678967418346e+01,2.521427734309429525e+01,2.409328833382869561e+01,2.407414144849695958e+01,2.404356613200764059e+01,2.398496861771820932e+01,2.339025778398445254e+01,2.318830749686520676e+01,2.386357253529683931e+01,2.425841712901609526e+01,2.316233743379109455e+01,2.455189923046242484e+01,2.363309515435958019e+01,2.451110765146853510e+01,2.371839169529232549e+01,2.450203638849512799e+01,2.505413599032749516e+01,2.656634601072317992e+01,2.539930551804775405e+01,2.494587846502753337e+01,2.339885836509387218e+01,2.418341066682990004e+01,2.338727348384355764e+01
2.435891422342353962e+01,2.382567642793145524e+01,2.453349915668053427e+01,2.492355937253256570e+01,2.425608836774409838e+01,2.376632971944030714e+01,2.323363344908142381e+01,2.291577568834304657e+01,2.300232983184599789e+01,2.334558050083381886e+01,2.517800020123047489e+01,2.464314588306211817e+01,2.412996405731740879e+01,2.340241740998436626e+01,2.472244554467152966e+01,2.314666813703780690e+01,2.480994915484876628e+01,2.457916779080136394e+01,2.601585175427879904e+01,2.457826072024158748e+01,2.403378473155282791e+01,2.374535013711465581e+01,2.328556698319164298e+01,2.400625386271468642e+01
2.289873515557110295e+01,2.405998718794739943e+01,2.506242689375102373e+01,2.421500154772644464e+01,2.455768169320623429e+01,2.462692352925847672e+01,2.386382269627085861e+01,2.275696591206815356e+01,2.366993026656354004e+01,2.392524159730578504e+01,2.623794942951633402e+01,2.579260568425479505e+01,2.497807226358645494e+01,2.373858872544377618e+01,2.404369544670623782e+01,2.329779840541692693e+01,2.480081142775298986e+01,2.413160096570595670e+01,2.597111006050056403e+01,2.411585677351871482e+01,2.377460234855396948e+01,2.378121917163451826e+01,2.370359464713362740e+01,2.411773948651648425e+01
2.362389172495568346e+01,2.501365288954821153e+01,2.449976753313910649e+01,2.466979297274616556e+01,2.342975809385717412e+01,2.358442412103192964e+01,2.348699123023249058e+01,2.399244518086186417e+01,2.377402903937121437e+01,2.611944331806444097e+01,2.797270836826197637e+01,2.867865543857516286e+01,2.846512858027114135e+01,2.688409560785044050e+01,2.431630547449128699e+01,2.419644947997477402e+01,2.470517247801626581e+01,2.548919062127981761e+01,2.440696239464529071e+01,2.532425787358562275e+01,2.366988806648936361e+01,2.517869400625613707e+01,2.281528571132014349e+01,2.386921576502351172e+01
2.567293242028989653e+01,2.383688144955084454e+01,2.477037329517656872e+01,2.319139528324291177e+01,2.331476046779550870e+01,2.252524667445601381e+01,2.342933880574014438e+01,2.323316287980327388e+01,2.438449607472773550e+01,2.515429658040363847e+01,3.026521681997701307e+01,3.033183609695743144e+01,2.839544756480819387e+01,2.777769927138803041e+01,2.447271655052628603e+01,2.406727363263343022e+01,2.547598232713170319e+01,2.506701169196242063e+01,2.491109286558184976e+01,2.407721474518831428e+01,2.342247214822862134e+01,2.404810790240588858e+01,2.356673086632446257e+01,2.333292017390340334e+01
2.246664448367175737e+01,2.392963598275952108e+01,2.344787350741171394e+01,2.460131268828030215e+01,2.277348102421251497e+01,2.256004412277457050e+01,2.407467937616513609e+01,2.487890839865917769e+01,2.692126421059577979e+01,2.852895635898556748e+01,3.039530058863556405e+01,2.920855121044348834e+01,2.901561388510901907e+01,2.721870333976710299e+01,2.397594743814431695e+01,2.324970177192079746e+01,2.371774275662085074e+01,2.451705817607864901e+01,2.420943799848828348e+01,2.466693602524117068e+01,2.260382789676225457e+01,2.356596210004590830e+01,2.377823775377186166e+01,2.248980521658660336e+01
2.373644032986675256e+01,2.331103397019512613e+01,2.456119929233040011e+01,2.368346762012936324e+01,2.339853679577248613e+01,2.365862460488909846e+01,2.637426854507748430e+01,2.599231894263965614e+01,2.982285598632660140e+01,2.984791005059958025e+01,2.980625332680011752e+01,2.839683259659483383e+01,2.921774043858050618e+01,2.958473164903193720e+01,2.385356487090797373e+01,2.387816467132330445e+01,2.318534438214294369e+01,2.471335230445583875e+01,2.406059589340503635e+01,2.428816714777917696e+01,2.350183290253460200e+01,2.312844152752563787e+01,2.392495689508263013e+01,2.364157551007559732e+01
2.324235492107999335e+01,2.542443299493771747e+01,2.445992459952157105e+01,2.516237215117951109e+01,2.451777712600380710e+01,2.557057776036646146e+01,2.929256650318632182e+01,3.103037033261654187e+01,2.783304630340654739e+01,2.791209812805783486e+01,2.734545977059275401e+01,2.776702181770957623e+01,2.704389549451536823e+01,2.775029784353239393e+01,2.684905483701612638e+01,2.441911955386069621e+01,2.396270949411643869e+01,2.538142604598505159e+01,2.449780152887115037e+01,2.554199079334432554e+01,2.346889347330971987e+01,2.300241439790733011e+01,2.265702814803540832e+01,2.277976416912679269e+01
2.398013242347178675e+01,2.420909658825513588e+01,2.497652888720756437e+01,2.340680173830509148e+01,2.404871223023047833e+01,2.620409232173193459e+01,2.965240547012359684e+01,2.905257622127703598e+01,2.587771573365853328e+01,2.559835483986961435e+01,2.522649241061492376e+01,2.549736331378932164e+01,2.593221825724958762e+01,2.664761549026877674e+01,2.585188108933363083e+01,2.592931426348417290e+01,2.468306062564948888e+01,2.405489753881118986e+01,2.439914273753527141e+01,2.394750950485331487e+01,2.357156445303439796e+01,2.309597027338821817e+01,2.384822307390078322e+01,2.343464310578337972e+01
2.361682222279671350e+01,2.308666501758131062e+01,2.399455862479243251e+01,2.342961758030338615e+01,2.393680276931297612e+01,2.430800105935503552e+01,2.838047815293845133e+01,2.797664074834148096e+01,2.636634505203755907e+01,2.583318849586163424e+01,2.604808017430053724e+01,2.564996943729107670e+01,2.497433871110217751e+01,2.644440612613914254e+01,2.600115434992488872e+01,2.509900430522361603e+01,2.522524119586773850e+01,2.500995640412259036e+01,2.451156431187121143e+01,2.323265983384811761e+01,2.309951549787007252e+01,2.302717420181818397e+01,2.316958872667021296e+01,2.384739561660131812e+01
2.298212480426099091e+01,2.255297318940654350e+01,2.379048361583301130e+01,2.335354189115594181e+01,2.359697179899092134e+01,2.371768141008357134e+01,2.814051721142800488e+01,2.626774687110957984e+01,2.663846610903334522e+01,2.597799571197674595e+01,2.591725091169780626e+01,2.615499797039916530e+01,2.557022533715598911e+01,2.612318907189205675e+01,2.595759170022574835e+01,2.529412028319188721e+01,2.582376290143730557e+01,2.482753942572037431e+01,2.461222817599627888e+01,2.461206870004394887e+01,2.333524995241845090e+01,2.262435902878667093e+01,2.348972784310160478e+01,2.359293026217306988e+01
2.341555644996515184e+01,2.474919844898084875e+01,2.360086618479880372e+01,2.339913146123592469e+01,2.365607650717544175e+01,2.397819612307097259e+01,2.716035524025170389e+01,2.652645299796535028e+01,2.675975472139032263e+01,2.665868962958381871e+01,2.668277713728321032e+01,2.693833324309957789e+01,2.661596616395343062e+01,2.582720944038811695e+01,2.609214268833710548e+01,2.585089672843332664e+01,2.614901774638076404e+01,2.589363373296492910e+01,2.334205279363294494e+01,2.452775757035914239e+01,2.281613129117232575e+01,2.329407006583153361e+01,2.193717612238594938e+01,2.285380364510950812e+01
2.481270305136615661e+01,2.438520310476826580e+01,2.472003473458340750e+01,2.431178788743545738e+01,2.316431258676067273e+01,2.352359431944518064e+01,2.666745133849434524e+01,2.618822590114842797e+01,2.758439942669662059e+01,2.728229919943822779e+01,2.725339403633921620e+01,2.609117047704404513e+01,2.684358695869116218e+01,2.662434271538825215e+01,2.664050040940912822e+01,2.513102045229067016e+01,2.669093592527991632e+01,2.690131040859984068e+01,2.483821215498892343e+01,2.421894773024990855e+01,2.332182688040660423e+01,2.301279956137369709e+01,2.262192544786512372e+01,2.312699964404242792e+01
2.584438700853718274e+01,2.440128426544646345e+01,2.624310159012128452e+01,2.441825812277193108e+01,2.551497905259310528e+01,2.641783206153399988e+01,2.748275334731971498e+01,2.666357767930139744e+01,2.848837006942829930e+01,2.785810713693888374e+01,2.767197883844710304e+01,2.705049411255612313e+01,2.655653547108090606e+01,2.719895267990102639e+01,2.691441417034332062e+01,2.612755414240581331e+01,2.656613333485137218e+01,2.911027619327364846e+01,2.676124734263311211e+01,2.519112737062567930e+01,2.387704636298400374e+01,2.378655897731567848e+01,2.207608011187670627e+01,2.220555596896218731e+01
2.571849493006658349e+01,2.543138341682896453e+01,2.579953103547762794e+01,2.491663416848228962e+01,2.542876488102791654e+01,2.592517482787491190e+01,2.682775870405492924e+01,2.684800694567599066e+01,2.846037957383748562e+01,2.852225813779341479e+01,2.736713515337709168e+01,2.720732098123585274e+01,2.748294122198876721e+01,2.717266054352819538e+01,2.600688433157074542e+01,2.566218784851713508e+01,2.653063151318008295e+01,2.847175445192669940e+01,2.527856171076001601e+01,2.546964729757280566e+01,2.356741347600870995e+01,2.237895365784464730e+01,2.360727165215297418e+01,2.290010057066808713e+01
2.393375020907978978e+01,2.485693232728914381e+01,2.409588981671407737e+01,2.555420445791588691e+01,2.560563045829650264e+01,2.633585436923652878e+01,2.543826024674189057e+01,2.917848860203440609e+01,2.841796197800732671e+01,2.904336309462411236e+01,3.000165960931798281e+01,2.951069077025863407e+01,2.641281021872157453e+01,2.646882639185406561e+01,2.700700202277613471e+01,2.671050788910099527e+01,2.838766925753367332e+01,3.005378932335219133e+01,2.708117714784543750e+01,2.524210299915347377e+01,2.402823469455421446e+01,2.343592555968336910e+01,2.310926032502999306e+01,2.411559326117554747e+01
2.486306251071914630e+01,2.349320075293434229e+01,2.550664696048681890e+01,2.610288349720900669e+01,2.558066848850830866e+01,2.571396397221644747e+01,2.662640913936030529e+01,2.862488047833136307e+01,2.924315965134388762e+01,2.798082873205140686e+01,2.892529265480482081e+01,2.920513537173548002e+01,2.821726711062001414e+01,2.665056563866346551e+01,2.524180811969324623e+01,2.588705071396094581e+01,2.893742838744816481e+01,2.956094044045011060e+01,2.668519360416303243e+01,2.520411654208584196e+01,2.531728811136719060e+01,2.415023095668652786e+01,2.451113681607273520e+01,2.267163956055571816e+01
2.385043615189772481e+01,2.344659855195192222e+01,2.701736476734890857e+01,2.698958429645767865e+01,2.636175368793340112e+01,2.692855936520686555e+01,2.507505916189404616e+01,2.726224608812054839e+01,2.559857681850616018e+01,2.611221236516217914e+01,2.649827329532871545e+01,2.587315003706521566e+01,2.546494292354361733e+01,2.650819315322581815e+01,2.561879905120326839e+01,2.514724871950170382e+01,2.638713731351600700e+01,2.433169868414495340e+01,2.580468195138195142e+01,2.464610905114261641e+01,2.427976050079121251e+01,2.369839608885075677e+01,2.408475782109167085e+01,2.384006031999513198e+01
2.416778337212957695e+01,2.434092984825855410e+01,2.652128671848555541e+01,2.711464227254271009e+01,2.702813181019638478e+01,2.630226122558286761e+01,2.491234991483821659e+01,2.504980336321244749e+01,2.579996041511134308e+01,2.571207140308297312e+01,2.630151329040734254e+01,2.553669376740799635e+01,2.542118174478088122e+01,2.469112509025819691e+01,2.457118671183411607e+01,2.438684469409008670e+01,2.547700026689926744e+01,2.507758088879563729e+01,2.367180053551572882e+01,2.448007074367404812e+01,2.377197944217402892e+01,2.306590576661068326e+01,2.203757660287203635e+01,2.297051805847229389e+01
2.342695834583554415e+01,2.477300996239262076e+01,2.468945040219716702e+01,2.489324775117819399e+01,2.444622437203844356e+01,2.562163471972627349e+01,2.443124605602821475e+01,2.551656687765108700e+01,2.598860166837226870e+01,2.653950948908595819e+01,2.556228610130330026e+01,2.567535524189509033e+01,2.544695503556414451e+01,2.657728622118543171e+01,2.447964734279082677e+01,2.433138585857426506e+01,2.479875719360211406e+01,2.447297444796913624e+01,2.358342834425798173e+01,2.496369240870086514e+01,2.481910888266634174e+01,2.344247524040667940e+01,2.266295746401505085e+01,2.447736571822917995e+01
2.479543066794008155e+01,2.337945359543135737e+01,2.464573789055776842e+01,2.493978475357880598e+01,2.541931553886070105e+01,2.511037546800793052e+01,2.621925321669596087e+01,2.477805653231865790e+01,2.492308469930884485e+01,2.506646155329610792e+01,2.590357930519212459e+01,2.553517022952615889e+01,2.460189923943374879e+01,2.469530783981821287e+01,2.551931134158047598e+01,2.436507511427640793e+01,2.550105984746392096e+01,2.432359418333732037e+01,2.436597890157480606e+01,2.507468012291826653e+01,2.586855721483124171e+01,2.314616314284558030e+01,2.434816385277810014e+01,2.297078879677673058e+01
