2.841661339965094157e+01,2.704253693138684866e+01,3.024098446285995578e+01,2.867545632469204975e+01,2.910991247183903852e+01,2.857355569186961475e+01,2.970988864718475497e+01,2.868590699620580153e+01,3.110684836082128868e+01,2.862422411066887662e+01,2.895960361400091188e+01,2.733763196921256622e+01,2.918501454777333493e+01,2.848345626596665170e+01,2.989607795815896907e+01,2.848999109556280018e+01,3.028474613897338941e+01,2.889191006842156639e+01,3.009841532908370709e+01,2.799008973617560514e+01,2.978260704250618573e+01,2.881351140662400212e+01,2.973001468787731483e+01,2.749210942915840405e+01
2.694640009751617526e+01,2.915517066277294589e+01,2.783394119158776903e+01,3.030233554293903353e+01,2.824206204719314428e+01,2.897667062219863965e+01,2.776499515116506700e+01,3.001936736718943166e+01,2.807542511773323213e+01,3.052353245954532213e+01,2.757723032057901946e+01,2.870996906642085378e+01,2.895625729621536948e+01,2.893646940461900385e+01,2.870317619928374597e+01,2.896325543515962408e+01,2.800681346145091766e+01,2.996214850280313158e+01,2.906545842977038774e+01,2.953177280521674675e+01,2.894532377027150005e+01,2.994504663895799013e+01,2.718588081634402442e+01,2.971147480330938606e+01
2.843045802236679265e+01,2.782499634616533513e+01,2.980992769276986110e+01,2.804106360212250593e+01,2.861531428604581606e+01,2.873595717136970507e+01,2.940581751879528838e+01,2.829166492948445466e+01,2.926579722170225750e+01,2.877320742908881357e+01,2.877695154183629711e+01,2.847623778534750727e+01,3.059700099510428117e+01,2.950749839142298470e+01,2.944179140778277315e+01,2.914196669836985620e+01,2.917010111531925531e+01,2.864890368623059658e+01,2.916864506655701916e+01,2.966624625632249490e+01,2.905540254671632283e+01,2.984492281093213251e+01,2.937426914402334432e+01,2.822733083353114125e+01
2.757151937899590166e+01,2.888700832817198716e+01,2.714492514712657112e+01,2.864692556896807218e+01,2.735828080392963102e+01,2.830684684173905907e+01,2.925607341514472637e+01,2.829262156757982893e+01,2.875946773073383156e+01,2.903221746375885459e+01,2.926543807836083033e+01,2.790958099125123226e+01,2.874384282213873121e+01,2.975307419809030307e+01,2.909705298944930973e+01,2.952193245571299940e+01,2.868459751083622677e+01,2.916417424533597114e+01,2.982507726929367209e+01,2.909717995347449460e+01,2.893571226607241442e+01,3.027801436138230429e+01,2.880032662655497688e+01,2.851309901115331513e+01
2.803518076876139276e+01,2.709301481849672655e+01,2.873527075470713044e+01,2.763386431723671421e+01,2.968890954092091761e+01,2.881355340630466344e+01,2.814136992831492989e+01,2.730918437087098027e+01,2.972195697378032264e+01,2.836764092119176439e+01,2.936016564071331914e+01,2.874691507777248489e+01,2.940994120898989195e+01,2.843909822876230464e+01,2.887513050402799308e+01,2.922056344070813338e+01,2.995285099809012763e+01,2.841573589971687852e+01,2.897873525985670540e+01,2.968801298387410270e+01,2.928081878893954126e+01,2.843565798222948615e+01,2.897983792405625536e+01,2.899483682980070398e+01
2.884508233454022275e+01,2.842841107317076421e+01,2.732764296283454541e+01,2.824175857423261959e+01,2.760691587110648015e+01,2.883926162105103685e+01,2.808589993629038872e+01,2.875609534026756364e+01,2.880690767583456591e+01,2.979519145328902141e+01,2.801545289498369584e+01,2.857914354537945201e+01,2.928411504377561414e+01,2.915500460916052816e+01,2.858520185923532608e+01,2.951375102611922330e+01,2.892242194433219993e+01,2.897894513238549052e+01,2.849402026039592783e+01,2.987683879906478523e+01,2.901477896747729801e+01,2.941365837414377893e+01,2.756873199136202857e+01,2.955869437324327009e+01
2.929413947980935973e+01,2.831264319312685984e+01,2.925751514367334494e+01,2.752804461189975882e+01,2.898536509736248945e+01,2.889667985176367893e+01,2.932868219604029036e+01,2.815588958788180207e+01,2.833312023600836937e+01,2.788124427135642236e+01,2.894854730877796101e+01,2.849283693596322564e+01,2.842985640808973358e+01,2.923488453626026740e+01,2.883273238853439580e+01,2.836796209018052650e+01,2.876723742005259510e+01,2.848753102044838670e+01,2.911003685429614052e+01,2.972599064348753473e+01,2.998281487435815507e+01,2.918098015461873729e+01,2.988144398871810381e+01,2.927502556253961075e+01
2.791099772817779012e+01,2.905295186958346676e+01,2.787925097343082825e+01,2.956897384001433693e+01,2.927291988725335159e+01,2.882090246092019470e+01,2.845905839613868693e+01,2.890332174234453078e+01,2.802793311118421116e+01,2.899185410965782239e+01,2.903089988240111552e+01,2.958018884530935111e+01,2.864744694939435021e+01,2.905334697343488415e+01,2.903916710849904348e+01,2.907524292280129430e+01,2.955541047794361020e+01,2.940134004935498524e+01,2.806681259704635067e+01,2.993879566509161805e+01,2.928143405567601576e+01,2.991870060094345263e+01,2.915168167960564460e+01,2.947522803500078226e+01
2.885796288941378407e+01,2.800104302418924362e+01,2.848054979759535854e+01,2.811049473721936920e+01,2.901703384535341002e+01,2.822968313644577165e+01,2.981341793479151647e+01,2.850634868901903474e+01,2.883439633932454171e+01,2.895640821500518314e+01,2.737383459313662115e+01,2.715873710871989033e+01,2.880050282205996837e+01,2.840833585732872280e+01,2.944570888990062940e+01,2.768473536466575524e+01,2.878282196964539708e+01,2.787923362564640684e+01,2.875466363707369055e+01,2.888502673561680467e+01,2.954349252898038003e+01,2.896609071242500022e+01,2.978758356848123867e+01,2.808627054020735159e+01
2.769085846976088305e+01,2.898467762754381738e+01,2.870927227820948247e+01,2.896571894167760775e+01,2.691544648712942944e+01,2.894940772225248793e+01,2.778950057952653196e+01,2.904598079956093670e+01,2.802931193886433903e+01,2.877739552728974104e+01,2.843289788006512708e+01,2.962931814108429762e+01,2.753162169517526081e+01,2.904299122845156944e+01,2.885256637911862754e+01,2.906467735572380207e+01,2.748980060180184637e+01,2.905872707898890894e+01,2.758136603961361288e+01,2.915937983902750830e+01,2.960137393668458117e+01,2.997086460866989910e+01,2.765895219682744255e+01,2.919585021352355625e+01
2.793877782513118291e+01,2.786361793661609454e+01,2.928711957661846554e+01,2.904442130865675153e+01,2.814064841106522863e+01,2.857215828404230251e+01,2.802604191302702930e+01,2.866071076240581306e+01,2.889663904781440351e+01,2.762957312637871610e+01,2.880288553655702799e+01,2.786685686398408279e+01,2.916068854863340221e+01,2.939796808384801352e+01,2.869215319513040185e+01,2.959167845841290045e+01,2.830256480937418928e+01,2.819559294294390384e+01,2.930650655621440137e+01,2.852948219395563001e+01,2.956953450305303477e+01,2.965086534006474039e+01,2.895733895233900057e+01,2.856519422058414648e+01
2.882492627361665427e+01,2.791401395246163020e+01,2.781083647910332957e+01,2.850772065735731076e+01,2.911160422572686457e+01,2.827815098036364816e+01,2.832347323012368179e+01,2.959773662338841405e+01,2.809602308089665712e+01,2.833122700110186543e+01,2.867499339225668109e+01,2.873453194548875445e+01,2.773178681596778006e+01,2.910969937795209717e+01,2.939083407574753437e+01,2.892078154749918895e+01,2.922791885633102993e+01,2.941298534765229533e+01,2.881256700843943008e+01,3.006087922944834645e+01,2.846451393475155101e+01,2.973416709879643349e+01,2.884244385539614086e+01,2.986916626438551248e+01
2.891396534819108410e+01,2.717392182691281732e+01,2.830731498018985803e+01,2.735609065934642103e+01,2.930519299261942479e+01,2.858756117671401853e+01,2.976659316280813528e+01,2.806558536334927112e+01,2.897699663399782821e+01,2.826309912027289784e+01,2.834394523283083345e+01,2.796918592265848247e+01,2.912534695130995033e+01,2.809261278185698529e+01,2.926264231188491749e+01,2.791608453272903034e+01,3.006143806182029721e+01,2.918354164272670914e+01,2.868818656873685313e+01,2.930705124719332844e+01,2.996808976527296409e+01,2.784231664517272975e+01,2.888641624181775569e+01,2.853740918803538307e+01
2.797697234599280591e+01,2.935106601467413157e+01,2.787179695562008419e+01,2.825736250459897292e+01,2.834085673199246003e+01,2.835371565837766639e+01,2.790940115686362333e+01,2.882470140936749203e+01,2.739085696616632504e+01,2.890107723149952790e+01,2.755400683300831588e+01,3.006141428046083774e+01,2.851282967083210451e+01,2.903890107558748923e+01,2.749623507117246390e+01,2.900913768098183709e+01,2.795819656608813375e+01,2.944379336055760632e+01,2.761875461885875893e+01,2.912456349345558237e+01,2.815659622891939762e+01,2.919364084661134484e+01,2.823531858376094306e+01,2.792881353434034963e+01
2.905747625825148361e+01,2.877599664202364238e+01,2.791027042629752941e+01,2.875992475233573487e+01,2.795183006173272133e+01,2.857423539043821847e+01,2.905995778819561792e+01,2.763973152133615940e+01,2.849041612187909323e+01,2.875768617727828769e+01,2.824794930704496210e+01,2.765859679688162487e+01,2.759144873134408726e+01,2.897373333945967033e+01,2.875152190608906722e+01,2.783699978344424153e+01,2.985905150459535662e+01,2.848709367278723903e+01,2.933419968977659664e+01,2.890287740809282013e+01,2.896072016611856270e+01,2.836108592970276732e+01,2.725302310768148573e+01,2.812032695755630129e+01
2.735839618441860921e+01,2.800967799667239433e+01,2.799975120280299734e+01,2.858313448673328594e+01,2.729822555644460635e+01,2.751924693113630838e+01,2.778230127228835045e+01,2.819234523665897996e+01,2.724707095324140482e+01,2.811255861873161166e+01,2.844558188993693193e+01,2.866722254142837301e+01,2.721037905301267301e+01,2.787792670214219015e+01,2.739500216873551608e+01,2.874345342632324218e+01,2.892485228077754300e+01,2.882365019142673646e+01,2.826682600393633038e+01,2.910969628977881030e+01,2.867082644589436313e+01,2.975657343150498946e+01,2.835388765794954224e+01,2.971428449473853561e+01
2.801100653349237746e+01,2.666940832404662842e+01,2.760707336379863364e+01,2.756937830570512915e+01,2.770593546136888108e+01,2.642577394276952418e+01,2.831522131872810633e+01,2.638710342070692150e+01,2.803847205528330733e+01,2.782697875106941865e+01,2.839254743587582652e+01,2.720528522875980570e+01,2.766322896597426961e+01,2.651247802146264121e+01,2.816917976623381037e+01,2.714861931506823112e+01,2.790374050480539836e+01,2.651758987435721338e+01,2.822335749691711726e+01,2.850617316845324467e+01,2.884761638966176633e+01,2.825737776246887734e+01,2.909149806416593265e+01,2.840074629662706229e+01
2.712622746729459777e+01,2.775252166219166838e+01,2.836264334237728235e+01,2.801061942175903141e+01,2.717011636633532135e+01,2.736734660377754835e+01,2.702617888422787473e+01,2.811243035554724656e+01,2.683082406015529386e+01,2.768783340365189360e+01,2.732360642377807380e+01,2.768783340365189360e+01,2.739861626828707131e+01,2.760334263186501857e+01,2.661311989758848995e+01,2.775502171884960489e+01,2.751376655053024933e+01,2.734261195030779845e+01,2.776041377821144351e+01,2.928867819101878922e+01,2.819651622599724305e+01,2.904843853284955912e+01,2.805816006698586307e+01,2.883892563200288350e+01
2.829473377874688822e+01,2.802199200579701710e+01,2.808992259498802468e+01,2.799860886327689968e+01,2.863522038548961746e+01,2.647132567188299390e+01,2.824513214574534459e+01,2.799696586123542374e+01,2.779905809148038998e+01,2.755321471413407153e+01,2.781569480654809468e+01,2.774141934893452799e+01,2.780413138916497928e+01,2.738177207386803502e+01,2.745584829985040187e+01,2.753816336451961888e+01,2.785547176295750660e+01,2.808094864988652262e+01,2.838557731248909022e+01,2.892115436083736313e+01,2.893330240569645184e+01,2.956494720108906904e+01,3.029682461117533876e+01,2.884464843521624289e+01
2.731891059470081018e+01,2.744020470023087910e+01,2.802835283681309875e+01,2.915671338925994860e+01,2.702114425424525734e+01,2.817124731932614168e+01,2.742902640784387813e+01,2.732909448951858167e+01,2.755425981408421876e+01,2.791581384826906742e+01,2.779923377887405422e+01,2.819617158715567484e+01,2.792245404875671966e+01,2.810478548999930126e+01,2.814178033148425584e+01,2.835884061174817816e+01,2.806963938513234780e+01,2.811729283348660147e+01,2.869998833083872114e+01,2.909461839351115486e+01,2.815031218046283357e+01,2.906564372945064179e+01,2.939805561005334766e+01,3.004625744088582451e+01
2.731564795973554283e+01,2.711039327719953462e+01,2.796936696399137645e+01,2.664077867646773257e+01,2.774902049946570060e+01,2.788335156472919607e+01,2.801806934984261943e+01,2.744593827866742686e+01,2.867679358746124763e+01,2.763801894874080745e+01,2.802977771211061508e+01,2.796133330844673992e+01,2.808798667359087631e+01,2.771531562264766535e+01,2.760759261165668477e+01,2.771169935487182556e+01,2.855341289686822392e+01,2.751303828470946655e+01,2.936886732654386378e+01,2.799067872627767883e+01,3.150931144164673015e+01,3.126732991565114617e+01,3.063202556945270771e+01,2.917586704369227846e+01
2.714704744699071171e+01,2.837425676131385899e+01,2.781702170708319954e+01,2.785622043870910147e+01,2.672772258280582491e+01,2.855747805595331101e+01,2.726635145535459515e+01,2.831332654798438853e+01,2.731428755664347818e+01,2.834650520610762214e+01,2.757355621087629061e+01,2.827732274119438216e+01,2.673699350347465042e+01,2.793084932251304053e+01,2.794329507028862736e+01,2.744716118607442468e+01,2.680213526826497628e+01,2.880047279001064453e+01,2.855276930988435424e+01,3.006548601224943695e+01,3.104709967146146710e+01,3.273473532703229694e+01,3.136160140370157023e+01,3.163989895448867173e+01
2.771345367611246502e+01,2.749983975673029590e+01,2.873767142618839898e+01,2.848172908248483282e+01,2.890308789647411913e+01,2.790062011537787612e+01,2.878565504536840081e+01,2.762564609605817623e+01,2.833915952435154395e+01,2.754475367157272103e+01,2.788184510211334555e+01,2.762445463966355419e+01,2.812502655675234564e+01,2.769674056487400549e+01,2.812511827312857804e+01,2.755653038477134942e+01,2.857589850771358897e+01,2.782140111303294816e+01,2.906168295987970396e+01,2.986497673412594622e+01,3.267815654370292577e+01,3.211965923846724991e+01,3.289379062185412295e+01,3.181895414911326725e+01
2.814652464964143519e+01,2.842572250627273434e+01,2.798081723464775905e+01,2.864125836281340298e+01,2.760418518966133661e+01,2.731304249654596106e+01,2.742166324293356183e+01,2.781176116241567797e+01,2.758549259981828072e+01,2.795522791666809326e+01,2.777267515910398288e+01,2.814654570232107744e+01,2.825254836437625272e+01,2.850973470992499870e+01,2.851716162959655776e+01,2.836941851995260322e+01,2.775016721598996128e+01,2.880717636518551217e+01,2.964160250481296544e+01,3.090361360954773318e+01,3.170052543682146506e+01,3.263661483479677372e+01,3.224521818171172072e+01,3.271118672459817844e+01
2.849036664527073981e+01,2.722518037872788454e+01,2.947703765999261805e+01,2.784245544685899176e+01,2.870292578469724276e+01,2.828027587843138235e+01,2.822677593938885821e+01,2.686887258242933285e+01,2.866167876494967004e+01,2.803892641796238649e+01,2.853763123038930871e+01,2.757434127535191237e+01,2.775066816141696791e+01,2.718243456555842386e+01,2.775973455309559768e+01,2.767506127608203315e+01,2.793729599987347001e+01,2.755038067628402132e+01,3.183600351705314324e+01,3.053809972695131592e+01,3.132435485808383646e+01,3.057513873406344374e+01,3.144637014924273899e+01,3.030707517808087914e+01
2.697617892783125626e+01,2.810278803152118599e+01,2.773132986356938545e+01,2.876466785279092164e+01,2.739788373741259875e+01,2.820648114842873611e+01,2.758840289431697101e+01,2.813092718402822356e+01,2.722394846003885505e+01,2.834907478107368206e+01,2.684210336656894924e+01,2.825390168596936746e+01,2.731795560869022665e+01,2.875606142894218920e+01,2.706995858657239751e+01,2.794132836109264417e+01,2.706435006946821886e+01,2.863649485834082498e+01,3.119506902423921701e+01,3.205975899823755526e+01,3.047000926958986611e+01,3.064989465429925986e+01,3.001672533278298260e+01,3.213936513768106806e+01
2.801555998887874921e+01,2.837626734577497700e+01,2.743792961818644471e+01,2.818517494393353218e+01,2.789045421097864619e+01,2.838578157612590758e+01,2.801534146425200333e+01,2.754572638931909978e+01,2.864659560207445566e+01,2.816844469977581866e+01,2.839683494978999079e+01,2.737508575268100230e+01,2.770600186101211193e+01,2.795427588040058708e+01,2.756640798285957317e+01,2.746725417328173080e+01,2.895383186733545244e+01,2.791721109349907692e+01,3.235244797254847526e+01,3.137067206450484491e+01,3.053683284155715683e+01,3.042964461613172489e+01,3.048221442978280038e+01,3.070422128275981777e+01
2.793285010456537520e+01,2.806890764961337936e+01,2.762052207795994718e+01,2.792640078388802749e+01,2.852294457325075427e+01,2.759001425901243465e+01,2.748828732340155057e+01,2.867750318478925919e+01,2.761814043555750686e+01,2.894073791645649862e+01,2.768001841872495561e+01,2.922222038051205573e+01,2.733935698460356889e+01,2.759285080154330672e+01,2.752818716732042503e+01,2.831631201783852703e+01,2.861550630825706776e+01,2.830337994068366925e+01,3.205668837888293865e+01,3.321872712618596779e+01,3.111706795551231153e+01,3.137485884284126314e+01,3.047997796790650682e+01,3.181169325602684239e+01
2.871517570768770611e+01,2.703485732920574947e+01,2.939562863918666835e+01,2.694285707613107661e+01,2.895457735351834572e+01,2.684155098169111398e+01,2.864109995554997568e+01,2.815641143515358635e+01,2.743151216038091889e+01,2.811449979143083056e+01,2.844958229748351641e+01,2.857617298997763555e+01,2.815354726534656038e+01,2.768265550320973034e+01,2.916018213834456674e+01,2.736311571948408528e+01,2.776722948991488238e+01,2.897752056992857206e+01,3.222251385988420225e+01,3.211965780720203156e+01,3.243941967007390303e+01,3.136534068735346636e+01,3.142704426066097767e+01,3.079688502644597747e+01
2.787914466531640301e+01,2.839562330782280242e+01,2.809092456893461076e+01,2.795542296236493485e+01,2.741169719354388690e+01,2.917860377710979947e+01,2.748754716725397884e+01,2.795947933030942067e+01,2.648119445330081589e+01,2.810012592028209610e+01,2.715499476558744618e+01,2.849417020841934800e+01,2.741084883489389767e+01,2.761717130844800749e+01,2.756631388359863877e+01,2.870433559398520629e+01,2.732664743454097334e+01,2.924302905553315668e+01,3.151743851704299004e+01,3.246973931921502299e+01,3.091640600875950895e+01,3.111073670551940040e+01,3.004848901283151008e+01,3.217266128546270920e+01
2.836533124059985767e+01,2.877167690573753589e+01,2.840706806335276724e+01,2.806245801045770349e+01,2.883599686064462730e+01,2.899725342843760245e+01,2.834886494434874749e+01,2.764332371223935070e+01,2.910513108728207499e+01,2.774559040813795718e+01,2.877098919045727143e+01,2.847912285285730150e+01,2.882938616175266588e+01,2.872331567650314810e+01,2.878681195346132426e+01,2.825136530034774296e+01,2.895850512274773791e+01,2.925998396959226966e+01,3.204191682345805248e+01,3.192643901337709167e+01,3.227741567474680551e+01,3.172725046903781276e+01,3.160192824678733814e+01,3.110187389291257887e+01
2.819859488340819098e+01,2.982309375094479265e+01,2.918749042719304043e+01,2.835188905094724987e+01,2.847964288625615836e+01,2.921093096754646012e+01,2.820352132295982983e+01,2.825309987657891497e+01,2.833668703665341582e+01,2.862341926201071374e+01,2.818151424267273342e+01,2.840886726300254850e+01,2.766352256201821547e+01,2.792880220000171221e+01,2.841834653549659606e+01,2.972730120159587841e+01,2.903365506646400718e+01,2.849137996710845755e+01,3.132614401652693914e+01,3.239375235202112435e+01,3.234376176088949251e+01,3.198741321697605144e+01,3.174514438810200545e+01,3.251907963302193139e+01
