2.892533374409345015e+01,2.969044672166728560e+01,2.787587533135172180e+01,3.009025569239975084e+01,2.835113028447403849e+01,2.898373050129009698e+01,2.952357557073088401e+01,2.883244469692374423e+01,2.939302157119072945e+01,2.966878394511081751e+01,2.995269655009929011e+01,2.930345454781092940e+01,2.953423006336191747e+01,2.939483730878225742e+01,2.941912721840003542e+01,3.070821039357127802e+01,3.038105117382264098e+01,3.062303167762541989e+01,2.947121353600999782e+01,2.989224720829747639e+01,2.936515507365015765e+01,2.917789127176121156e+01,2.802547037292498544e+01,3.081462102434210237e+01
3.007667068464570548e+01,2.916927557489401579e+01,2.942814357990368990e+01,2.826809766469284568e+01,2.930100967508730037e+01,3.031110381155457389e+01,2.908098572978730090e+01,2.847651623212954064e+01,3.038084129615776874e+01,3.002622710942415551e+01,2.936784796727687308e+01,2.905722693227232867e+01,2.813035867673607981e+01,2.975894101383454426e+01,2.928763254785496883e+01,3.041383145331843707e+01,3.044065452347689416e+01,2.872634367674464784e+01,3.060676196679372651e+01,2.908363841708160180e+01,2.937510471894222519e+01,3.063458052658018005e+01,2.977184094003916925e+01,2.974664218100872404e+01
2.962274241600044888e+01,2.862517377980907440e+01,3.032494046491507333e+01,2.911778497737094540e+01,2.968734226481939231e+01,2.968544498979440505e+01,2.941636555295889366e+01,2.863276563333874947e+01,2.984538514305137369e+01,2.837832080441489779e+01,2.871067997887530510e+01,2.949289320889710098e+01,3.002798881019424471e+01,2.997554872100857892e+01,2.909498759416595703e+01,2.923343534840336133e+01,2.988156533147872551e+01,2.979350861901770031e+01,2.984936895452136696e+01,3.035888007771177399e+01,2.971451252349351080e+01,2.922655179033694139e+01,2.885099474460417923e+01,2.914786592989037217e+01
2.913756849497161738e+01,3.057129572259532324e+01,2.922217479255141370e+01,3.037836541903533316e+01,2.915875344077414866e+01,2.973457948964147590e+01,2.996680211790243220e+01,2.972738610183199626e+01,3.008959617511408169e+01,2.880186310194773114e+01,2.912413546893077410e+01,2.939032552500071915e+01,3.010511130041072647e+01,3.000316221226535163e+01,2.960140648871811209e+01,2.986055493432235153e+01,3.015234759579158208e+01,3.009031144085270171e+01,2.995775254616148686e+01,3.028571201604916041e+01,2.930499932854507961e+01,3.026116732113626995e+01,2.956657885494058746e+01,2.911784956914226541e+01
2.892417937415257256e+01,3.000483355309751232e+01,2.998460820481409428e+01,2.925477646523603426e+01,3.032459597495409298e+01,2.937857191107622157e+01,2.812823740763826663e+01,2.877886118352716949e+01,2.913031543028807846e+01,2.920683435468930611e+01,2.954228946523937793e+01,2.997127023495835374e+01,2.891030246453021846e+01,2.916312846609633880e+01,2.898480350315873011e+01,2.964302175595383915e+01,2.998438412618259008e+01,3.059021709365254083e+01,2.905544826291281879e+01,2.906523246392970350e+01,2.914824955346273327e+01,2.937802300150281098e+01,2.923439584859357865e+01,2.936429380260483413e+01
3.032963846232360083e+01,2.927153672340131152e+01,3.016690576865653384e+01,3.005247623587530370e+01,2.920915433427097696e+01,2.887345374115119512e+01,2.958049535460941115e+01,3.033262561209119212e+01,2.971625897791290072e+01,2.963489800359889159e+01,2.947305053762846683e+01,2.931081590665201020e+01,2.889715149512045400e+01,2.935712827980307793e+01,2.931702553113382237e+01,2.877272902456917336e+01,2.809446848370549787e+01,2.948489996457885809e+01,3.002343941055011101e+01,2.991640990969705172e+01,2.988292598128180089e+01,2.944322901306060203e+01,2.994198117559091088e+01,2.968677281790439793e+01
2.927304795925056169e+01,3.061290126414024826e+01,2.919959784902550837e+01,3.006582134382068716e+01,2.960952070329892649e+01,2.942777605554607590e+01,2.928133164453635118e+01,2.934243380466500639e+01,3.012757778957677601e+01,3.009252620215357865e+01,2.920349205703610096e+01,2.932726543685373599e+01,3.015241910197408970e+01,2.885651711682436371e+01,2.953635878932948344e+01,2.907307735682445582e+01,2.916399971257948209e+01,2.945543633987011845e+01,2.945825435447409291e+01,2.951570279627395621e+01,2.963618765798656796e+01,2.903831884755118153e+01,2.956606751911567699e+01,2.879622041323943904e+01
2.959527743819370471e+01,2.934625094671855550e+01,2.996016859455102122e+01,3.010364045413678014e+01,2.905527881553746283e+01,2.952868527170591051e+01,2.977988888251212529e+01,2.918888647338337705e+01,3.004393627909860243e+01,2.998476510116472582e+01,2.991534865290361722e+01,2.943266504536319417e+01,2.841467671709705201e+01,2.959944771095990745e+01,2.938885364747346784e+01,2.928161581914901035e+01,2.914612900110518012e+01,2.845323313439695312e+01,2.899892256095438370e+01,2.981271799929879762e+01,2.934745833937250836e+01,2.984479402040523155e+01,3.049441724420165656e+01,3.028560600664974345e+01
2.966410210414443327e+01,3.019933403089640933e+01,2.862860103792360178e+01,2.982088698323826748e+01,2.888704924084174763e+01,2.915352660431665299e+01,3.022711614751352727e+01,2.937590240589844370e+01,2.921522364084626133e+01,2.909251334063702643e+01,3.031088330801145503e+01,2.931578757383135780e+01,2.888583582926941062e+01,2.959217914055057008e+01,2.877988239042133500e+01,3.035830150567198871e+01,2.916993631247368057e+01,2.953648014253042220e+01,3.011119159754457542e+01,3.014885599812504324e+01,2.894848343859428041e+01,2.915172156301917994e+01,2.921518200436679535e+01,2.968881855301481210e+01
3.021396749907557933e+01,2.952505569776684524e+01,3.006253629644271541e+01,2.982400456333454031e+01,2.984832858810051448e+01,3.008155808657483021e+01,2.956794523301766731e+01,2.909421010856181056e+01,2.864130118791405266e+01,2.910041392922744308e+01,2.965135415741593761e+01,3.018049232001180826e+01,2.921267333492863827e+01,2.955847413368462639e+01,2.899545541509303348e+01,2.923305353495078407e+01,2.929531687146868535e+01,2.868204806602540202e+01,2.948223478409909148e+01,3.053472676145383957e+01,2.998246651121974082e+01,2.923864816008841672e+01,2.946475765298367833e+01,2.873050968859536169e+01
2.990272602761143617e+01,2.990753881676101855e+01,2.972531553986186736e+01,2.904292381251167399e+01,2.937236364714925685e+01,2.893265377308415509e+01,2.971886123843643190e+01,2.992521583089074966e+01,2.975234025278996342e+01,2.869919673481564359e+01,3.009487248555740280e+01,2.832562281852921160e+01,2.862972652716069888e+01,3.008898074247787235e+01,2.921040956213636264e+01,2.998856849265433766e+01,2.940649334100805845e+01,2.965111306204738639e+01,2.884588420436784872e+01,2.926862526696368150e+01,3.030885661390760788e+01,2.951191746870500765e+01,2.968658776897569851e+01,3.008850865415826092e+01
2.902179222863435371e+01,2.902207160181399104e+01,2.961003359859722650e+01,2.969088070639469379e+01,2.892750508719313984e+01,2.926974867258479662e+01,2.921268968097302832e+01,2.899154582852605699e+01,3.017379426772293982e+01,2.995816916562824872e+01,2.777635468714669287e+01,2.960714413123974964e+01,2.977193177670915247e+01,2.972057730324348768e+01,2.959014673547449092e+01,2.947677332743711531e+01,2.958478678611345458e+01,2.909662114107345587e+01,3.021795135907854046e+01,2.943193176417554469e+01,2.932092048313324995e+01,2.924241202289078956e+01,2.982201385188727727e+01,3.020143483483246882e+01
3.031563280380140668e+01,2.946772737500538142e+01,2.971330212941177251e+01,2.868986349566660010e+01,2.962322174093498006e+01,2.905151573572743473e+01,2.932050385088211897e+01,2.925957913652041498e+01,2.910687313121422903e+01,2.932850684064868574e+01,2.868719469908802466e+01,2.891128513858780025e+01,2.952292931923159358e+01,2.934586718962611940e+01,2.961084982740567284e+01,2.880615990401679483e+01,2.921172845265846263e+01,2.970805929006661472e+01,2.968935678331320105e+01,2.988506213694108737e+01,2.945192875127980869e+01,2.943930601881993425e+01,2.909330310519499108e+01,2.955530590752994158e+01
2.955251946143732766e+01,2.944848287493454109e+01,2.936275394039603270e+01,2.959375471364046462e+01,2.907359162118450513e+01,2.893079734783020740e+01,2.946047964142832143e+01,2.906609460934060962e+01,2.892765285122578689e+01,2.880666982031470980e+01,2.925877104090147895e+01,2.965633724095420121e+01,2.874361973821351057e+01,2.931917703882260184e+01,2.913133231859529815e+01,2.938822429227354860e+01,2.989067630647400620e+01,3.021286913868573265e+01,3.020550639267690940e+01,2.970805277621906271e+01,2.976261907561189446e+01,2.922394783285011499e+01,2.972121519340993245e+01,2.957702839198003630e+01
2.882152513688839690e+01,2.962142304988196884e+01,2.816398704943725306e+01,2.968630374051247145e+01,3.027095143185937332e+01,2.937443781368909868e+01,2.904896189803082507e+01,3.027260125243134326e+01,2.932297857651025197e+01,2.999460774473288893e+01,2.901531524009322993e+01,2.910699129760303094e+01,2.934752471769718341e+01,2.879807746810774916e+01,2.937518622824904924e+01,2.978822421207280513e+01,2.958655779773135919e+01,2.907862788383118868e+01,2.895041603031461364e+01,2.868931387606028238e+01,2.999975284108433016e+01,3.046786121709823192e+01,2.955391161210172868e+01,2.958662346839719248e+01
2.868788430604308815e+01,2.825720752318221685e+01,2.923653772537880968e+01,2.896702454381875214e+01,2.909961185496581493e+01,2.953624370056201087e+01,2.936878247983088386e+01,2.917308036158021878e+01,2.929824586486870430e+01,2.886686988298191636e+01,2.889735123018630247e+01,2.935131859853896685e+01,2.985276507546484481e+01,2.906233499299270306e+01,2.956382639268042567e+01,2.918131985299771713e+01,2.919084845150860019e+01,2.963434646859565191e+01,3.015925772023058471e+01,3.033998437222140865e+01,2.906176103902345176e+01,2.968935668408153106e+01,2.976245684365034094e+01,3.012297047473776956e+01
2.927326619830029131e+01,2.920553610265460520e+01,2.923111137247269653e+01,2.930823892652176710e+01,2.890145350902815835e+01,2.924148456563057152e+01,2.946425670224664373e+01,2.791940647769069983e+01,2.892277490913971860e+01,2.946573847406079949e+01,2.932028342889532269e+01,2.903777912230077618e+01,2.900116627593234853e+01,2.859381636463939458e+01,3.018016472060571687e+01,2.970740535910761082e+01,2.930811054925931103e+01,3.065793288327313348e+01,2.960861342456661305e+01,3.013260080491988901e+01,2.963924575650815996e+01,2.873392732367744884e+01,2.938122638402495568e+01,2.966454534197441717e+01
2.976121830499124599e+01,2.891079148952820788e+01,3.016109955463724646e+01,2.963317169959520925e+01,2.919602454988864793e+01,2.852449411217509123e+01,2.903638106122360796e+01,2.902677845564164727e+01,2.862027224896536381e+01,2.966267131666779733e+01,2.927920370066465239e+01,2.884064450220017761e+01,2.974104824034901640e+01,2.931917703882260184e+01,2.930180950134098339e+01,2.864454511922048141e+01,2.965237300271860477e+01,2.928672807470337602e+01,2.982301035149811241e+01,3.004205488279120573e+01,2.932631612552592060e+01,2.946130009547158579e+01,2.919483826731658382e+01,3.017793477511628453e+01
3.002735548614896288e+01,3.002467935107245012e+01,2.907782999299683979e+01,2.905466865854504022e+01,2.934639160255392198e+01,2.884438377060808989e+01,2.894974499946755486e+01,2.945072861181319013e+01,2.943580648780374531e+01,3.024662101844347717e+01,2.963930688825212201e+01,2.961222465338124721e+01,2.878301185265360118e+01,2.870940767820110295e+01,3.021998589544654124e+01,2.934822479019618413e+01,3.037783805566851925e+01,2.892615444813935710e+01,2.991765020787357798e+01,2.925691367190154324e+01,2.942856143261030866e+01,2.958719958867254718e+01,2.978493776146569871e+01,2.943516774259597923e+01
3.000144497783128372e+01,3.020924568120062759e+01,2.965373278057876405e+01,2.902207778453902165e+01,2.855101472404254537e+01,2.834841729511839503e+01,2.951601357852979390e+01,2.947302389511673937e+01,2.941002119329948528e+01,2.912459994404724739e+01,2.888847187605199451e+01,3.036014544012164151e+01,2.930952178870791158e+01,2.950487873822453366e+01,2.991863476489135110e+01,3.033869204387735863e+01,2.908812833429180955e+01,2.933527061079024634e+01,2.880150370343670829e+01,2.941065342029162366e+01,2.938569907817515059e+01,2.964506326705998163e+01,3.040843373341243705e+01,3.023086165579439921e+01
2.923536255357817026e+01,2.955575363596489069e+01,2.883794595042252240e+01,2.835366364133329853e+01,2.861349603149534460e+01,3.045506931511340554e+01,2.882639567154336646e+01,2.886705464861495329e+01,2.986229427957732696e+01,2.941316623373052153e+01,2.973218484745160595e+01,2.939638980524517820e+01,2.968416679707547701e+01,2.889710158557386421e+01,2.937518622824904924e+01,2.888654726337585998e+01,3.044355729608304273e+01,2.947704123483504191e+01,2.940145321143489809e+01,2.891445630507450915e+01,2.980142846329175654e+01,2.944199074960494045e+01,3.099619317074342462e+01,2.884430898523152109e+01
3.005673205399347125e+01,2.936583010546701189e+01,2.904907356097146476e+01,2.894671363869611014e+01,2.975950666588789773e+01,2.878416599773584039e+01,2.884722702457878540e+01,2.852475953331497749e+01,2.962999800143899165e+01,2.980883113795113104e+01,2.911875285532318003e+01,2.935441510155300193e+01,2.963326353296611160e+01,2.948201975891026905e+01,2.867947316635149946e+01,2.967669678051908022e+01,2.973451257118415469e+01,3.022841164540625414e+01,2.988454626511986589e+01,2.951387342623951326e+01,2.917944376159886133e+01,2.986994671301840754e+01,2.971646647170291544e+01,3.021128414288881459e+01
3.087689473495004222e+01,2.977048436897933925e+01,2.996563389297676849e+01,2.999567230001315465e+01,2.944068830426698469e+01,2.867364929833144060e+01,2.961585955797369252e+01,2.903681433034603288e+01,2.945884309744155871e+01,2.887426624887666549e+01,2.977155019638297517e+01,2.972542835505987568e+01,2.888583582926941062e+01,2.934549877801379125e+01,2.973821230510651503e+01,2.973751271993359069e+01,2.976669584619691022e+01,2.923201672614163726e+01,3.054640551092916212e+01,2.946737408811014802e+01,3.097446150593657421e+01,3.115548920764808827e+01,3.005080887087279962e+01,2.973179803643000696e+01
2.920834863515619872e+01,3.062202413939957069e+01,2.934400952848380939e+01,2.875968803299701904e+01,2.823205990642520646e+01,2.988122257734119103e+01,2.825145787952453702e+01,2.958750782083984632e+01,3.035003176360834232e+01,3.004420704414212651e+01,2.898337808167417506e+01,2.887026485838293866e+01,2.906678348837914427e+01,3.011162745277084696e+01,2.997077930385802347e+01,2.966997558714439265e+01,2.910309180142968444e+01,3.069758753353778502e+01,2.991598349724506534e+01,2.985783972441925016e+01,2.989755736472034187e+01,3.017031222257264744e+01,2.964960756728714841e+01,2.998906009572158382e+01
2.954425350705389519e+01,2.904768037588172547e+01,2.964373861319711523e+01,2.967641571126534927e+01,2.808782739661029382e+01,3.036313611929847411e+01,2.918832107276352872e+01,2.806907439424207951e+01,2.920534363798367394e+01,2.899519888852353233e+01,2.897364695467007323e+01,2.894529556396020098e+01,2.932686348578766911e+01,2.883733736713651297e+01,3.055128091132513646e+01,2.965549674559389359e+01,2.934282219077351783e+01,2.869468729293839715e+01,3.018504183289905995e+01,3.011813711156440831e+01,3.041905850694564606e+01,3.079383678383464940e+01,3.047856292806619649e+01,2.898921264125874586e+01
2.985624113939542212e+01,2.933285686015500460e+01,2.942914853786123786e+01,2.874090411228576158e+01,2.989576104666844003e+01,2.887977819382865619e+01,2.840257133248428545e+01,2.913300206952794724e+01,2.986515461884408751e+01,2.958659536763025244e+01,2.923741851855805862e+01,2.869734995106659881e+01,2.931241157983930634e+01,2.917464452428583854e+01,3.054854563405802992e+01,2.982622704293942206e+01,2.895916892993852798e+01,3.051511103408898862e+01,2.964108091053282124e+01,3.051191770000480119e+01,3.072783933099105980e+01,3.012365227282782598e+01,2.965918809254935695e+01,3.071711747424097894e+01
2.982182317047391962e+01,2.941117227036880877e+01,2.972713827605423376e+01,3.013742757277458395e+01,2.879326408025207229e+01,2.976932269350481874e+01,2.927264703630669374e+01,2.828654816640118952e+01,2.980608563301700542e+01,2.936742087493399822e+01,3.061695351698978129e+01,2.943606291928426799e+01,3.013702525556732326e+01,2.913789965818079963e+01,2.948366511781381405e+01,2.977944803480289693e+01,3.026585289149653590e+01,2.940725386172869094e+01,2.959235125568102376e+01,2.956396374761266088e+01,3.046583974487680280e+01,3.093117611778257015e+01,3.000113866377421346e+01,3.032347796009781860e+01
3.006370900174511007e+01,3.009797495654697741e+01,2.898551913704892513e+01,2.918117532083880405e+01,2.960288580583159046e+01,2.952731892495239663e+01,2.931866118269999788e+01,3.074683294295971336e+01,2.975684297642152387e+01,2.961675458144014783e+01,2.968495483726172779e+01,2.947262398967939134e+01,2.899706665646084502e+01,2.985858737658969631e+01,3.011400973886509291e+01,2.909725595399396525e+01,2.970368383049196837e+01,3.035071705650386775e+01,2.998197314714087724e+01,3.027494389288710863e+01,2.957431862512783027e+01,3.044278684778521438e+01,2.998981634742563074e+01,3.139400941164058167e+01
2.954140322404384733e+01,2.898192351540262734e+01,2.951234372120711669e+01,2.894886018381879467e+01,2.945974044177535234e+01,2.887757543670090854e+01,2.865933946996347004e+01,3.009263942453759455e+01,2.944392629020916274e+01,2.943068745239440887e+01,2.881480257700314951e+01,3.037149997088488362e+01,2.955291091100014000e+01,2.951174906919237628e+01,2.867434291641245636e+01,2.964830185857135803e+01,2.951459917301542646e+01,2.964471978479946301e+01,2.966120909027563357e+01,2.975763622457736801e+01,2.892944845736394655e+01,3.006943286662055925e+01,2.911687980897306716e+01,2.922378876267390524e+01
2.946590546206488170e+01,2.932768034740036001e+01,2.833117956856017372e+01,2.941714177994163038e+01,2.964835984816113523e+01,2.980007339065531369e+01,2.811445003463472858e+01,2.886472883266054623e+01,2.946138081944229725e+01,2.879330680291838007e+01,2.942197161614359402e+01,2.882034042691640252e+01,2.953717367881660039e+01,2.954672940893419764e+01,2.985324768340086621e+01,2.905261713494036258e+01,2.918341139738805623e+01,3.011225608535096399e+01,3.018059314577823216e+01,3.032675727190786574e+01,2.950180171659650341e+01,2.961450713966502235e+01,2.828498213283916130e+01,2.980967574952751420e+01
3.023176557039914769e+01,2.972208162055756020e+01,2.913464380560213840e+01,2.914290048600133787e+01,2.917575537265253161e+01,2.995065711902606154e+01,2.808575179996222460e+01,2.989299531576102709e+01,2.926384623204785385e+01,2.944784698760196306e+01,2.888689743434667889e+01,3.009923181555274141e+01,3.024795429499971533e+01,2.978320518122762905e+01,2.992514652651590268e+01,2.941021990620697579e+01,2.982202680575954901e+01,2.976126783858921954e+01,3.035665381805648622e+01,3.046235505015846456e+01,3.139180199657130288e+01,2.945796367876482691e+01,3.030373563660322134e+01,2.982208282331100690e+01
2.787998781338234267e+01,3.047610824071023217e+01,3.011456686077883660e+01,2.870856762747672519e+01,2.996840762299342487e+01,2.987074374022614620e+01,2.967764867456747879e+01,2.956824578256174618e+01,2.911028658985867423e+01,2.926735641793567311e+01,2.924303965108276770e+01,2.970281171277110843e+01,3.008080525953567985e+01,2.894402191827077786e+01,2.951146610528354586e+01,2.965765455393921002e+01,2.927878732876257573e+01,2.983790979196066928e+01,2.969237652458775756e+01,3.166177885165956241e+01,3.066301148228495776e+01,3.031838287995770997e+01,2.872275177233791510e+01,3.122663016978486894e+01
