2.357533352092053747e+01,2.628699842726587121e+01,2.288954854322179244e+01,2.514606781533592539e+01,2.380057834497330305e+01,2.467820674671514780e+01,2.369204376052704220e+01,2.539637662006998653e+01,2.467817124759750413e+01,2.472779438256225149e+01,2.383404156094320570e+01,2.568700001168872404e+01,2.411012850724273449e+01,2.530272212330316961e+01,2.462462532006497895e+01,2.529718899508276309e+01,2.426700465878013802e+01,2.522449561662432416e+01,2.540594043203066121e+01,2.677846698610392195e+01,2.589856266489090331e+01,2.617662677275495753e+01,2.441114893482580328e+01,2.748012108509504969e+01
2.481747233930991570e+01,2.429798465696467247e+01,2.480634161777641111e+01,2.300286459235724124e+01,2.434196132443844363e+01,2.431063238530799708e+01,2.494851464599213386e+01,2.446866303863231451e+01,2.528891305608914308e+01,2.369885301784296416e+01,2.465238044652267035e+01,2.465774008234598114e+01,2.482389652485261422e+01,2.452042175362180387e+01,2.517017547826765167e+01,2.407168180545949099e+01,2.440254914576496503e+01,2.567564950861554962e+01,2.501983836654659399e+01,2.406099018236358233e+01,2.567405168033565133e+01,2.565769995190095187e+01,2.522507369356458184e+01,2.429609405013837886e+01
2.444917429606266523e+01,2.455325363970450780e+01,2.359662588089969404e+01,2.539118182491546349e+01,2.364190744518322163e+01,2.554620157611515197e+01,2.310979288925898345e+01,2.497304760037837923e+01,2.397636531235332313e+01,2.572447343595786151e+01,2.359889857057493145e+01,2.465935177949114632e+01,2.347046200122423443e+01,2.430828405897892708e+01,2.395825239491142611e+01,2.415472425071141060e+01,2.416868994845771113e+01,2.371692398557746628e+01,2.434989091790055227e+01,2.451345998462568332e+01,2.537443229456471272e+01,2.558541835768443207e+01,2.531444266574527546e+01,2.538968509899444825e+01
2.454416002819533560e+01,2.509465715974835121e+01,2.520956365971659352e+01,2.502304160867436167e+01,2.525069788877698329e+01,2.502574127631964984e+01,2.507502866800456331e+01,2.554279836177266816e+01,2.533200071840786904e+01,2.513852113790954945e+01,2.529400032034794776e+01,2.445105613809124634e+01,2.462154640600869016e+01,2.483103497465646115e+01,2.412160500015261277e+01,2.430456087687264244e+01,2.366063599966537367e+01,2.450071535883137130e+01,2.473701695691238456e+01,2.430227975741951241e+01,2.498345848888988030e+01,2.407172983630482577e+01,2.581800718206051215e+01,2.473160362599384143e+01
2.576293573537577686e+01,2.633537924686515908e+01,2.548633591251154940e+01,2.558805826964669450e+01,2.552751142653357874e+01,2.559545292204990119e+01,2.534616410993930913e+01,2.538414470657488664e+01,2.511113608553125687e+01,2.496498808938036973e+01,2.492395869931323205e+01,2.572169121645657697e+01,2.501966745400460468e+01,2.467101378049386540e+01,2.413811317545406609e+01,2.361073790842954168e+01,2.439059540942730564e+01,2.362599657192720315e+01,2.524364681544926725e+01,2.464176344916734251e+01,2.502924984111092499e+01,2.441552970206356576e+01,2.306485632199962765e+01,2.465075398937415230e+01
2.555400431974891262e+01,2.621980111155619397e+01,2.657181706042536007e+01,2.548945228327289669e+01,2.644378021460869377e+01,2.417737026693777125e+01,2.573336082995786001e+01,2.438185557269054016e+01,2.633648050906538174e+01,2.499983821710873144e+01,2.521890852503474889e+01,2.500868777603545823e+01,2.614061244428467035e+01,2.539968319320229284e+01,2.522635704955717983e+01,2.538240528573334132e+01,2.382367899035597247e+01,2.515238518882188146e+01,2.505042981248999467e+01,2.485071700706515685e+01,2.453899148953519216e+01,2.424873186156128213e+01,2.533700349861948098e+01,2.473486018349916549e+01
2.437325625026278431e+01,2.602368700174167770e+01,2.525979467236533083e+01,2.615996407770921905e+01,2.513872419366089161e+01,2.598792817275716516e+01,2.566017709935277935e+01,2.532632218568784310e+01,2.508977438461715792e+01,2.620822507347520514e+01,2.596124791509026863e+01,2.629853755634036361e+01,2.525629865843876587e+01,2.525245417953442484e+01,2.569758989396899551e+01,2.527780976747334307e+01,2.612670297258358687e+01,2.572210765099208629e+01,2.608320673658909072e+01,2.676801288614728946e+01,2.518934761681157397e+01,2.537020348976358264e+01,2.503939699841708943e+01,2.487248269613127150e+01
2.628585392156219314e+01,2.478876132004376132e+01,2.565799205034647912e+01,2.588743447906915662e+01,2.619708422860406927e+01,2.569701822866943530e+01,2.619675322534487805e+01,2.565853605760577238e+01,2.562129576786560392e+01,2.600600099692803724e+01,2.613360722004529180e+01,2.521417288760011388e+01,2.664808134506739634e+01,2.574871469133341861e+01,2.614242032041607899e+01,2.613762658741705991e+01,2.628977883314553310e+01,2.607948071926608691e+01,2.471557212682421323e+01,2.563276272306131887e+01,2.551399717243322129e+01,2.513764274417081879e+01,2.642342702367596985e+01,2.506038653834542629e+01
2.486319985703852353e+01,2.517891042004174551e+01,2.588909372365134232e+01,2.522769984992953596e+01,2.500084499051064313e+01,2.691626865400803581e+01,2.591250615549648728e+01,2.593777691909713212e+01,2.589792357530427580e+01,2.591422521610093099e+01,2.673812029680698288e+01,2.604934555837036214e+01,2.577996382288836230e+01,2.611577867136713849e+01,2.571560421176417321e+01,2.570948247198685976e+01,2.695472988585680696e+01,2.608334410348345500e+01,2.620584508066775697e+01,2.620939955745421912e+01,2.640282861776012169e+01,2.585209870692472123e+01,2.593538586246279465e+01,2.598275661935861081e+01
2.460877952416353764e+01,2.466884213742588372e+01,2.461219009802402979e+01,2.525911404044876463e+01,2.465987684047212269e+01,2.540827059973321411e+01,2.541537192707187387e+01,2.559907094071058964e+01,2.639492792747978456e+01,2.517731348110180534e+01,2.594555275024100638e+01,2.592134892303579363e+01,2.660565360070927454e+01,2.573712985199051673e+01,2.589995603238583044e+01,2.556384641074873798e+01,2.570363028839125263e+01,2.450220321018025516e+01,2.647079710996160884e+01,2.573892124692622474e+01,2.598677211808382026e+01,2.648623366913597010e+01,2.557835862327635823e+01,2.518018539811862411e+01
2.401042180966487649e+01,2.510243252368809408e+01,2.478113260997673706e+01,2.582855562312266784e+01,2.545751085016291881e+01,2.543875454985379747e+01,2.512509231268700205e+01,2.515308952838609002e+01,2.426843457030400941e+01,2.514051470069586003e+01,2.595903660903405807e+01,2.506228221431678094e+01,2.583158187937385719e+01,2.510749803903883048e+01,2.536670951437639587e+01,2.550042151651251743e+01,2.630337220347246330e+01,2.590019909048169211e+01,2.558599403366474689e+01,2.605483190358700085e+01,2.574082466548287584e+01,2.624115088786669503e+01,2.592871595485070202e+01,2.688899233935114808e+01
2.462113236046883458e+01,2.530208557310982087e+01,2.610262430325269634e+01,2.542523349064651939e+01,2.524049763962409543e+01,2.527918715684467088e+01,2.506982458557087057e+01,2.563562792070422347e+01,2.561363797691495847e+01,2.564498561852718694e+01,2.469596377345101246e+01,2.438985305447891960e+01,2.479086420637224819e+01,2.532972249851542301e+01,2.544578006163072814e+01,2.544361142484518723e+01,2.561340025394110853e+01,2.472994704058999105e+01,2.685355785107640259e+01,2.580393245532792434e+01,2.649340071656780538e+01,2.579776347738095410e+01,2.571126914051222911e+01,2.596690572221814364e+01
2.419551312755476147e+01,2.507149853021576291e+01,2.469386770682945098e+01,2.567802562766905794e+01,2.436507113279992609e+01,2.624352742715541353e+01,2.521398178492040643e+01,2.474310901379470806e+01,2.529298483658641317e+01,2.513755262153864578e+01,2.467024762476461319e+01,2.502876219942697844e+01,2.492349127129267572e+01,2.669287129974765094e+01,2.519772746526956553e+01,2.501699310262466724e+01,2.547158936185371658e+01,2.545631634430606027e+01,2.569025174494402108e+01,2.636590594683764266e+01,2.640674963186478408e+01,2.567313914325580981e+01,2.522404218510854434e+01,2.472611237003326323e+01
2.505274188682460590e+01,2.507181994478042952e+01,2.414959158546764684e+01,2.452942374407251691e+01,2.652132511959621297e+01,2.489196553043035465e+01,2.487846225398601518e+01,2.457522094942504509e+01,2.579028061181213616e+01,2.444038222111794312e+01,2.561680991794275997e+01,2.426073541197632721e+01,2.581282358028971657e+01,2.485563442338843743e+01,2.475061136336728396e+01,2.511569297531337952e+01,2.484980161726173264e+01,2.464805447307804798e+01,2.551299831188640610e+01,2.566109755597011599e+01,2.548566341256332635e+01,2.544639566199151659e+01,2.676730664180399799e+01,2.532698795821426074e+01
2.528832263544484249e+01,2.513210693446245614e+01,2.352523529267989488e+01,2.470728775558956158e+01,2.498897559787360478e+01,2.428239301727620614e+01,2.408333889555422047e+01,2.498303634520340211e+01,2.584609951887046009e+01,2.516500233332931202e+01,2.512464661636857954e+01,2.474085480268507808e+01,2.445073546058569036e+01,2.458958446107931195e+01,2.480948932086448622e+01,2.458799833402963486e+01,2.505452463377793038e+01,2.555239110725159435e+01,2.513398098134297243e+01,2.525422562456327569e+01,2.606074095438054883e+01,2.532062511117379699e+01,2.553306514995790621e+01,2.628366818501837088e+01
2.521722006223194512e+01,2.485684430206049456e+01,2.482258979923943798e+01,2.558036491011773705e+01,2.547556231037981433e+01,2.405645468009697652e+01,2.443042280244901576e+01,2.500318130432140151e+01,2.496587816473817156e+01,2.548179996653448143e+01,2.555187654523052743e+01,2.475506358527371731e+01,2.480040941977836155e+01,2.577550213067235063e+01,2.549068728197477185e+01,2.502142885638477310e+01,2.417958143740781907e+01,2.622201474649921238e+01,2.532353399068932731e+01,2.546436207023725729e+01,2.567090793968202433e+01,2.551166404103190644e+01,2.579420967431207146e+01,2.603774467737326859e+01
2.466909920029127079e+01,2.514150032894144715e+01,2.548712191146341866e+01,2.515765844853552835e+01,2.515105987621461736e+01,2.479108590587190974e+01,2.461629795342440730e+01,2.459968154648356631e+01,2.437884259363733008e+01,2.439390563125471090e+01,2.527171949336673151e+01,2.544920471146826912e+01,2.456733326723662003e+01,2.493011082963158742e+01,2.509636519381666631e+01,2.442064626486870793e+01,2.542253311258519943e+01,2.540995239457612342e+01,2.438915522392761659e+01,2.489228834591989425e+01,2.633596707774654533e+01,2.542897376781451158e+01,2.512193372541906911e+01,2.481496586891864808e+01
2.383761987709141295e+01,2.427681164132320646e+01,2.517932529866686764e+01,2.497296376959951658e+01,2.409223499892749487e+01,2.444720374214352887e+01,2.474099048499329001e+01,2.412266340798350939e+01,2.539936826257081748e+01,2.490889171397611790e+01,2.440223712009725432e+01,2.407229530941697249e+01,2.467746994068147615e+01,2.419668949361562227e+01,2.502745577786714648e+01,2.516770783239888942e+01,2.441690353358529819e+01,2.368862926378812972e+01,2.481233301983024830e+01,2.447097089023401395e+01,2.484380347968476599e+01,2.531608250260808290e+01,2.499040223427749652e+01,2.555735743074467337e+01
2.430789406800835195e+01,2.436112114361026215e+01,2.539526576832895444e+01,2.407927502262424468e+01,2.551708158393239501e+01,2.428239301727620614e+01,2.412800817835375256e+01,2.343261935598087575e+01,2.407150903026979449e+01,2.561284439712756011e+01,2.548089798750987711e+01,2.495783666012522417e+01,2.486062874701235614e+01,2.447852513104572836e+01,2.465868016760180126e+01,2.463096788730530307e+01,2.467326989766939960e+01,2.512327206591965023e+01,2.503334466910564515e+01,2.477328770608841069e+01,2.497882037856828674e+01,2.549387321694081265e+01,2.518778840402575270e+01,2.502415925277489350e+01
2.415019888118121116e+01,2.424567036049927538e+01,2.502701069427882885e+01,2.467639066861630681e+01,2.608593411694278075e+01,2.448279538622040263e+01,2.528742636400073707e+01,2.462497885021991806e+01,2.475171101312832889e+01,2.509133304353656513e+01,2.567457167150934083e+01,2.430912096771959341e+01,2.531462531739555288e+01,2.478459940830515507e+01,2.438103358831250489e+01,2.456388515007034812e+01,2.459200277961105030e+01,2.544924832823403449e+01,2.450519383640113347e+01,2.555717361999262494e+01,2.512837676667260212e+01,2.423914443183218737e+01,2.592410602755364835e+01,2.561896109361873641e+01
2.468654634019685545e+01,2.458417715178956087e+01,2.434255952022141400e+01,2.420018173040546117e+01,2.458826179613419072e+01,2.480851172073681710e+01,2.509936728269610740e+01,2.475667216991911346e+01,2.466535767116943134e+01,2.519803173831905951e+01,2.519503738113439795e+01,2.501642708168321860e+01,2.462378269863853575e+01,2.446316548993314655e+01,2.547988241316875246e+01,2.495850611846555012e+01,2.419864023470449865e+01,2.607455316064692852e+01,2.538359092652825666e+01,2.605169616523323839e+01,2.657403868602688135e+01,2.638039279965312289e+01,2.606683768518485067e+01,2.661971603069184766e+01
2.437600562502370849e+01,2.421649006722702779e+01,2.518432124249369508e+01,2.369882005780698364e+01,2.359441005279336423e+01,2.399465038103312509e+01,2.439374295587009556e+01,2.385364216821079708e+01,2.411213410963631532e+01,2.479400721221503545e+01,2.427336445097841988e+01,2.428709294948089337e+01,2.426082038601271051e+01,2.476651492454675463e+01,2.482077570522079668e+01,2.495820198527184175e+01,2.502545629779490355e+01,2.466025477674008926e+01,2.643347423474273228e+01,2.673327185564914998e+01,2.685504653017312648e+01,2.629372873474284233e+01,2.648339558681834660e+01,2.670917284641870992e+01
2.417615210731491970e+01,2.553656260279876733e+01,2.422848039863544045e+01,2.408521534114311180e+01,2.456703421270867693e+01,2.438254331956636634e+01,2.489296992663128094e+01,2.543047903698385426e+01,2.450705275300543917e+01,2.484298666411058321e+01,2.408734553123872502e+01,2.460448135002661729e+01,2.473925169801532320e+01,2.523060429377551372e+01,2.368132424095659871e+01,2.525021457979926254e+01,2.479256681562549147e+01,2.495754564457456581e+01,2.614322709876751105e+01,2.666060920507533183e+01,2.786550247077616405e+01,2.751055808043190609e+01,2.905766213716731272e+01,2.909993799244955426e+01
2.485296323935864393e+01,2.407661875602133250e+01,2.506332396702282495e+01,2.492169275387533389e+01,2.477758704509892596e+01,2.387021563978453287e+01,2.520565416558258676e+01,2.501467765325082837e+01,2.471261579787579876e+01,2.487986947126444193e+01,2.491278177740008459e+01,2.473471028667415794e+01,2.538235554275064487e+01,2.561631311636119790e+01,2.482846062786006769e+01,2.516676663643443135e+01,2.487285490167374746e+01,2.626003358127877618e+01,2.643250441796408268e+01,2.662542306557025995e+01,2.740405134950196953e+01,2.812597737290542455e+01,2.969662879712069525e+01,3.046900357436692275e+01
2.427406065122011114e+01,2.375456657781683134e+01,2.528418570578634217e+01,2.412787993619497229e+01,2.377180530566340622e+01,2.437788580052222187e+01,2.483036272777093245e+01,2.463248231627756013e+01,2.534147656505251689e+01,2.513424295276701059e+01,2.416743460581130876e+01,2.432666267043776998e+01,2.466575800757118486e+01,2.519524189455643182e+01,2.485224802247688558e+01,2.447116847142945062e+01,2.467629137168057696e+01,2.574148121252710553e+01,2.612506042663954986e+01,2.679005041223427952e+01,2.946586345506148064e+01,3.053145441703082952e+01,3.120065466080325223e+01,3.106176558925182007e+01
2.425410445542189564e+01,2.430106639752358433e+01,2.473569695498235887e+01,2.456814508421427945e+01,2.453843781108662370e+01,2.495031125528305438e+01,2.461512324512693795e+01,2.549831374308041632e+01,2.481936986799581746e+01,2.446490314524629639e+01,2.446388297497696840e+01,2.370516384410893806e+01,2.458400012063168560e+01,2.510738077781860511e+01,2.488850690721187675e+01,2.430547938560431476e+01,2.487995987949665277e+01,2.536798862561369106e+01,2.600030474552852411e+01,2.558393378089937187e+01,3.026309106505345881e+01,3.039211580540001023e+01,3.094433155408688663e+01,3.060722625092063254e+01
2.419875468968729137e+01,2.452346518405391862e+01,2.489415645041827929e+01,2.535883506466757353e+01,2.526089557071708214e+01,2.547555749628043031e+01,2.545125816866629975e+01,2.525943078327389912e+01,2.440286351836141421e+01,2.515337608117346235e+01,2.481717885447966410e+01,2.440400653567746758e+01,2.468850174643927176e+01,2.445705505114358402e+01,2.435685478226469058e+01,2.506366480324510349e+01,2.557244983901432533e+01,2.568944715770896892e+01,2.612081969869842624e+01,2.763589933690593625e+01,3.160845067776659789e+01,2.968833214409710308e+01,3.025541425383698879e+01,3.132936213436443040e+01
2.412789938084659980e+01,2.493301639239842871e+01,2.536454085315938300e+01,2.560749412973069639e+01,2.575687742021699478e+01,2.576749941549434197e+01,2.595410985724299735e+01,2.575158033909337973e+01,2.496168373572356813e+01,2.494046736145941168e+01,2.467079605655726482e+01,2.396347300537644287e+01,2.546633310653123772e+01,2.510621841762002759e+01,2.528337941247787057e+01,2.471303793186018538e+01,2.544186556677811950e+01,2.543163791331033963e+01,2.503266097749224173e+01,2.830908673985931046e+01,3.018762020982757122e+01,3.036997065516914063e+01,3.095299595057417719e+01,3.038817813161102777e+01
2.520363591424501237e+01,2.437199757100813713e+01,2.386294077022961346e+01,2.507688143439020223e+01,2.458891850955552627e+01,2.628674033871089932e+01,2.557189958979421363e+01,2.579270509036359726e+01,2.562091299796298927e+01,2.619736040741179295e+01,2.456457451109207568e+01,2.439247463762444568e+01,2.601312299907169745e+01,2.522323478838768551e+01,2.641869382758858364e+01,2.563021209458429439e+01,2.579995713622480480e+01,2.518012990986238719e+01,2.563797509526165186e+01,2.675741458218988100e+01,2.926429710762852210e+01,2.741396497930753640e+01,2.705794622019834605e+01,2.733407724383545201e+01
2.368833808172217914e+01,2.540508253383222836e+01,2.483650246685323282e+01,2.510155255162135290e+01,2.557469075860524299e+01,2.581299235755466270e+01,2.571557669519904721e+01,2.491895459905998678e+01,2.473266180537268610e+01,2.356574950363096832e+01,2.463307868758579389e+01,2.613757084154377708e+01,2.530562632055676886e+01,2.488591794216125663e+01,2.603511096987011797e+01,2.538724646063633372e+01,2.539010500883478016e+01,2.531395598342231779e+01,2.525683931425220408e+01,2.678133611617869292e+01,2.629977482827644053e+01,2.639722134685587207e+01,2.588046806237292685e+01,2.605280389256085982e+01
2.453408410710278531e+01,2.543625148404731817e+01,2.483542792303637725e+01,2.343218822816709235e+01,2.427111117857958789e+01,2.553587624486237928e+01,2.553014925167940419e+01,2.514866076117289140e+01,2.484549497664897899e+01,2.550582468553869830e+01,2.546521723981572904e+01,2.546253788495340586e+01,2.533399395835965606e+01,2.635002307418227474e+01,2.712496759217629005e+01,2.583352724976856507e+01,2.558907204774783395e+01,2.621394474317747836e+01,2.507837727263017769e+01,2.590488386172961555e+01,2.663429182091488201e+01,2.747065474467643753e+01,2.613527747266186907e+01,2.734488551015715530e+01
2.500609608637410020e+01,2.500831038628598435e+01,2.497972009229243895e+01,2.531501132882112870e+01,2.562923551044116266e+01,2.562640984835752533e+01,2.544572650185557450e+01,2.587871910189784330e+01,2.499926889094842863e+01,2.435790703462919282e+01,2.552301950240087081e+01,2.525719705956339567e+01,2.525002967124152065e+01,2.543671028980844540e+01,2.619930637482423208e+01,2.556587655593091313e+01,2.490490268984660815e+01,2.660578048941005136e+01,2.603261787292899498e+01,2.683712497878514114e+01,2.580295243442600395e+01,2.645113321290773456e+01,2.773161997029268377e+01,2.699901182729018956e+01
