2.849181814816097358e+01,2.814750667114708449e+01,2.875816870910870193e+01,2.817002430795230339e+01,2.741994150454843293e+01,2.806942976218061858e+01,2.808465292862103979e+01,2.841279692471158569e+01,2.865955219612646943e+01,2.856093458099218196e+01,2.913841313913894737e+01,2.771132502219296612e+01,2.805253723085854745e+01,2.906131228832748548e+01,2.854871788419393397e+01,2.776416828219794297e+01,2.958885270611449414e+01,2.838575218808318823e+01,2.872944748104038126e+01,2.883109138408599392e+01,2.930720901346739993e+01,2.830135885465517731e+01,2.876548378460478261e+01,2.942835759633464932e+01
2.752725445905730339e+01,2.815994719562246473e+01,2.808000505799452640e+01,2.838114790367836804e+01,2.798119346363824889e+01,2.896782621091330157e+01,2.703826685770718541e+01,2.976612837402041123e+01,2.757430924538141426e+01,2.940164066933272125e+01,2.729178514307295700e+01,2.802022711180359238e+01,2.845782034582174447e+01,2.846145882831046947e+01,2.799311670083642412e+01,2.869393209454119642e+01,2.879295927685734569e+01,3.012068639719018392e+01,2.878170680832533890e+01,2.969963202097608246e+01,2.844410508882873501e+01,2.946464465400077870e+01,2.786564942443857262e+01,2.875883348150955499e+01
2.846245252320119334e+01,2.881578609695651494e+01,2.718341105325578155e+01,2.895223602000430674e+01,2.858759022734926702e+01,2.846097212132309551e+01,2.829280296333081424e+01,2.800394269754212928e+01,2.837602343453949061e+01,2.889484600057699026e+01,2.728218336011491374e+01,2.797754918533905766e+01,2.732720321833437538e+01,2.721161695034874128e+01,2.797174945112777777e+01,2.923662247075913001e+01,2.889751607552022961e+01,2.855862785632479017e+01,2.889746878325331636e+01,2.834134390758873678e+01,2.879348625602864331e+01,2.912453268891317748e+01,2.867180973975558800e+01,2.840184646263435297e+01
2.881119380517066020e+01,2.720322378901568072e+01,2.874451787026043803e+01,2.907348205073486724e+01,2.797664336578327493e+01,2.848386048147955307e+01,2.876303840267462419e+01,2.781284651185262646e+01,2.846879877159949501e+01,2.835323811310098563e+01,2.877020041568255238e+01,2.842091362587200365e+01,2.883090592728837009e+01,2.812211180681174483e+01,2.938701501665821070e+01,2.904535074589676924e+01,2.898160441781828922e+01,2.788847739761081357e+01,2.872068755671278950e+01,2.841108032015671370e+01,2.864740168905234441e+01,2.853610077220207586e+01,2.785701911743763048e+01,2.869277227883441128e+01
2.825679301848362002e+01,2.795981067629679728e+01,2.826004306145972578e+01,2.734539430691404505e+01,2.942066431582696850e+01,2.831611359000328321e+01,2.940138968787670137e+01,2.796029558790570491e+01,2.924924211359507353e+01,2.842722539268106630e+01,2.850959894485254154e+01,2.768480147891307297e+01,2.911889628757569426e+01,2.849177156163699465e+01,2.931327074658508991e+01,2.817124699554909739e+01,2.854640242498010139e+01,2.772337090801892145e+01,2.869300059312439544e+01,2.937702516127626495e+01,2.920014567808129868e+01,2.932425764775376820e+01,2.932576478078266291e+01,2.848397428835983192e+01
2.766137158167083498e+01,2.929212436378918483e+01,2.747518006454015449e+01,2.860382455499353682e+01,2.832062564479565481e+01,2.915336697964147561e+01,2.739059109338739972e+01,2.924197111598073207e+01,2.831216773001489173e+01,3.006066756190040223e+01,2.825082276489899868e+01,2.828433679076209728e+01,2.824375078531380723e+01,2.849617396046272688e+01,2.863659317630975920e+01,2.812590867578688858e+01,2.824017961301240121e+01,2.905219459467309662e+01,2.874993922405337798e+01,2.826748867054681114e+01,2.813065813078185329e+01,2.835461070219201929e+01,2.831026463895233292e+01,2.824992335991697701e+01
2.792969193157489372e+01,2.890763821973433778e+01,2.878360700819166595e+01,2.785325892258015301e+01,2.910393302804385485e+01,2.840393352876702693e+01,2.772394457523409983e+01,2.858971272253324969e+01,2.840598641662654700e+01,2.902188777918627238e+01,2.829211381542251047e+01,2.817543308995783491e+01,2.902289355390456649e+01,2.873995417645517136e+01,2.906076119674565916e+01,2.804800014428934674e+01,2.955076551141428354e+01,2.817058608004015241e+01,2.917975446349163349e+01,2.868039318225862644e+01,2.801029988874847731e+01,2.943033795360076965e+01,2.901156863324854385e+01,2.816785532852628648e+01
2.784929533160106985e+01,2.794455597920392620e+01,2.862754114842891795e+01,2.969692273421100026e+01,2.820468237414519308e+01,2.834274443746170391e+01,2.889973479949651392e+01,2.934427091371810548e+01,2.862202340287700508e+01,2.797505800910442986e+01,2.800411868323737963e+01,2.822578201148098742e+01,2.868559506720242780e+01,2.822290929210134891e+01,2.765583363980198328e+01,2.929854179507231038e+01,2.906151563498440282e+01,2.892457867058794818e+01,2.902396489840685945e+01,2.873461452078345246e+01,2.822611711526286626e+01,2.869600649101812451e+01,2.865400863362299333e+01,2.918970404340916502e+01
2.838298537734328875e+01,2.647406419578965142e+01,2.858684469997058386e+01,2.837029257442645758e+01,2.909438624426132947e+01,2.864667175540063226e+01,2.915960833053134138e+01,2.782781226009393549e+01,2.957838579278029556e+01,2.776107986549999396e+01,2.792644937742437605e+01,2.802660881255172853e+01,2.899633286389916975e+01,2.858231033019319511e+01,2.880011223890130623e+01,2.889141835741730802e+01,2.881482475413650945e+01,2.891023998154344099e+01,2.879494690568185433e+01,2.786315361048133354e+01,2.853377336861939284e+01,2.774277384626259391e+01,2.912528298975854568e+01,2.852752946595069261e+01
2.698219272932192325e+01,2.891217490098460985e+01,2.840969858420311311e+01,2.905861904474625135e+01,2.733895750905008981e+01,2.847419859103564477e+01,2.941064761854363496e+01,2.874487516581928048e+01,2.753305157603477937e+01,2.915729593709176015e+01,2.828083303887160582e+01,2.915590686735407644e+01,2.837330697943525593e+01,2.955627253534606780e+01,2.785510937320708535e+01,2.858713809469776379e+01,2.868355594065792502e+01,2.841321863666274794e+01,2.777786992330243265e+01,2.850934016330307941e+01,2.768467812335728695e+01,2.843086383248635229e+01,2.827530056840362249e+01,2.778549401927051576e+01
2.847201469354342862e+01,2.796449613321499328e+01,2.862245458722009062e+01,2.854964936317935553e+01,2.839753330727467073e+01,2.789743704040142802e+01,2.926286220033466634e+01,2.901253431506643210e+01,2.859213515453802756e+01,2.781732794232175365e+01,2.798815230790950181e+01,2.871497760659650567e+01,2.801601239267449728e+01,2.873834932252157159e+01,2.854664437436508706e+01,2.810572272106423952e+01,2.799362321761935846e+01,2.888418896047465978e+01,2.849115176404825434e+01,2.854399066054122613e+01,2.803691409844788041e+01,2.880307197907080763e+01,2.902727972747538843e+01,2.897894183807710533e+01
2.853061720336120288e+01,2.841442516544651653e+01,2.827009034502293616e+01,2.914171334429181570e+01,2.880023116056406707e+01,2.815817523235301678e+01,2.835790965109652007e+01,2.842855375664572648e+01,2.708514468167862788e+01,2.852792607033524064e+01,2.851626159306658792e+01,2.809022384926009863e+01,2.872441909816041061e+01,2.781222817175216733e+01,2.856559561259882685e+01,2.811180107407699325e+01,2.840069284965591123e+01,2.793654358207959376e+01,2.831651122166221057e+01,2.907194649452031854e+01,2.848494660299866155e+01,2.908332127300326420e+01,2.870627139474299838e+01,2.884971772746399665e+01
2.805598101636013553e+01,2.837319563121405963e+01,2.874653201277010339e+01,2.776612360234241805e+01,2.812436183203004703e+01,2.738805282777724415e+01,2.828325471760831533e+01,2.790243543853273422e+01,2.883410756751646886e+01,2.826374091202927730e+01,2.803187053914587068e+01,2.780039197574507170e+01,2.816888154473389250e+01,2.791465059951133298e+01,2.958864268523626606e+01,2.838666270501664712e+01,2.844558782757866311e+01,2.803240904283319423e+01,2.920972962762522229e+01,2.713083012095353297e+01,2.932316254554331181e+01,2.855434814046287784e+01,2.893604804545617526e+01,2.785333986227249170e+01
2.786833804362333922e+01,2.868765136923161663e+01,2.719120858233031868e+01,2.885335588585064670e+01,2.872453623885843399e+01,2.874712456924669368e+01,2.827427271204561521e+01,2.902239768994695623e+01,2.739474159301431655e+01,2.809775449641711020e+01,2.805661018531509399e+01,2.860458245487683371e+01,2.801806137008884434e+01,2.887873057355682249e+01,2.846427863099995648e+01,2.853151629160913672e+01,2.894151497625847469e+01,2.929388442802519421e+01,2.926793151101639978e+01,2.913995892972820911e+01,2.748434079121517470e+01,2.905751244139753453e+01,2.949207953064086496e+01,2.973743368345424187e+01
2.741510977608959365e+01,2.866370445443385506e+01,2.817058392458733351e+01,2.880862911660256032e+01,2.835476497604258839e+01,2.807899357743144719e+01,2.841469280650670726e+01,2.833464175296455778e+01,2.818038090211456392e+01,2.875673477097268460e+01,2.809685634706517021e+01,2.814422422655144373e+01,2.858652170363092182e+01,2.815413546501326891e+01,2.892418749599130479e+01,2.783102910121590412e+01,2.905624700678299632e+01,2.914323353232293812e+01,2.835514530331505512e+01,2.823790474872168943e+01,2.899824039339125648e+01,2.975652659501730568e+01,2.891744086598157537e+01,2.851023181667881090e+01
2.784122549529240587e+01,2.772376121565599760e+01,2.713420500185651463e+01,2.864776084592978123e+01,2.803428471690710921e+01,2.790991230970092829e+01,2.830837859624665498e+01,2.855141458888073203e+01,2.824832369155120659e+01,2.812629525858142188e+01,2.827783328458190226e+01,2.835022395488607572e+01,2.865852942662559144e+01,2.900666110714394108e+01,2.867284331848986767e+01,2.906079823476028423e+01,2.924614332363671565e+01,2.931850450140490238e+01,2.843370202651317413e+01,2.896234608490999562e+01,2.970281847221565386e+01,3.045685765498348019e+01,2.910230818250010998e+01,2.993976669996482087e+01
2.810325558121445511e+01,2.785853158792815520e+01,2.913548303183051758e+01,2.815315893193343300e+01,2.808697786115953932e+01,2.815332697257912287e+01,2.850612565392759734e+01,2.922472901954222380e+01,2.904023152518720963e+01,2.814783466339002871e+01,2.921736644793230653e+01,2.849752852733416830e+01,2.863245386513261792e+01,2.777938419569414918e+01,2.880985260847302243e+01,2.825378239611683284e+01,2.923534386023646903e+01,2.801179209665195913e+01,2.857151563367580138e+01,2.734039799323841180e+01,2.937983846605851568e+01,2.809496134632382791e+01,2.878786312732665920e+01,2.841662990123643340e+01
2.758221967448326950e+01,2.727415121577479340e+01,2.786616749248969427e+01,2.844527576264118807e+01,2.807218423857204925e+01,2.929951557779929772e+01,2.786913203202686873e+01,2.829145265972010748e+01,2.765080659002825314e+01,2.802038548413389663e+01,2.780811923092358029e+01,2.802038548413389663e+01,2.834829006012597574e+01,2.824315656789735840e+01,2.789326422457924082e+01,2.871687213287577833e+01,2.832440400817910131e+01,2.850243687992684727e+01,2.776149104812571977e+01,2.748817012583509722e+01,2.837751346918770423e+01,2.924894833664598082e+01,2.895837763866649084e+01,2.905811477344542482e+01
2.878646486363851409e+01,2.752698222653941684e+01,2.742667087352026556e+01,2.860059672871335579e+01,2.763094232757839563e+01,2.842656966987328815e+01,2.810859354766739671e+01,2.885244145471119737e+01,2.899955807865654833e+01,2.922289049028864838e+01,2.850997135813071282e+01,2.857535941515169498e+01,2.846038005811578842e+01,2.898803544667811138e+01,2.877102851607065759e+01,2.818050379112088422e+01,2.854471491059251775e+01,2.841944731544793967e+01,2.807248141724249990e+01,2.825734510551774292e+01,2.897216775836983516e+01,2.820187821052320487e+01,2.804991477141743417e+01,2.869620163896183840e+01
2.781084556518948148e+01,2.734689174545360402e+01,2.863520495927895126e+01,2.831857211403161045e+01,2.867822483734983052e+01,2.804530277307196684e+01,2.881155122189215945e+01,2.837308325767190809e+01,2.789575368052260274e+01,2.793468332962521572e+01,2.848983079983901234e+01,2.855681584112170412e+01,2.825573500477418065e+01,2.812132056374582589e+01,2.764436210064224042e+01,2.918028234390766329e+01,2.824135447941017674e+01,2.896902162336942865e+01,2.871006070215713635e+01,2.878260967707859663e+01,2.833954354545380738e+01,2.824112904108392286e+01,2.961704967620431717e+01,2.903185725274596507e+01
2.918047461025247458e+01,2.776448728690144208e+01,2.840844627441111925e+01,2.814620525812665619e+01,2.903748326861614260e+01,2.825930220695187245e+01,2.857686375401294754e+01,2.815160416868280890e+01,2.769906050278916609e+01,2.746926705806106384e+01,2.854798707945661818e+01,2.812394956148500569e+01,2.793692284475247334e+01,2.786781314607833338e+01,2.843697947929911152e+01,2.867867023984996422e+01,2.840536661001635821e+01,2.833939751525315387e+01,2.922306197623407797e+01,2.832157347284015714e+01,2.950428693382775691e+01,2.889576532627103234e+01,2.874087545116100273e+01,2.867179095752635476e+01
2.822883497902341787e+01,2.885858910658720333e+01,2.861252226798961829e+01,2.828787221737059099e+01,2.836978787460628837e+01,2.895266907428907643e+01,2.745859824161584584e+01,2.749145360401968219e+01,2.835173914438570364e+01,2.837445460346509662e+01,2.724267211986017401e+01,2.862123161618887934e+01,2.808474828702594550e+01,2.861181414558615188e+01,2.744369872533928856e+01,2.928173458946884011e+01,2.829559289325618465e+01,2.881459421548021282e+01,2.822311470507020204e+01,2.925547899678537078e+01,2.919012629439754392e+01,2.870508274092321699e+01,2.819343560696347595e+01,2.938910136323130473e+01
2.845838715989361845e+01,2.898749149103139189e+01,2.826231526593568333e+01,2.817377428618914337e+01,2.860800466816226617e+01,2.776620305895221463e+01,2.884243524762416655e+01,2.819547281085192481e+01,2.821030538183839553e+01,2.844014500993250749e+01,2.860643828610301398e+01,2.883649569446669148e+01,2.882843448327918168e+01,2.854879988175576955e+01,2.798580226242762592e+01,2.841208669784560925e+01,3.132945448078197614e+01,3.174856892268451247e+01,3.184846181936381981e+01,3.227779451297874402e+01,3.408191535611973677e+01,3.248796813075114187e+01,2.902308623733142667e+01,2.879416045993752959e+01
2.868699350460229880e+01,2.814921375877241871e+01,2.767854991009613741e+01,2.892148188469604975e+01,2.859065538273358698e+01,2.793404052806539539e+01,2.746315139933079763e+01,2.804278914202575379e+01,2.847337564681328104e+01,2.799110208470068528e+01,2.848182849543951534e+01,2.835055186740316913e+01,2.897003260732390117e+01,2.819982430702606280e+01,2.920547478254627549e+01,2.973845120673848896e+01,3.271304226486773814e+01,3.190210330121448123e+01,3.290556022796749858e+01,3.296459246249042963e+01,3.448581874387332391e+01,3.354664610753440002e+01,2.975985584064687828e+01,2.877547390455475806e+01
2.780434093723647493e+01,2.814952947654592208e+01,2.782508645100307376e+01,2.792175648295562951e+01,2.822532938550750714e+01,2.741571535207623356e+01,2.847033901168327930e+01,2.835401191292936574e+01,2.958758802530951471e+01,2.841921721007850010e+01,2.858086117280345206e+01,2.829312172865661523e+01,2.932343360423300282e+01,2.873429970136010070e+01,3.134930027299424182e+01,3.222405102068347560e+01,3.285396209226263409e+01,3.276952141448441580e+01,3.306534652126430274e+01,3.244926225416020316e+01,3.224638435384645163e+01,3.148542881728434395e+01,2.985394794511671535e+01,3.018218375923203212e+01
2.754830527240096671e+01,2.825003550924162710e+01,2.822888091365206265e+01,2.789534895726148989e+01,2.802646326315533543e+01,2.883274649235977449e+01,2.799440251200610419e+01,2.801081645248541463e+01,2.852332587489570415e+01,2.822509095218669017e+01,2.810332852507110601e+01,2.847146300417881548e+01,2.945456213888047614e+01,3.053176381641713988e+01,3.122132954246870895e+01,3.240327064995432238e+01,3.240295343477976076e+01,3.358747183087234589e+01,3.260286547149189573e+01,3.313475719557453658e+01,3.140498460417614979e+01,3.071601341778824690e+01,2.933494831917312240e+01,3.000397525566921786e+01
2.865207073538027771e+01,2.896446375266543782e+01,2.758656566224289008e+01,2.706797466422898424e+01,2.819955878779052227e+01,2.827651610794907810e+01,2.848913836580203451e+01,2.780450560647022940e+01,2.779410793769648080e+01,2.804342331637809593e+01,2.846240029858199705e+01,2.868767498661907211e+01,3.026689952496752767e+01,3.030848122042959858e+01,3.326359084024431922e+01,3.227655813732985735e+01,3.378510173537472383e+01,3.330977833578367608e+01,3.315394429274579124e+01,3.288768864981045681e+01,3.043990742352326606e+01,2.954800192885238630e+01,2.902646878121510099e+01,2.980457570362108299e+01
2.673476486942871588e+01,2.826246009186729680e+01,2.754778736864261646e+01,2.890301418608203221e+01,2.862061294339770257e+01,2.906653712276948909e+01,2.756746301141549793e+01,2.819870225737395231e+01,2.824167222200600236e+01,2.790786538215252222e+01,2.902179879589260736e+01,2.928421929452269978e+01,3.137254715804272109e+01,3.213093875895179963e+01,3.401065965147518000e+01,3.354276621750545928e+01,3.350987457430375116e+01,3.287505049150172454e+01,3.412762881250404234e+01,3.238146966328196186e+01,3.081565315261457272e+01,3.089914893892176906e+01,3.038882617074938253e+01,2.909865821976916322e+01
2.799956598872165614e+01,2.746301918809950848e+01,2.870125975750875114e+01,2.665432253410222074e+01,2.868140906536194734e+01,2.796295282680864602e+01,2.876163018463176968e+01,2.903768731084699084e+01,2.887809679262346663e+01,2.799499244326892722e+01,2.891018979377520282e+01,2.882107153886499873e+01,3.207171547061540196e+01,3.211652571813357326e+01,3.352517339945524100e+01,3.305278746781613108e+01,3.210082302068195759e+01,3.106702346866671860e+01,3.137614222234162753e+01,3.200146282657573238e+01,3.079547754339438370e+01,3.007487916007113427e+01,3.095611485858074730e+01,2.987942825339086994e+01
2.785230766900059507e+01,2.861563306296454812e+01,2.781331965959424224e+01,2.857098023361606920e+01,2.755309798705752655e+01,2.890893611616132830e+01,2.899203905394426783e+01,2.767713582135849038e+01,2.850703380522423913e+01,2.800252672477870419e+01,2.857192334684259549e+01,3.009220657912686647e+01,3.285075594084929662e+01,3.230937894172609504e+01,3.250246795727349536e+01,3.323607037154920363e+01,3.140285363714383493e+01,3.197401109480290415e+01,3.063864842869185168e+01,3.238133548927135053e+01,3.021922751863485246e+01,3.123951001401360372e+01,3.142448561945855090e+01,3.232051098592216931e+01
2.656156634647845749e+01,2.801493929372162484e+01,2.865234997216941792e+01,2.827371913167075945e+01,2.767375202628960551e+01,2.782528455434447778e+01,2.959117065083626130e+01,2.821143254576401205e+01,3.049951792536325001e+01,2.953349795708703596e+01,2.990931720927642345e+01,3.177902031502708269e+01,3.270444330935009702e+01,3.275482664498036911e+01,3.391398129811932449e+01,3.239754825150203033e+01,3.316527552539650969e+01,3.321306442038377327e+01,3.238871151573090401e+01,3.306907475607778224e+01,3.244460499459864877e+01,3.187729932412452172e+01,3.225624752099446368e+01,3.286634038863661544e+01
2.742119982328182459e+01,2.831161467250973374e+01,2.819946768191260844e+01,2.858562275915716100e+01,2.958383596787132319e+01,2.805602105461133533e+01,2.945451891362876040e+01,2.906707700564868446e+01,2.910484447197649160e+01,2.897847444458011523e+01,3.037762533001813381e+01,3.161368584578980290e+01,3.239106289716357878e+01,3.284565676273734880e+01,3.281415231052369563e+01,3.287114636366732157e+01,3.301750065771756226e+01,3.290185680231707011e+01,3.313631823137853871e+01,3.317314734681525579e+01,3.336239756922435618e+01,3.346334283370242701e+01,3.329831200402611557e+01,3.363298404062379632e+01
