3.081700997743973858e+01,2.777714956505843702e+01,2.824163907725022682e+01,2.770442851670651407e+01,2.713995094276958753e+01,2.833541900479042397e+01,2.712460744654208611e+01,2.839476805809232474e+01,2.771328661397734550e+01,3.008234508513601213e+01,2.872323796407096097e+01,2.948273313322772538e+01,2.897402185418377485e+01,2.934330670775017325e+01,2.750874802869566338e+01,2.778563320829374561e+01,2.937783848714855139e+01,2.835494752263633700e+01,2.800602530548553659e+01,2.827929429406162853e+01,2.885227842141722476e+01,2.873512686190861132e+01,2.854855562564779348e+01,2.792327407703669451e+01
2.844678097156975127e+01,2.878537203801107580e+01,2.857384640636990980e+01,2.731597729678668429e+01,2.769921536503568404e+01,2.863566893783956857e+01,2.795218550904718313e+01,2.906425955158744046e+01,2.880126206579626569e+01,2.768327233740666315e+01,2.779506306374798896e+01,2.846213791776142443e+01,2.909965134753241500e+01,2.703970724632154088e+01,2.814006504918398832e+01,2.832715996126694336e+01,2.821389538410613795e+01,2.879873566489794712e+01,2.792904026321195943e+01,2.739979811164431567e+01,2.846864523869868435e+01,2.824593921812714825e+01,2.816341486162104957e+01,2.802636850486942421e+01
2.791973445698056366e+01,2.675590191997565626e+01,2.815724900944479714e+01,2.800557096098935972e+01,2.824596370742142426e+01,2.833820454154022173e+01,2.840997332108975115e+01,2.813306939991747413e+01,2.925244757092912096e+01,2.849792304356810746e+01,2.849938257793189678e+01,2.834099455445090143e+01,2.878671480961861562e+01,2.801047272367713958e+01,2.865870034884488859e+01,2.868267350370496160e+01,2.864215448994525559e+01,2.822593771770027615e+01,2.797799586530771876e+01,2.751985362843589655e+01,2.913966047432649020e+01,2.895707652194511184e+01,2.831902362735132783e+01,2.775491847488729036e+01
2.701697659532885609e+01,2.766397879863507114e+01,2.739231341885249549e+01,2.962164408136095517e+01,2.916052629819688491e+01,2.807135588955770800e+01,2.797210812350976994e+01,2.912771245689378929e+01,2.812414582132896612e+01,2.899203713565754015e+01,2.878196898096297218e+01,2.793849932718353557e+01,2.875483880295467998e+01,2.816149078921915816e+01,2.905065403695573423e+01,2.841103435664047083e+01,2.839576963699482803e+01,2.842990950734707667e+01,2.901833890906397073e+01,2.903419257652728902e+01,2.922887224362909819e+01,2.793341145900825495e+01,2.865436741765734041e+01,2.786589405559163879e+01
2.842587308240541688e+01,2.748918155343125136e+01,2.788453226196560308e+01,2.853989488423201237e+01,2.825925628156653602e+01,2.864088885281933017e+01,2.766693250242741442e+01,2.839038302991622231e+01,2.864607541974055493e+01,2.898295816416822390e+01,2.886197281930151348e+01,2.936837547624310218e+01,2.878767115429394607e+01,2.873640742629157785e+01,2.847748793721706306e+01,2.808853503564353105e+01,2.834832565000561999e+01,2.941773541275165371e+01,2.799450722408340653e+01,2.808142503234694232e+01,2.789680303932277639e+01,2.860929210650010646e+01,2.967066742223363462e+01,2.860899333073592743e+01
2.851582128663551430e+01,2.942116941039319045e+01,2.860015133005606458e+01,2.861403086514991401e+01,2.785374279050768109e+01,2.783326255476055167e+01,2.922940930211149180e+01,2.888945779714606488e+01,2.836676050126226301e+01,2.837769918198932828e+01,2.886481701772822817e+01,2.952470822980313869e+01,2.903308071112019206e+01,2.753263205044959250e+01,2.833236237918146116e+01,2.881054305751251832e+01,2.824717526125090217e+01,2.915662016359351583e+01,2.847543184252367610e+01,2.826372422114980054e+01,2.813049528883573203e+01,2.838413790340098330e+01,2.773663760858124760e+01,2.800307444635132015e+01
2.918985076396717204e+01,2.794208510949113133e+01,2.732711716110742373e+01,2.830861342840006500e+01,2.877623943911942206e+01,2.768235807469551446e+01,2.745205136765770249e+01,2.855782925345386047e+01,2.849891823614592568e+01,2.892907316083159230e+01,2.867149624280733633e+01,2.779000275107102880e+01,2.871077146703197513e+01,2.930912030855427020e+01,2.845036106711171442e+01,2.807822359682603519e+01,2.900581426236550442e+01,2.883652669761431753e+01,2.875509172753311304e+01,2.890775501482386289e+01,2.856937037630507348e+01,2.901399842714357646e+01,2.790954267747957829e+01,2.843619736856925329e+01
2.780295704199460260e+01,2.854885701067024684e+01,2.840420704046880473e+01,2.887199316107393088e+01,2.751294557006031027e+01,2.923702347529831513e+01,2.786155623167775275e+01,2.811578330884378829e+01,2.777739546762649070e+01,2.817369183832317958e+01,2.838581586879661245e+01,2.888112059518942942e+01,2.833346030132099713e+01,2.940669165336146307e+01,2.947641321174080531e+01,2.872879832098465158e+01,2.870207619321143966e+01,2.827615930964151403e+01,2.875476620415986417e+01,2.909680515239153920e+01,2.912994471255063900e+01,2.933319704851851384e+01,2.894303533692317387e+01,2.841989869276352465e+01
2.822360500821395135e+01,2.884711599674898252e+01,2.837407403922998128e+01,2.923097603935809730e+01,2.857509902448776984e+01,2.835254585902703184e+01,2.897049056209078799e+01,2.837993476944876647e+01,2.758735730679552489e+01,2.861761825547461058e+01,2.835052871175605560e+01,2.830117423703410395e+01,2.812698497619942373e+01,2.805812577569582800e+01,2.924525209308490048e+01,2.917421599724008274e+01,2.824285823086523806e+01,2.851869240329381228e+01,2.813831988620887614e+01,2.843243662660484006e+01,2.767780900045431736e+01,2.740649376513732705e+01,2.737371088003146724e+01,2.869516551754105649e+01
2.865499916515858558e+01,2.808275128783935770e+01,2.773235129790606379e+01,2.954165322957061335e+01,2.887060933017528441e+01,2.809430082744523816e+01,2.785684385869308244e+01,2.782875452258991800e+01,2.835272568001568061e+01,2.835369771649436643e+01,2.865159006430280897e+01,2.857155142522708502e+01,2.820142276625847444e+01,2.811743532357940012e+01,2.883811399906659290e+01,2.863452633145993786e+01,2.880163060093786953e+01,2.774344872769052017e+01,2.759230031286136864e+01,2.944075753682921004e+01,2.934689746526208864e+01,2.833034284443658635e+01,2.734018700343256114e+01,2.822174720501203637e+01
2.784689292014707007e+01,2.916701234423481992e+01,2.809061977552738654e+01,2.883846364276388385e+01,2.811281516113933776e+01,2.851016082106690419e+01,2.775402413947801961e+01,2.736120134255065750e+01,2.779009747299340916e+01,2.821425861977775185e+01,2.865367209567983764e+01,2.868454265680418303e+01,2.888639134058377067e+01,2.857224027312560111e+01,2.844091722238425746e+01,2.830165827720207972e+01,2.864870221327373656e+01,2.847095302396024863e+01,2.843809136153384998e+01,2.825972294674301111e+01,2.796593149843869242e+01,2.941179432042798680e+01,2.842321111294756975e+01,2.815428775136246031e+01
2.766920986647704694e+01,2.857294171343920652e+01,2.807639497482898605e+01,2.824371665851521129e+01,2.813434547481421077e+01,2.836916063835082014e+01,2.858263006079909019e+01,2.843002228443481272e+01,2.848652123491774546e+01,2.919930660186821569e+01,2.830919085675685665e+01,2.799043979193589848e+01,2.792352389902293908e+01,2.910673312186605699e+01,2.789825197566915449e+01,2.870253795584739009e+01,2.857250143829980971e+01,2.849568043729107103e+01,2.799535285664939011e+01,2.884767712134367912e+01,2.901845871213055261e+01,3.005926088048283873e+01,2.772585053414110234e+01,2.873838136374803298e+01
2.849139816183787843e+01,2.791963077682675021e+01,2.808741265457166492e+01,2.880432179587035080e+01,2.836487912696156855e+01,2.858004885007437679e+01,2.805219860258659992e+01,2.824085838750465882e+01,2.868512850922593316e+01,2.847705017330792998e+01,2.825615544196085693e+01,2.805378401680650313e+01,2.807746951716075046e+01,2.815287878029664626e+01,2.849548282896233786e+01,2.810067755550164748e+01,2.925959167800817795e+01,2.867905863540687506e+01,2.807247563320379413e+01,2.903084822429440237e+01,2.782621377314569600e+01,2.912665309509361578e+01,2.889862137460551139e+01,2.745347422584217156e+01
2.760462137284054052e+01,2.800607671612920058e+01,2.763858787252286220e+01,2.797027746614577381e+01,2.915301901737797152e+01,2.819856861187093955e+01,2.811038000362248113e+01,2.951220941909173234e+01,2.875714777581725912e+01,2.752894538448310868e+01,2.756842907479881433e+01,2.837781839185680610e+01,2.820893447390812980e+01,2.786918814128461008e+01,2.909932471298890277e+01,2.859580985271105646e+01,2.786542984013988189e+01,2.792969083632482352e+01,2.902126867574548896e+01,2.859509760987612026e+01,2.875375439230606389e+01,2.899349294469436700e+01,2.871990147946269190e+01,2.812103999516034492e+01
2.876393656209251048e+01,2.905238999217488072e+01,2.859800424252358653e+01,2.778912107747902382e+01,2.883105134118670776e+01,2.908391295609351346e+01,2.813069648136752221e+01,2.875648678074674081e+01,2.822088229532459991e+01,2.797566646917681510e+01,2.790094565530682758e+01,2.825344214320807623e+01,2.923011025288241171e+01,2.860606988071702972e+01,2.859345736518542935e+01,2.843866914449347405e+01,2.814057355920635928e+01,2.889637340365845830e+01,2.870152306831164424e+01,2.904847925183793222e+01,2.925005649954755427e+01,2.945968442699285106e+01,2.792114386053543740e+01,2.857874197202733058e+01
2.753261298940304869e+01,2.817649957445826203e+01,2.844795880832947432e+01,2.807610765011060039e+01,2.881996783991047550e+01,2.844779701914222869e+01,2.836804720208721164e+01,2.840766473556448091e+01,2.878872266183662987e+01,2.791878037015965219e+01,2.804723112694881593e+01,2.839665814256414933e+01,2.784438373237156839e+01,2.892308374843338470e+01,2.870359069885699910e+01,2.821402082911538400e+01,2.884298043180649529e+01,2.901430908230679506e+01,2.881006012843698727e+01,2.939912901236112930e+01,2.909604228366174539e+01,2.875150406144251747e+01,2.877009061007817081e+01,2.902293650437081851e+01
2.859949127213212705e+01,2.822317792215426380e+01,2.852841361455472224e+01,2.922792617318390285e+01,2.815362491117394939e+01,2.823413418845916567e+01,2.870073652581720580e+01,2.689782259355268934e+01,2.798000939113671848e+01,2.860747870155984174e+01,2.837527095907540797e+01,2.784301758647688985e+01,2.853681896351343994e+01,2.820557083447448576e+01,2.776123510679644824e+01,2.948183463833049700e+01,2.869692501227746106e+01,2.929947382875315043e+01,2.833114764798091301e+01,2.826796273434001705e+01,2.783886701594411761e+01,2.943675198705062712e+01,2.739651049209561506e+01,2.899709434268567065e+01
2.917803257520250781e+01,2.765466413334070239e+01,2.862714595834921738e+01,2.874858692461060627e+01,2.855183618380908683e+01,2.813467018753635784e+01,2.785809838456373200e+01,2.891576854312398837e+01,2.792824351141410943e+01,2.805064697093393988e+01,2.825956995872189736e+01,2.771949689948786499e+01,2.839318708299720129e+01,2.900496312126909970e+01,2.794425900032751997e+01,2.833577824303336001e+01,2.912473057267652621e+01,2.833567978287692313e+01,2.813652795735123391e+01,2.775160652602329492e+01,2.900267099200169696e+01,2.835639766870679068e+01,2.855129697568344227e+01,2.890471335802209296e+01
2.898349848341825918e+01,2.829640525883183955e+01,2.782334418084496974e+01,2.789394927136510205e+01,2.754510609847778824e+01,2.802316380633402559e+01,2.854635564941753501e+01,2.792767257289114013e+01,2.816161211260646269e+01,2.839451158864540048e+01,2.921450426039922377e+01,2.944118640189293501e+01,2.963698820178854021e+01,2.916398876719028976e+01,2.877946633551556488e+01,2.931301370841691778e+01,2.843019747660309804e+01,2.943711736402661927e+01,2.795495458310062986e+01,2.807150912347373151e+01,2.868344308295513656e+01,2.927861955783373560e+01,2.887315348467257081e+01,2.860701097663684322e+01
2.825589012356641661e+01,2.876437763058760311e+01,2.829935141870890902e+01,2.904442533564866835e+01,2.829436726191869411e+01,2.851754060308672933e+01,2.799563635956286589e+01,2.871157620966442892e+01,2.890620687791528098e+01,2.835051754434749682e+01,2.822938974000504686e+01,2.840650269864727306e+01,2.846256111595522498e+01,2.906291203092035857e+01,2.873538451156144902e+01,2.855625255422950204e+01,2.824310913096661579e+01,2.906514741715034233e+01,2.847970352114339221e+01,2.915510045076513279e+01,2.855345966310437689e+01,2.853484094989102005e+01,2.887431369421852878e+01,2.895211466116370502e+01
2.778578551263314012e+01,2.877795609278177835e+01,2.888292497281287297e+01,2.865150711417828688e+01,2.806754197785136284e+01,2.910426928779901345e+01,2.826038666701259672e+01,2.837994197548374586e+01,2.825031092438382530e+01,2.822189494755042460e+01,2.845327300342410126e+01,2.820527854226764930e+01,2.790616833064825641e+01,2.852798097629755603e+01,2.859345736518542935e+01,2.818708822716524764e+01,2.815563064182481412e+01,2.928546869997944668e+01,2.880005420466909527e+01,2.873222022934135111e+01,2.940388678546975143e+01,2.824911656203181565e+01,2.846340836695367216e+01,2.783053917627694318e+01
2.810508608400624553e+01,2.772512013771216743e+01,2.806906706945892438e+01,2.879578347231847602e+01,2.750347986775352638e+01,2.786868139576375825e+01,2.871202580929593751e+01,2.811669921186552301e+01,2.896489767143509653e+01,2.887754935693021707e+01,2.827268711006098556e+01,2.790462570422289446e+01,2.912337050353085033e+01,2.887562684212485919e+01,2.900616309439425322e+01,2.839685754178970001e+01,2.888118978123850411e+01,2.760742198972718597e+01,2.887133993444842872e+01,2.909477944536314453e+01,2.922409466196398853e+01,2.912220979490314221e+01,3.017907457205376431e+01,2.911546257013714012e+01
2.841626687102979076e+01,2.862054289838584964e+01,2.910843161651013133e+01,2.845603754678785435e+01,2.780680948091492155e+01,2.805616806933505814e+01,2.871611364457351101e+01,2.930413003778244274e+01,2.801245535744646986e+01,2.769634391900535775e+01,2.815273244205292258e+01,2.854967786931416640e+01,2.760830178110558109e+01,2.901969664897615075e+01,2.880984915228674481e+01,2.940707379410912381e+01,2.919649544118777840e+01,2.839624604456219004e+01,2.892904827487512875e+01,2.881669658487163588e+01,2.971550102878029520e+01,2.817618006394980057e+01,3.081692943013234753e+01,3.149584767604943636e+01
2.827110045536738880e+01,2.731928591057425137e+01,2.779438751014959053e+01,2.866502208151052855e+01,2.763431692470953749e+01,2.843451189540189716e+01,2.835501074172924518e+01,2.849976631251576009e+01,2.847580401297335584e+01,2.790014231922106092e+01,2.850395090471198500e+01,2.932803868938628966e+01,2.894897801822531846e+01,2.900699112257927936e+01,2.861946483986201883e+01,2.873673954415033904e+01,2.880560262063033861e+01,2.837742241852851066e+01,2.891810578205127058e+01,2.893139399079547047e+01,2.945285418984826720e+01,3.034602789319097838e+01,3.201274571746631636e+01,3.261174565019393867e+01
2.872844343730116634e+01,2.768016452197372246e+01,2.819135961503991439e+01,2.772689106628962463e+01,2.851065905537103617e+01,2.882551946722253433e+01,2.810415047464636018e+01,2.817220006270554222e+01,2.793300650746380143e+01,2.817118467703915030e+01,2.769705698587051756e+01,2.740293249012961496e+01,2.769813647119883626e+01,2.833728671160645263e+01,2.910685679800320713e+01,2.864161339260022032e+01,2.841348439411672189e+01,2.819242489679317032e+01,2.873554767466316662e+01,2.821632510616797163e+01,2.915168724312519544e+01,2.924301595302648593e+01,3.094943789256564060e+01,3.051533943885385725e+01
2.828230445719896125e+01,2.788747780230045237e+01,2.806400539131573169e+01,2.728301650946923473e+01,2.797141790306238818e+01,2.836746592667697087e+01,2.795952976982124483e+01,2.712663110904304631e+01,2.814961549488941728e+01,2.759211645791629053e+01,2.751668447256503214e+01,2.759824679294996486e+01,2.849490646003914662e+01,2.879360790773523604e+01,2.849217635321224407e+01,2.855361417854868478e+01,2.830454030589964987e+01,2.836450245310356877e+01,2.791541129178159508e+01,2.870512259260573273e+01,2.881763599083461713e+01,2.904599197521190490e+01,3.021158857368459394e+01,3.022004735946438814e+01
2.768953761132098634e+01,2.894012820743085967e+01,2.870288011522450233e+01,2.878734954995525186e+01,2.774248016168246522e+01,2.822028167356035055e+01,2.782314439338978218e+01,2.789093026969413813e+01,2.817046658054880481e+01,2.820305679198895632e+01,2.899433954809796887e+01,2.900068351234040165e+01,2.832857429901343949e+01,2.778152552374871220e+01,2.784477313445461277e+01,2.860157859235556543e+01,2.826813778375998254e+01,2.879205931798310303e+01,2.852738522934066623e+01,2.915765046485961420e+01,2.881863963079052837e+01,2.937615900892524223e+01,2.875310703095709641e+01,2.792062102676430868e+01
2.682552323671137628e+01,2.841939892944947132e+01,2.870895133346857619e+01,2.793846548544189545e+01,2.885158630954003911e+01,2.827462101738643696e+01,2.815484214404472141e+01,2.815065019543192193e+01,2.667815845357449689e+01,2.740902732294421185e+01,2.795290125526764768e+01,2.893829866479484281e+01,2.838319569633483752e+01,2.728507298300183948e+01,2.820260271311815359e+01,2.763258768889608064e+01,2.797057504570148012e+01,2.945257538712689893e+01,2.881936715511454850e+01,2.862257739012835600e+01,2.920848289105794038e+01,3.017369272634573463e+01,2.904724985182338060e+01,2.698350794099189898e+01
2.808876673330581752e+01,2.760573048036826549e+01,2.806111786405335806e+01,2.779646006982665085e+01,2.738068689664345357e+01,2.709916296286269244e+01,2.863386211825678629e+01,2.832920335376218191e+01,2.838095629958900190e+01,2.747863028584094991e+01,2.736093843644334811e+01,2.844315772689577670e+01,2.752637526816948821e+01,2.757685345087804762e+01,2.897563948628129538e+01,2.867047828294602141e+01,2.728711534456567733e+01,2.808347223003295312e+01,2.918541939258659568e+01,2.818877227675272934e+01,2.849228353981220607e+01,2.828527708503963822e+01,2.915693533446687979e+01,2.675287443708759838e+01
2.833306806816631251e+01,2.762944477682452771e+01,2.787765860739671098e+01,2.638247336355738071e+01,2.828909725897557337e+01,2.792078206422576159e+01,2.632952716482350297e+01,2.760877284889562588e+01,2.631577174990303547e+01,2.733456570963022614e+01,2.825118842724015167e+01,2.775215093418682955e+01,2.836499483699083157e+01,2.828465374422660261e+01,2.771306350552407594e+01,2.739993297160282282e+01,2.840382567353930199e+01,2.866200466275756753e+01,2.741009370845534932e+01,2.807305780298179343e+01,2.771348835400601729e+01,2.794680707206276793e+01,2.929248007444988389e+01,2.570803321501836081e+01
2.608550999452216956e+01,2.757560966592427576e+01,2.718297999310902924e+01,2.729461999582650833e+01,2.795503211704328805e+01,2.813214014262456431e+01,2.707068088095763869e+01,2.831350493806502300e+01,2.780486905043653678e+01,2.850780159626839350e+01,2.764117732439927977e+01,2.811844225261495467e+01,2.838587359358399453e+01,2.841967994841525069e+01,2.826073011147639136e+01,2.825169075294138565e+01,2.900070183630253950e+01,2.860547057246026270e+01,2.847211536700285706e+01,2.866717575856114308e+01,2.793036854622869214e+01,2.921144570401440888e+01,2.932223963093832708e+01,2.748114605426212620e+01
2.814094007202356806e+01,2.662506290019484823e+01,2.750778528480867635e+01,2.821800814612333852e+01,2.765956572531831625e+01,2.818480278521650462e+01,2.741048879915115322e+01,2.789052824303792022e+01,2.708636669562611132e+01,2.865527050972889356e+01,2.830260738614879301e+01,2.845899276175714476e+01,2.872025044001236438e+01,2.809708734417881715e+01,2.814516194008615457e+01,2.755567244878483280e+01,2.854901193867749498e+01,2.900376640611227685e+01,2.875670723166001608e+01,2.955129359873785688e+01,2.975493534857332634e+01,2.884963118613518418e+01,2.926193333725387902e+01,2.831866611064543804e+01
