2.555712911814129029e+01,2.691273940905972495e+01,2.601752904046844606e+01,2.621005217351387273e+01,2.590581400061728345e+01,2.558577991163195975e+01,2.654650056382723733e+01,2.614109347921828430e+01,2.660977390470696946e+01,2.715165772127897981e+01,2.647589270791667104e+01,2.654927629447075788e+01,2.538026225277479853e+01,2.729029161876923126e+01,2.636245465637023244e+01,2.683491592177330176e+01,2.758262355628181695e+01,2.764570976000862856e+01,2.549300108856863289e+01,2.689416704444982997e+01,2.611780878656946925e+01,2.713890480347924949e+01,2.652420600753595181e+01,2.784564831168188448e+01
2.733819784533869779e+01,2.658882148508337195e+01,2.711613347269980068e+01,2.635061839268325912e+01,2.668834256878488986e+01,2.545258512467637502e+01,2.524630558758718735e+01,2.706851776776716179e+01,2.678514357311081540e+01,2.700358370374175365e+01,2.554374441124480200e+01,2.598888996052346556e+01,2.599079793165947194e+01,2.563930285878376480e+01,2.674592828601663541e+01,2.713618179951691900e+01,2.661599829708933385e+01,2.498685313873312452e+01,2.788123122493567507e+01,2.579354109793393945e+01,2.736948690357928626e+01,2.712130040502222528e+01,2.638638362292289230e+01,2.619838166579796734e+01
2.623409809850960528e+01,2.581040506537772217e+01,2.445062542577306886e+01,2.698512918836331664e+01,2.555764886705304662e+01,2.745503649894442333e+01,2.617972570999603477e+01,2.608907320342200364e+01,2.595541096214225263e+01,2.750897004235031318e+01,2.624758398251810831e+01,2.627839616998369365e+01,2.591570912836732532e+01,2.676006845070645568e+01,2.578452558990869647e+01,2.640643528614504021e+01,2.638587331238329625e+01,2.678960454426851356e+01,2.740491511284807302e+01,2.608418577977772657e+01,2.732568388953973226e+01,2.754834302222229780e+01,2.628896325442622128e+01,2.753568719775353202e+01
2.734141446405021725e+01,2.618889552817472577e+01,2.683307533786751264e+01,2.716706120767690891e+01,2.648427062655304098e+01,2.740337780596229322e+01,2.660543758048811469e+01,2.624128239127668394e+01,2.629829471307579070e+01,2.694848346284084073e+01,2.734190242529268744e+01,2.669032285588872355e+01,2.689532135049535100e+01,2.648650339995197101e+01,2.699720455910187411e+01,2.674945070457158636e+01,2.674594587232991216e+01,2.634704297699653353e+01,2.738863345259846938e+01,2.611831770882338333e+01,2.740514123028350468e+01,2.716071171807220708e+01,2.797530028734985308e+01,2.782183989769595200e+01
2.572791114644951449e+01,2.569933198205143299e+01,2.564985048401922541e+01,2.671905499824225672e+01,2.623767302636758814e+01,2.700877272473701396e+01,2.679792039437336371e+01,2.611608012536254364e+01,2.483869688450022295e+01,2.536681234928028061e+01,2.603034725294622831e+01,2.690121820772338879e+01,2.652748262884892938e+01,2.663359216216952063e+01,2.565115613574380404e+01,2.653616970472978664e+01,2.588755141481976807e+01,2.731621510831251953e+01,2.651013755826210172e+01,2.656078020051870681e+01,2.643996502600543863e+01,2.772658519941847999e+01,2.592726980177445739e+01,2.797256057550964670e+01
2.698586020201724978e+01,2.559515601534121743e+01,2.657886179908763324e+01,2.616478712993597355e+01,2.580406641758958131e+01,2.599304153247908289e+01,2.678598828206639837e+01,2.722938667945697944e+01,2.746687141959432665e+01,2.630423940026258833e+01,2.623173892347972469e+01,2.597672173277618413e+01,2.696437182743125049e+01,2.618919433519494078e+01,2.605599719880132170e+01,2.635083400812112586e+01,2.673150215498196758e+01,2.591744920523598239e+01,2.755333123088968250e+01,2.654895756570044796e+01,2.782250473025533211e+01,2.649787256935246660e+01,2.715495818532389194e+01,2.546761408536860927e+01
2.629002260719988726e+01,2.749657238790564406e+01,2.637667411216517621e+01,2.627565064260431882e+01,2.510426059576798252e+01,2.723208680707250551e+01,2.636381620741030929e+01,2.743236311194641530e+01,2.585926267703894155e+01,2.684691672936548912e+01,2.622519905142297603e+01,2.679569329421826751e+01,2.699821127194809378e+01,2.649120089352419427e+01,2.581398530090928034e+01,2.597201727210051558e+01,2.655524151691759016e+01,2.803184491590837979e+01,2.723480761891676138e+01,2.718828084174333526e+01,2.648726828898134045e+01,2.747973093556618096e+01,2.706220432762592054e+01,2.693068414874062455e+01
2.578412980729274295e+01,2.500529134800791553e+01,2.637605597761847775e+01,2.601362381013944969e+01,2.666168893144021013e+01,2.600915764848366507e+01,2.656627700965412942e+01,2.603745997559263969e+01,2.588662499306815334e+01,2.552908876362602086e+01,2.611271590307177348e+01,2.606813129849052757e+01,2.679990484733934863e+01,2.696239050175563534e+01,2.703226580909091581e+01,2.663337013061351399e+01,2.734425150398868709e+01,2.763907368419774002e+01,2.741331484732364743e+01,2.643193968127440030e+01,2.666912402349129252e+01,2.684810050691248762e+01,2.747753562814318684e+01,2.691362311403105423e+01
2.641569042601020101e+01,2.596574163572478255e+01,2.552764074196380761e+01,2.676537081689997422e+01,2.613076995349581466e+01,2.588325424465256219e+01,2.634590373255201712e+01,2.646292580589641830e+01,2.622106206567906383e+01,2.632947428450898997e+01,2.501956780866720464e+01,2.670471428677495851e+01,2.637204873931062821e+01,2.575155806198029040e+01,2.610346621992692917e+01,2.635524897807175648e+01,2.578940638586379919e+01,2.603696832403880990e+01,2.603210083121956586e+01,2.664961007481383604e+01,2.704645309503814588e+01,2.637464609821256545e+01,2.625787227410239666e+01,2.695017890460161425e+01
2.576832322377231321e+01,2.646162527561199340e+01,2.647883299809842583e+01,2.593923021105592852e+01,2.642398959676205550e+01,2.508663112309830012e+01,2.631178057799593262e+01,2.519800576039921225e+01,2.572425472255093837e+01,2.589840234485671999e+01,2.567588476863863889e+01,2.595595291389054182e+01,2.643793993300755574e+01,2.618330137482047348e+01,2.587651890756842477e+01,2.600511870933519276e+01,2.670102098479543429e+01,2.648702646318412235e+01,2.672275020964792702e+01,2.591796329761302786e+01,2.725069524568516499e+01,2.622040094196535165e+01,2.676358154218974050e+01,2.629999200332446208e+01
2.518455647270769759e+01,2.570819227259721629e+01,2.623743306869687331e+01,2.734677693413260613e+01,2.622893589234161027e+01,2.625388849614489573e+01,2.654916422478186178e+01,2.577322597516109681e+01,2.552265253460251415e+01,2.557932188067371726e+01,2.603647588219530462e+01,2.709202266033656770e+01,2.558391539381295843e+01,2.645900765160394030e+01,2.701623950032444554e+01,2.703103786436685141e+01,2.706665284476031275e+01,2.704975517336345092e+01,2.668274753319678894e+01,2.701369864201456039e+01,2.749304040777258251e+01,2.766627810648941477e+01,2.745287712219266041e+01,2.808352668895969373e+01
2.706125607667013355e+01,2.712878092628915283e+01,2.738872643027690401e+01,2.616989741174501205e+01,2.661985509681039730e+01,2.609959880756866824e+01,2.668299214784673268e+01,2.615797615118339081e+01,2.604390223040002184e+01,2.710346259182222184e+01,2.621048498663378723e+01,2.621753464036726200e+01,2.615649270056985642e+01,2.649250451529212569e+01,2.680892741871866747e+01,2.709842735031583061e+01,2.714359560499951840e+01,2.824905646262442360e+01,2.764198971336674049e+01,2.707733051459638318e+01,2.673645685061751465e+01,2.670802359990409514e+01,2.692418318790646481e+01,2.678790667573866813e+01
2.565209882964217059e+01,2.680363312670442610e+01,2.621120956577357219e+01,2.709062720482421582e+01,2.647618548787568216e+01,2.701215709407989607e+01,2.578661372411602315e+01,2.629030046080146121e+01,2.590069450427455422e+01,2.720592190087700146e+01,2.615463280382817857e+01,2.660201289344922770e+01,2.595853409999563155e+01,2.634745847582303213e+01,2.721071213038919723e+01,2.711731637531090655e+01,2.714894676116517758e+01,2.804025993465728561e+01,2.784118984972184307e+01,2.706593699580201928e+01,2.624798113471689476e+01,2.787746101514846941e+01,2.607521556652915251e+01,2.601954346545153385e+01
2.653519825118104336e+01,2.711878694093911690e+01,2.648454032183292384e+01,2.735990427998910945e+01,2.689169647617990222e+01,2.611463531291889240e+01,2.671884847693007714e+01,2.776547629486822188e+01,2.648478359421960704e+01,2.609639230735996307e+01,2.665062062908020835e+01,2.575454023856383401e+01,2.575891089313137172e+01,2.688436426348891928e+01,2.748845892748136066e+01,2.925184991174955940e+01,2.859493527082480568e+01,2.849237401293174798e+01,2.774631010141087017e+01,2.647101045120979279e+01,2.751535202482239129e+01,2.582173951590959859e+01,2.660933574773116561e+01,2.653777472609698407e+01
2.552364788052949507e+01,2.661321339254351415e+01,2.673618239536335750e+01,2.719826044531566822e+01,2.602724328351013128e+01,2.805565353785976868e+01,2.692395921752648746e+01,2.700335889376344767e+01,2.697771137235758943e+01,2.602782604962345658e+01,2.612500338470539418e+01,2.696983881395027538e+01,2.578778285503602774e+01,2.732020344527063571e+01,2.945806560059611456e+01,2.945734322242361714e+01,2.839419612672338644e+01,2.961211690879383696e+01,2.694181968612156197e+01,2.727722414310056820e+01,2.696644291498705570e+01,2.715671822222736864e+01,2.672982612578573480e+01,2.625080717650342876e+01
2.667441179807303797e+01,2.806834888969325448e+01,2.768634744163870209e+01,2.692887757663703496e+01,2.691723776940011703e+01,2.600716765978955891e+01,2.609819255690086948e+01,2.526222511097893175e+01,2.701871630589522510e+01,2.664507378592702480e+01,2.710598609551465188e+01,2.743346039257824032e+01,2.687975576718605453e+01,2.844132444188142017e+01,2.967535027075393828e+01,3.139377276145739870e+01,3.036828993974961577e+01,2.936979909026609903e+01,2.787789269652552093e+01,2.762320889481708264e+01,2.698899823352883232e+01,2.679533190097049555e+01,2.630210467885029857e+01,2.761733028146016977e+01
2.634654443203987739e+01,2.689919625048275975e+01,2.608461907154179471e+01,2.659095957918890463e+01,2.570755680439833668e+01,2.665340759601031095e+01,2.608991083481242867e+01,2.597698508806229256e+01,2.604465088059998834e+01,2.681959189659033882e+01,2.576753555155102049e+01,2.753946169496703078e+01,2.659158483763695813e+01,2.801524105505495754e+01,3.222608651696532434e+01,3.118927509747044269e+01,3.090139292029425633e+01,3.145769386298258041e+01,2.757239212819143859e+01,2.781440912120467601e+01,2.606410872529193057e+01,2.608627194246793124e+01,2.600211898139616551e+01,2.613631768473766215e+01
2.730686635921637162e+01,2.672957392363355211e+01,2.636344468037123079e+01,2.649576051251182207e+01,2.663685061450195235e+01,2.639880408003352841e+01,2.609724300984777301e+01,2.630038123008671391e+01,2.697637413321172062e+01,2.626083038374844136e+01,2.647875444407986834e+01,2.609417726267298576e+01,2.676711407706318369e+01,2.785845067075808856e+01,3.270997350851212104e+01,3.166890081810254287e+01,3.268941932138483253e+01,3.049876573451416562e+01,2.838040970943364982e+01,2.731665395038191946e+01,2.706055777759104330e+01,2.605776417575998494e+01,2.680728054035961350e+01,2.696120398975392618e+01
2.594867656434217906e+01,2.740876207947110288e+01,2.689925321120841772e+01,2.750488702199396585e+01,2.618726001757130462e+01,2.646026737466377199e+01,2.645439455305887577e+01,2.651378396257985059e+01,2.726650711052946008e+01,2.645569193420112697e+01,2.661002342340492532e+01,2.733953561397765952e+01,2.753643236484487034e+01,2.671767088706945970e+01,3.172494519255116074e+01,3.125643569422976498e+01,3.183660171162762254e+01,3.199180834178696387e+01,2.754355425526483714e+01,2.783079955552022966e+01,2.728891331249383256e+01,2.715202766898312348e+01,2.603306838601048412e+01,2.737540887354856523e+01
2.720941477317421686e+01,2.729127988110275282e+01,2.696645440496916990e+01,2.641010955937144900e+01,2.676278198643126416e+01,2.678875386781129464e+01,2.746726159323577576e+01,2.695345396010776540e+01,2.730973754863060776e+01,2.708655935659857050e+01,2.751551213660081885e+01,2.902756775846046366e+01,3.036114725450096330e+01,2.978501280757734548e+01,3.266187634961465847e+01,3.102479418012455881e+01,3.231163371897980596e+01,3.013686022387031471e+01,2.774857940092681474e+01,2.754700504148905793e+01,2.749294385999644419e+01,2.675441234026789061e+01,2.732920381674279042e+01,2.700489965119419367e+01
2.613021643506675673e+01,2.709266819835880824e+01,2.606222273001486656e+01,2.729795775571562899e+01,2.598362735899706877e+01,2.718494347949541634e+01,2.670412337019064353e+01,2.767014738721718459e+01,2.631795402805488493e+01,2.626361474066533219e+01,2.904723747044772608e+01,3.155136729607949064e+01,2.977123263183875679e+01,3.065170260790489465e+01,3.091525243866351502e+01,3.145159037926811152e+01,3.056389091745694486e+01,3.096953845826351426e+01,3.037919571856764378e+01,2.895610384623353184e+01,2.730068922181470725e+01,2.735199476397383478e+01,2.635606230545914741e+01,2.733784969937818232e+01
2.724929405093030255e+01,2.466332776898406109e+01,2.712033037999628959e+01,2.635376897958570908e+01,2.740466195006291628e+01,2.756321937033374070e+01,2.800439612545960699e+01,2.723161236482849290e+01,2.737761121553364774e+01,2.660088160044392680e+01,3.001616961109897375e+01,3.028458432653332011e+01,2.986787247159173830e+01,2.911346714063756735e+01,2.907057241542440806e+01,3.012092579742818543e+01,2.943070887284648052e+01,2.998805494596024346e+01,3.099793740934882180e+01,3.005246341057801374e+01,2.728898988774494683e+01,2.789084135048017288e+01,2.698617706788320447e+01,2.624170099461878181e+01
2.638622796229373080e+01,2.818169303250220992e+01,2.588846868823202385e+01,2.599632199965310519e+01,2.722512632298514745e+01,2.854478281437809528e+01,3.041953100350929162e+01,3.007451314882985116e+01,2.911628172708742568e+01,2.895084182656052008e+01,2.885352856788216513e+01,2.904438824116408568e+01,2.911622187810860396e+01,3.063646280009794509e+01,2.979103913978786977e+01,3.001140779776096679e+01,2.919863186719351233e+01,2.890016325817566667e+01,2.861219584842558561e+01,2.812247598388978531e+01,2.763129691378304642e+01,2.786608334452228064e+01,2.726169459658780170e+01,2.697485575333337238e+01
2.664551887333851710e+01,2.630432452207861616e+01,2.830311885108307024e+01,2.659603565643163847e+01,2.669602512679011852e+01,2.747054781485536523e+01,3.005946855902197967e+01,3.051487113462690104e+01,3.020826105170732490e+01,2.995918736076123423e+01,2.953515850037439350e+01,2.912780188982247864e+01,3.000651788335386527e+01,3.086005802132842746e+01,3.095349576391600976e+01,2.986895599386878075e+01,2.950916570829383545e+01,2.890631407369562567e+01,2.947280690477026610e+01,2.945789923419340539e+01,2.845241017265777828e+01,2.659028680283961421e+01,2.789745224853049876e+01,2.753458716074004542e+01
2.712135986878450922e+01,2.727637658754167660e+01,2.673330980650536048e+01,2.800989875669313278e+01,2.718998128298335359e+01,2.820873314640562057e+01,2.950504509125624963e+01,2.988708719678953685e+01,3.135666616482552627e+01,3.136630210636280935e+01,2.949830300178871312e+01,2.882621940931608151e+01,2.907819133625775976e+01,3.101670822689806073e+01,3.028417370976899292e+01,3.131933119530305021e+01,2.994958160978643491e+01,3.019989287426608371e+01,2.913642547994408005e+01,2.949760788617066964e+01,2.887508152757868629e+01,2.747801602207857741e+01,2.657223689465712368e+01,2.724420294592545133e+01
2.776263115539211412e+01,2.712906309463056687e+01,2.802320397454690237e+01,2.621346450558775132e+01,2.779912360045091191e+01,2.722612878669792735e+01,2.897687997828290918e+01,2.887148977493751545e+01,3.128083301539800232e+01,3.016771221727685770e+01,2.949117966129409751e+01,2.921109631272332763e+01,3.064678111005150640e+01,3.057631103664323291e+01,3.074631535048604292e+01,3.114395905222471583e+01,3.074407666460888322e+01,3.011652427036943891e+01,3.013181223405291576e+01,2.912984806277694361e+01,2.801745019915227886e+01,2.694732303861962919e+01,2.640744184731744326e+01,2.677586542635447131e+01
2.750065517406505933e+01,2.758433765794399051e+01,2.602842747008929791e+01,2.799308706776560030e+01,2.829274194018938715e+01,2.832661595925799247e+01,2.866592213762271513e+01,3.000706257942067623e+01,3.136443517761028943e+01,3.189725506547517853e+01,2.984542647097759982e+01,2.983108319411985576e+01,3.006062110021878198e+01,3.111036300552802913e+01,3.117838998566332975e+01,3.082403596230324183e+01,3.093812219740351566e+01,3.126711978264842173e+01,3.007148922897926013e+01,3.122677641701216089e+01,2.791375397170406814e+01,2.727952919374905605e+01,2.565830479638447059e+01,2.782633243138013768e+01
2.835123369992021480e+01,2.799783560901630608e+01,2.775793875311779857e+01,2.695646803772564226e+01,2.739638443364952991e+01,2.760454479075144718e+01,2.861591738832822784e+01,2.876933394750881234e+01,3.026898116950826534e+01,3.128744669416863644e+01,2.885506382274547832e+01,2.868240563415821498e+01,3.107314112182876897e+01,3.140330791241893849e+01,3.089726988595873536e+01,3.104275382422179064e+01,3.052081498507544666e+01,2.994276272098989011e+01,3.114111711647399261e+01,3.224015123894372437e+01,2.872378703699894231e+01,2.828801248509233801e+01,2.698369513623197236e+01,2.699933001235621077e+01
2.560497910321618065e+01,2.676564050989185262e+01,2.603812422217220046e+01,2.685006356448377574e+01,2.617428024711318812e+01,2.832666232765308223e+01,2.800871148872568028e+01,2.886795407292913751e+01,2.846265330902662072e+01,2.830693676287916105e+01,2.836172555787243255e+01,2.862631520176478261e+01,2.809859812088615172e+01,2.979513268710672946e+01,2.980804152856148903e+01,3.117653143304931973e+01,2.976814771869703691e+01,2.883650755025894341e+01,2.867508134349020565e+01,2.943418774534109161e+01,2.785305808500442026e+01,2.865405158664668761e+01,2.581171108776447909e+01,2.679895483780728682e+01
2.801651377468795090e+01,2.536624460090081357e+01,2.699213595029368662e+01,2.659716200436855615e+01,2.733493161871416532e+01,2.694024364171002617e+01,2.936987053745770027e+01,2.915110109780010816e+01,2.819113629923242570e+01,2.817361435194857222e+01,2.830143143205140177e+01,2.819174063997581925e+01,2.914068656806517765e+01,2.791478966114038940e+01,2.948093972966455567e+01,2.917406236695455846e+01,2.807698854983368619e+01,2.736466781128370940e+01,2.793704978152192098e+01,2.740282268716038061e+01,2.730180125637457422e+01,2.755275807445826786e+01,2.701107512015886414e+01,2.670604609764558290e+01
2.710699151149202635e+01,2.665709908219014324e+01,2.594199698330152160e+01,2.699518371840304098e+01,2.781277786228662308e+01,3.016629916896329178e+01,2.814026400295398389e+01,3.014418483772033142e+01,2.897546741634880618e+01,2.857101366711242463e+01,2.684567249542436684e+01,2.811818082897354998e+01,2.797565429757526090e+01,2.879657915753051611e+01,2.683377132116658004e+01,2.806479506805834490e+01,2.822157877484198707e+01,2.780395902774762362e+01,2.771441352071178699e+01,2.875222790508121307e+01,2.746071039289682858e+01,2.850779253421154635e+01,2.587830056480959229e+01,2.756595831023713572e+01
2.615721797721994335e+01,2.624781763619643016e+01,2.651713074388896985e+01,2.790430334785543209e+01,2.844978268525687781e+01,2.822470685845274829e+01,2.960580373223490369e+01,2.891929641199180878e+01,2.913210320165967460e+01,2.743966352741421133e+01,2.878847645718212789e+01,2.850889610549592135e+01,2.768916075552823486e+01,2.869916425211363276e+01,2.861628897784333958e+01,2.757922005406072685e+01,2.690773249824951563e+01,2.712929339610013812e+01,2.778919471075226966e+01,2.814315344317657264e+01,2.817360466493431659e+01,2.747134755707156728e+01,2.697260474223838855e+01,2.720899897097831399e+01
