2.829383852657792886e+01,3.041615377997788983e+01,2.837356884177387428e+01,3.029861958861619087e+01,2.982918548108671075e+01,3.040397036616889181e+01,2.860468481623576054e+01,3.067130559997877981e+01,2.897924996178619494e+01,2.968122024765932565e+01,2.887636239176140407e+01,3.064360118877146988e+01,2.891215076606192724e+01,3.094811361567161612e+01,2.902388842114970657e+01,2.940541255380981056e+01,2.861893738699052392e+01,3.152308524309762561e+01,2.905568881158990280e+01,2.967045160020506955e+01,2.772747696799387995e+01,3.058453938425378738e+01,2.927965447456278980e+01,3.029180152719118269e+01
3.053064651460795176e+01,2.725616914711116578e+01,3.112953547832904633e+01,2.826311308762132057e+01,2.999590641838619831e+01,2.794307574063350330e+01,2.838961213098372127e+01,2.874190357902227788e+01,3.038960038635019600e+01,2.918710678188347174e+01,2.895911668698096264e+01,2.782666619333303970e+01,3.028033069618953732e+01,2.961751277875731603e+01,2.974422088266948094e+01,2.942331328790135103e+01,2.959783021905013811e+01,2.856647334016378181e+01,2.864994859450450804e+01,2.891825787637895928e+01,3.006188417092675991e+01,2.883202979307111491e+01,3.022938043761746485e+01,2.953727285680400882e+01
2.778080346196952632e+01,2.983286427915254535e+01,3.032739552793702842e+01,2.933090067366413223e+01,2.834874285649431158e+01,2.946750556484187200e+01,2.990151934997186345e+01,2.908805254045171296e+01,2.927332390805622708e+01,3.009580162063946318e+01,2.920027088544816252e+01,2.953901396176706839e+01,2.827090646426808007e+01,3.022714463685485953e+01,2.897646922914634615e+01,2.968793548626319989e+01,2.974794360802519577e+01,2.962506261069427183e+01,2.992166539392013647e+01,2.955519058899409401e+01,2.976958247139799596e+01,2.990723309485622394e+01,2.934810640627273415e+01,3.076486764373305505e+01
3.034213571991131175e+01,2.911224447308001118e+01,3.014432799628463044e+01,3.018059353469192274e+01,3.006018613306235920e+01,2.822650525628682772e+01,2.934381369435573106e+01,2.915656813634620903e+01,2.951167373531814064e+01,2.867640191260409210e+01,2.917388414775979300e+01,2.887479362521514759e+01,2.957266883689169390e+01,2.892483815407888414e+01,2.985531385166893870e+01,2.975337101601547829e+01,3.020407137710117240e+01,2.978115787618139620e+01,2.875125435309513477e+01,2.933070077926385011e+01,3.039855721298584967e+01,2.968801194714808389e+01,3.002183912250831099e+01,2.781166522257404949e+01
2.822747919350746315e+01,2.977364381461819676e+01,2.827242072591479882e+01,2.949637588639996011e+01,2.743989839959664323e+01,2.921544387510954266e+01,2.940904186145229460e+01,2.923542275877025531e+01,2.807876072364297215e+01,2.909529233109151392e+01,2.888038994258403136e+01,3.005059991867665303e+01,2.844891182364415272e+01,3.074051171175631225e+01,2.891006173979678806e+01,2.991574484462495320e+01,2.933032155921108597e+01,3.048149351817255592e+01,2.915526493951699649e+01,2.952567979982575253e+01,2.923542567710984486e+01,3.004134181965531525e+01,2.867388356803979832e+01,2.940547225654938757e+01
3.009260947426366783e+01,2.861936808824333411e+01,3.083429010387322933e+01,2.840909290385809527e+01,2.945929234177975786e+01,2.834901476229333639e+01,3.043093124034902530e+01,2.885726838983703146e+01,2.997788098807069446e+01,2.917095102816966801e+01,3.029473645638404378e+01,2.924483747077499629e+01,2.916557824550227451e+01,2.836264741456324145e+01,3.032804997504968014e+01,2.889171314358645759e+01,2.949718900802162125e+01,2.865698883637088556e+01,2.971505232507365690e+01,2.868064482501074508e+01,2.877296727836613854e+01,2.855178565536459701e+01,2.935314987845515589e+01,2.955967732343623311e+01
2.839629909645083217e+01,2.907692426894158189e+01,2.947321177486105626e+01,2.865224727501390589e+01,3.029275139013572016e+01,3.007563703037567393e+01,2.880605542692563859e+01,2.998393690685452384e+01,2.893692324348779721e+01,2.962520049701680591e+01,2.895797201318038105e+01,2.868790391137247298e+01,2.882226635502792078e+01,2.967198547362244199e+01,2.984240253302738211e+01,2.898554454743884889e+01,2.854352943000111509e+01,2.898857438108456108e+01,2.882879830066428894e+01,2.903336383848761670e+01,2.955374692174933671e+01,3.045422380899162818e+01,2.863972528907572723e+01,3.027316837783803294e+01
2.828210954724846715e+01,2.983323055763571574e+01,2.957387876126188075e+01,2.915261058954848750e+01,2.851981581995579518e+01,2.963181446237916816e+01,2.966270707887105118e+01,2.930164048085674722e+01,2.976241841693132528e+01,2.919692262761356005e+01,2.892879499432848434e+01,2.956265330059369489e+01,2.959057634575913198e+01,2.883050739525003792e+01,2.894108441444791424e+01,2.905424205114155711e+01,2.923701578576617521e+01,2.912794009209034130e+01,3.110545893728698275e+01,2.975101225373742864e+01,2.923296870202642594e+01,2.920188127746109785e+01,2.915706347942796128e+01,3.038750466527932304e+01
2.972795972596901493e+01,2.880125600323088975e+01,2.911491365616620897e+01,2.970157760430021199e+01,2.861549140755522558e+01,3.035132974781220128e+01,2.850748465150439870e+01,2.965123071420185852e+01,2.790597749321426591e+01,3.007862410845467593e+01,2.853867813455491387e+01,2.908195723641205177e+01,2.902795173214224178e+01,3.004887935419128553e+01,2.909261061469965171e+01,3.029896799550823516e+01,2.913664064806397391e+01,2.895635369939969905e+01,2.919545130706455893e+01,2.778684572661148877e+01,2.943812614543179507e+01,3.015711385535126965e+01,2.932178059542627580e+01,2.976557769270942799e+01
2.983126026522342045e+01,2.939699272943494179e+01,2.973049463948217408e+01,2.953845367243542341e+01,3.011695126769780018e+01,2.892251275480333561e+01,2.948406420724489863e+01,2.904741647213148781e+01,3.050373036903522461e+01,2.835783587151780694e+01,2.888660743891182392e+01,2.859091713887772812e+01,3.000348921680756575e+01,2.886362901690796434e+01,2.944957732802390638e+01,2.921241040584857274e+01,2.957811130358709306e+01,2.831393074044086688e+01,3.011270730544759999e+01,2.927505186251136138e+01,3.025830814227515475e+01,2.845817559381293904e+01,2.954523949021080398e+01,2.846822590364826056e+01
2.812917850464503999e+01,2.935627312787147503e+01,2.904234988836475395e+01,2.911405786396551321e+01,2.854867493526955968e+01,2.883015782311866815e+01,2.915610040866272357e+01,2.917242818998391840e+01,2.867072633034331375e+01,2.897992323170473128e+01,2.886894326995479787e+01,2.912332892657508410e+01,2.945620613030121149e+01,2.935933569319854541e+01,2.918908370122034057e+01,3.027347843358171531e+01,2.903263301870606483e+01,2.889877686213736752e+01,2.794035987683560052e+01,2.885305254481596648e+01,2.918647812460994828e+01,3.032316852072381153e+01,2.961953081926168352e+01,2.923973254078919126e+01
2.988025599681424183e+01,2.931088774925893858e+01,2.909617647308380128e+01,2.942370533925316067e+01,2.938008444293205912e+01,2.939313514357689883e+01,2.912821022478448185e+01,2.841332594237445619e+01,2.924349848791064233e+01,2.958931634051634774e+01,2.857404935341071450e+01,2.908326016065097974e+01,2.888365265423328765e+01,2.937650077907204604e+01,2.902910460667561665e+01,2.878611926363078055e+01,2.885150020674711868e+01,2.958655575805067883e+01,2.928213670347366815e+01,2.992438336179810676e+01,2.942501445571645036e+01,2.991266735209836725e+01,2.898931811087811639e+01,2.867856610861679201e+01
2.807315027370356120e+01,2.973245700431567684e+01,2.833126568795950107e+01,2.987867811992180123e+01,2.830214199545304155e+01,3.003864760717840454e+01,2.876989252508002437e+01,3.005526292500661611e+01,2.907981356601828793e+01,2.944772111870497611e+01,2.832462057243236586e+01,2.936848103980588576e+01,2.903050281928244658e+01,2.899096036231537710e+01,2.894501113318597163e+01,3.040829047801094021e+01,2.936549091066797246e+01,3.016463352400779740e+01,2.864523677915644839e+01,2.812951246899780244e+01,2.888841258210209162e+01,2.954652658873897053e+01,2.886512303474449936e+01,2.929893946192112253e+01
2.961384986007635689e+01,2.838463637238436377e+01,2.999980457942552903e+01,2.843975577308066249e+01,2.952768198546345957e+01,2.906218532419740086e+01,2.973988071389766219e+01,2.938132286525046766e+01,2.904467391057511350e+01,2.879119725521508144e+01,2.954427147064069459e+01,2.930641584324695259e+01,2.984876163784724667e+01,2.899711276540239169e+01,3.007735714127176152e+01,2.889323690804178568e+01,3.017907418557109622e+01,2.886521853131932858e+01,3.016024810863814309e+01,2.885515291944511773e+01,2.952452989639687075e+01,2.901790425435473253e+01,3.017707824935791905e+01,2.863521033820785533e+01
2.871299398325800212e+01,2.968582600020005202e+01,2.902294807967257384e+01,2.940367346775451551e+01,2.897195907023728978e+01,2.965125468322673896e+01,2.831051859333956600e+01,2.900761950591999039e+01,2.794180602585515771e+01,2.978009623283315932e+01,2.900150601470107858e+01,2.889669161781648654e+01,2.883483536340656883e+01,2.941760853649645924e+01,2.869856357042237960e+01,2.875074251892891652e+01,2.889396311504367532e+01,2.987068138256483962e+01,2.994883156588207385e+01,2.965812993517738505e+01,3.013810979710041238e+01,2.917058096355901853e+01,2.895751041031337536e+01,2.858856303221574535e+01
3.012801658828777818e+01,3.010228683912157521e+01,2.931661052449868521e+01,3.000154904772074360e+01,2.955184245095978213e+01,2.861532876096998734e+01,2.913155875833575692e+01,2.897851364403987873e+01,2.958418496634953954e+01,2.851819191918974639e+01,2.918430724012750943e+01,2.983793897157408992e+01,2.965260371770057191e+01,2.856662151771126901e+01,2.920142251766776553e+01,3.048081964688503831e+01,2.964289130944575845e+01,2.913028714030394895e+01,2.876199210452671196e+01,2.999125139505241577e+01,2.899482135057678533e+01,3.018230639408130855e+01,2.894828233608706114e+01,3.007981968237925230e+01
2.956612159567487197e+01,3.022689774115411865e+01,2.934504238038090307e+01,2.994637713896764808e+01,2.833680057674143882e+01,2.986763770164111520e+01,2.892795694197246803e+01,2.922415841098649025e+01,2.907181861811574208e+01,2.892579079223077088e+01,2.963711051023381060e+01,2.932969232695677420e+01,2.915895945248360022e+01,2.969834217071581861e+01,2.806034459975450090e+01,2.984068217857662830e+01,2.929143675159281202e+01,2.978608564148015603e+01,2.975868100024001706e+01,2.992217146156076524e+01,2.926775768839689817e+01,2.988344253261084305e+01,2.916311554261829997e+01,2.941983351117562506e+01
3.059598621634393112e+01,2.864141329412188952e+01,3.042821080026732261e+01,2.900957756043135305e+01,2.929700010552380718e+01,2.830820138130621899e+01,2.948852904756591897e+01,2.817249453963239603e+01,2.957535653626166550e+01,2.817178298680846638e+01,2.923798775989308751e+01,2.850367201758081137e+01,2.954629800526885219e+01,2.899711276540239169e+01,2.975729712517585313e+01,2.913468253280336739e+01,2.944692902141997592e+01,2.961008085470780316e+01,2.994210878409501220e+01,2.902374783302832384e+01,2.961038989259884602e+01,2.926058096145317222e+01,3.070809313824588571e+01,2.925358842821430017e+01
2.913649298190142645e+01,2.951271463784325988e+01,2.880912507933760480e+01,2.987573113388612001e+01,2.857771298322171560e+01,2.841092157672113672e+01,2.908764453119857762e+01,2.938962903675121652e+01,2.991892345500201600e+01,2.918176991207531046e+01,2.961417541073251414e+01,2.905444710704699673e+01,2.910423154477763319e+01,2.949207200328697809e+01,2.872342268851161862e+01,3.045594465348420954e+01,2.849632284100982815e+01,3.005678529110730324e+01,2.955873362393970183e+01,2.902938307071758572e+01,2.903864626596413245e+01,2.986824474721117895e+01,3.027436822522969351e+01,3.043258515126120756e+01
2.985745773811601111e+01,3.030836776636522245e+01,3.029316012309294592e+01,2.895877332742105636e+01,2.918635993993228794e+01,2.937777126483558732e+01,2.996744432401720815e+01,2.893241858171040803e+01,2.850426115621746703e+01,2.893852823107516770e+01,2.882462761113026772e+01,2.982904913493553067e+01,2.976343692747082059e+01,2.949047483165787753e+01,2.987574564256300391e+01,2.917557090578236512e+01,2.886306819840308435e+01,2.948843854883796212e+01,2.960073722079698655e+01,3.007442286969683209e+01,2.914297747039091746e+01,2.961667199261762562e+01,3.013489481578778850e+01,3.000137963792667506e+01
2.892823848542849419e+01,3.078217457342350372e+01,2.913798961173711177e+01,2.936519952833350544e+01,2.837723423213657270e+01,3.003106753933951723e+01,2.860676384083933499e+01,2.984563420323252103e+01,2.882671367551876074e+01,2.953569450736824820e+01,2.920516527504292981e+01,3.018599437906749472e+01,2.850650804285498907e+01,2.984889006993830662e+01,2.886511755399959611e+01,3.016837772728882783e+01,2.891270143733191844e+01,2.993612286611045192e+01,2.870374652920401104e+01,2.971065556940180841e+01,2.923531786747236083e+01,2.990038623333998657e+01,3.004451756807094398e+01,2.966964057374894992e+01
2.951712548650669987e+01,2.907130910351827424e+01,3.006402822203500591e+01,2.832400424819758200e+01,2.877433090636168345e+01,2.891694907847761442e+01,2.860333563815322577e+01,3.005150350786965419e+01,2.956904461782806948e+01,2.926874020487417738e+01,2.940464122410878645e+01,2.850094505985731530e+01,3.008832515309620703e+01,2.879166862280698069e+01,2.930504156159446438e+01,2.949497636619923924e+01,2.968920414776664529e+01,2.921729977581435378e+01,3.016927566497923863e+01,2.931788920009290678e+01,2.928480286828380486e+01,2.966105257138241313e+01,3.215798526322492989e+01,2.942972368212662104e+01
2.910445119317182616e+01,2.982236536296943541e+01,2.929016941685341635e+01,2.911405786396551321e+01,2.918510837916738865e+01,2.949511309576985241e+01,2.791475083216056419e+01,2.967010097648966394e+01,2.887924391019572568e+01,2.932821567434717736e+01,2.921099727343681707e+01,2.896597072568653175e+01,2.816372131228581566e+01,2.962819177784172098e+01,2.936524114463662727e+01,2.933712620011795025e+01,2.937862824095844871e+01,2.986286292878304494e+01,2.872977528557692040e+01,2.992364916049194790e+01,2.894630148011492565e+01,3.053900005449906985e+01,3.163791612705171019e+01,3.239054126149375179e+01
2.839082406088533617e+01,2.802596952571121847e+01,2.959983586292298696e+01,2.944423435165685987e+01,2.906369746774510077e+01,2.870192855246739327e+01,2.907332334980918631e+01,2.863517623551973657e+01,2.852613076566029804e+01,2.879367319390144075e+01,2.873706727167291319e+01,2.901274264684428772e+01,2.916814844853627164e+01,2.956029759098572640e+01,2.973736705163599936e+01,2.964549612628826480e+01,2.920542944457088197e+01,2.979034439840120285e+01,2.876938819512059808e+01,2.999804591546376287e+01,2.980682659078530605e+01,2.993773995814069622e+01,3.233101991269012387e+01,3.197466301224312701e+01
3.023965365961896623e+01,3.012101026890394451e+01,2.873702585470067561e+01,2.993815296980255880e+01,2.838916433524946115e+01,2.935354180031583837e+01,2.838453836657265583e+01,2.926045427084756057e+01,2.861179679564372691e+01,2.891595439069925533e+01,2.946076599423133757e+01,2.922629317759344758e+01,2.894280727702630429e+01,2.964394013851034515e+01,2.930588594463006302e+01,2.942081459131225074e+01,2.913367156268083136e+01,3.019576919125950099e+01,2.906562024047696013e+01,2.896417383388256894e+01,2.963766003635447532e+01,2.925076297409293602e+01,3.019769921147349123e+01,3.118790493046549273e+01
3.031037000872083809e+01,2.897869527024096215e+01,2.988614369971952556e+01,2.923360692058707855e+01,2.864145585444362041e+01,2.805146648672450738e+01,2.941241329041884001e+01,2.907613329659369583e+01,3.013770041395702037e+01,2.845042155825342434e+01,2.933885730223209976e+01,2.901159413918361452e+01,3.012162290099786333e+01,2.930902322514884872e+01,3.013066459100571137e+01,2.908732767327899182e+01,2.923973162599338593e+01,2.977764928377013121e+01,3.063576059704473664e+01,2.974408023874133278e+01,3.007996551457733858e+01,2.912909410767468898e+01,3.087405816139613535e+01,3.006955158907555870e+01
3.008501166270934846e+01,2.964437546152856839e+01,2.809528951822363751e+01,3.058952090045960404e+01,2.888172484227527548e+01,3.022191901403118663e+01,2.879146323250427031e+01,2.912590786291173117e+01,2.896407378822124201e+01,2.887704508999439668e+01,2.871615050049092588e+01,2.952343354726315283e+01,2.806318526095975585e+01,2.886165862545357186e+01,3.105628135378782417e+01,3.023482704761562445e+01,2.983520437391445057e+01,3.059529885751737766e+01,2.988935546254657538e+01,2.944625265759430022e+01,3.076103644598703113e+01,3.021673238832693187e+01,3.029120648356411039e+01,3.138568221997388719e+01
3.005091445183887799e+01,2.991181831892072296e+01,2.835802817451735791e+01,2.882714254901208051e+01,2.843565386192841515e+01,2.922501573652078832e+01,2.800973938606608726e+01,2.951631772138688348e+01,2.964504841525291567e+01,3.010589520749641679e+01,2.845450257397948235e+01,2.922730355445008854e+01,2.870717585769585867e+01,2.887690912970055024e+01,2.964429929980087763e+01,2.922168958937760408e+01,2.941256779999287119e+01,2.991654928367159982e+01,2.908395747527561070e+01,3.115073053538390013e+01,3.042468558071283269e+01,2.994723270707959273e+01,3.065168955256706340e+01,3.044279921168958936e+01
2.809729625325434199e+01,3.014507297924268414e+01,2.888728487146386215e+01,2.984533829140326588e+01,2.869967604215037227e+01,2.912945839910361201e+01,2.853661065721689738e+01,2.874372487337006987e+01,2.915178140578103694e+01,2.930805781112553632e+01,2.930335188492381349e+01,2.950726271094043796e+01,2.928709149628787145e+01,2.865068185916209131e+01,2.993947229808378552e+01,2.991318429251072075e+01,2.943467029728111584e+01,2.991338372151835756e+01,2.858082710808713500e+01,2.982377455898927110e+01,2.962874158261092816e+01,3.133850904808093674e+01,2.982431464838737156e+01,2.904571848635293918e+01
2.919664378415399142e+01,2.839803703857961636e+01,3.015081783936847160e+01,2.902267019999277409e+01,3.095916409070196096e+01,2.965804119839583564e+01,2.938863585387809962e+01,2.733459686228064811e+01,2.913290072198668668e+01,2.831336161283672936e+01,2.987912566531264247e+01,2.853796218792496120e+01,2.922908195020039557e+01,2.927921238132717008e+01,2.992547833513788191e+01,2.916084946874144634e+01,3.041897859508401325e+01,2.845602947438385399e+01,2.984251771208909076e+01,2.902297050107210907e+01,3.037175780731757868e+01,2.990354296905064757e+01,3.047289669132447898e+01,2.879584170511355978e+01
2.805552421234534677e+01,2.913753814056025249e+01,2.962632183965723698e+01,2.935721614014437364e+01,2.920348541563043909e+01,2.927530517110272967e+01,2.879966143448916682e+01,2.948554264422489268e+01,2.803466693419710509e+01,2.990434504135043881e+01,2.854620453864441743e+01,2.932233298265140320e+01,2.951153966293088615e+01,2.922028116306819356e+01,2.958403941838787432e+01,2.965910918404182439e+01,2.968080902452612690e+01,2.979838489406944291e+01,2.999458107125457218e+01,2.898659350655390199e+01,3.011390380900746777e+01,2.946586659197487279e+01,2.939079236316933930e+01,3.004558872228881228e+01
2.861505027973817050e+01,2.860460394074954138e+01,2.932814721249906142e+01,2.993422690278748632e+01,2.902049992346582030e+01,2.968191781299861987e+01,2.879270901456629872e+01,2.940732968612206832e+01,2.935136797173709056e+01,2.912696497097505244e+01,2.948722615043925543e+01,2.956769317411112752e+01,2.950442947925728276e+01,3.006347395218097063e+01,2.933447783245964047e+01,3.015703733254667895e+01,2.931170247301162135e+01,2.970781532496999944e+01,3.102519490135119895e+01,3.064058913604304735e+01,2.976010413257063192e+01,3.014073176417349487e+01,3.062193838370757248e+01,2.983299769214528396e+01
