2.765049033962247904e+01,2.803074236174109046e+01,2.953805697678950537e+01,2.930983552032023454e+01,2.707880875024289935e+01,2.930112486334502364e+01,2.862695562207522926e+01,2.856702688998177564e+01,2.750874245079108960e+01,2.839363859651723487e+01,2.804829026922107005e+01,2.756606522237240142e+01,2.873869378251765738e+01,2.917962723581581486e+01,2.726652808029842845e+01,2.763510941271113097e+01,2.757840871016753681e+01,2.844631035480836090e+01,2.915820928435522319e+01,2.816965251144267768e+01,2.939639249073650262e+01,2.938384321604104343e+01,2.920005479474332333e+01,2.845227024293211571e+01
2.899028632400779770e+01,2.911440241678002394e+01,2.893424912256864445e+01,2.752110669599960602e+01,2.821662949898274064e+01,2.804422498991175416e+01,2.788530269335336698e+01,2.841080956013115610e+01,2.757226477818619514e+01,2.767545286051790754e+01,2.806109512666301953e+01,2.752707717565334633e+01,2.740661689951809876e+01,2.843325029399102277e+01,2.837735781963726822e+01,2.781087660632442748e+01,2.805223505506336323e+01,2.874201340121874182e+01,2.844270384478846836e+01,2.847360390401360064e+01,2.816623345036032333e+01,2.965060220174751748e+01,2.839811698726566647e+01,2.811407239223626675e+01
2.820154919208567890e+01,2.890650516775258438e+01,2.759454054041384552e+01,2.944767317703104936e+01,2.874295752594957776e+01,2.868473193523237796e+01,2.815500081942826682e+01,2.816252705184263050e+01,2.747695145876411971e+01,2.828246653437395253e+01,2.753775773672731475e+01,2.929536667464526545e+01,2.842794485967448281e+01,3.014793222428153285e+01,2.747830902476238180e+01,2.718163150250819626e+01,2.893201654163243575e+01,2.861179722381012880e+01,2.849497188387226743e+01,2.961102973615732026e+01,2.844005365983417732e+01,3.032669189661811515e+01,2.859208596214278941e+01,2.906219234757736558e+01
2.865866425330824541e+01,2.930353831848049140e+01,2.927480107169623125e+01,2.806716281550654912e+01,2.906987525710275122e+01,2.695575988534079670e+01,2.910086532044169871e+01,2.669745304602531633e+01,2.789489420205745773e+01,2.802581701797299729e+01,2.830311468004282460e+01,2.796351129049907058e+01,2.923057876644730868e+01,2.833778676874209168e+01,2.895907451863672577e+01,2.701812399685246646e+01,2.751017697291467812e+01,2.743313962078468649e+01,2.939511892352931000e+01,2.868139483934544387e+01,2.860955595249845373e+01,2.934686396447420975e+01,2.921108256598699882e+01,2.918683516326694871e+01
2.806136737847236873e+01,2.719855054801678307e+01,2.808655079954240819e+01,2.899385049211338128e+01,2.858287258358046756e+01,2.818611949240386139e+01,2.785746627082210125e+01,2.842725254477073804e+01,2.763632349258966769e+01,2.802839270339597988e+01,2.765663119700309380e+01,2.803235356233449238e+01,2.889207248426691876e+01,2.888640408387129810e+01,2.856659956880292839e+01,2.859371640604030063e+01,2.866072517157232369e+01,2.807439310998705650e+01,2.796406046770681542e+01,2.811822582035352980e+01,2.873531618332953030e+01,2.870871431281187824e+01,2.787875333964746005e+01,2.814101227056704602e+01
2.824229388119471196e+01,2.855439828311011752e+01,2.865900013877995889e+01,2.917332853508702328e+01,2.759922505977220908e+01,2.887834730008358974e+01,2.853950865786850954e+01,2.828648400328813750e+01,2.935517890757091664e+01,2.773859535545079780e+01,2.827339317185669643e+01,2.812228451071547397e+01,2.844413144817525563e+01,2.797317275591734642e+01,2.717711512754823389e+01,2.832392097694156519e+01,2.709854040667897834e+01,2.716668997191493418e+01,2.868318854719706223e+01,2.876643076958828260e+01,2.877065448853375074e+01,2.934631333339842740e+01,2.813915879361422867e+01,2.954388687629102606e+01
2.809339839500495373e+01,2.937698491674763090e+01,2.789196697516740642e+01,2.911492496605558244e+01,2.781131736658932141e+01,2.838102491258086957e+01,2.836822745892243347e+01,2.817811630659787170e+01,2.746524090694987308e+01,2.814675190721033005e+01,2.780603329814653080e+01,2.844588417554382431e+01,2.802274603444539025e+01,2.939492894151118207e+01,2.918153889905090637e+01,2.977502062186431431e+01,2.684991792968389746e+01,2.785931543182726955e+01,2.845778699927694788e+01,2.961701605242819824e+01,2.849885621257055845e+01,2.901304533063807867e+01,2.834379356896783975e+01,2.874224684969783539e+01
2.789894818104511387e+01,2.933865271781212414e+01,2.903704100566375246e+01,2.709465676838664194e+01,2.800152032119433443e+01,2.745457955352668478e+01,2.807453683713129067e+01,2.746121576131628217e+01,2.792464379312826850e+01,2.730474037697916856e+01,2.883552787610290125e+01,2.835278826913224748e+01,2.807436888308006928e+01,2.816498197719141672e+01,2.955828606122628344e+01,2.926489426136964767e+01,2.916517424128045377e+01,2.721386393629097711e+01,2.796968850691916941e+01,2.951473047766660329e+01,2.950006689641668345e+01,2.960892913929944825e+01,2.903596862623675179e+01,2.939885122568404086e+01
2.834717704295240992e+01,2.880190542734027304e+01,2.837610835372873908e+01,2.790507840966569120e+01,2.868199893179382798e+01,2.812695850901349104e+01,2.902645679165607362e+01,2.883820704081966824e+01,2.742111561675147868e+01,2.777683671856544834e+01,2.813887932114761270e+01,2.881351218785016499e+01,2.840923778396984289e+01,2.922958085490677149e+01,2.850883293231959215e+01,2.865270595898573447e+01,2.784868653307233899e+01,2.660148642174067390e+01,2.740990584013781017e+01,2.897350064478337117e+01,3.023510773771801041e+01,2.859402189254359428e+01,2.885195045455549234e+01,2.945064888642849610e+01
2.823324626157722150e+01,2.937897755818499945e+01,2.821611055136042978e+01,2.854307350851496494e+01,2.846313692958909769e+01,2.833563584149965209e+01,2.812618616046501074e+01,2.854074359523883686e+01,2.823174304514498090e+01,2.832383095072680135e+01,2.902194363478224659e+01,2.801069032184949492e+01,2.918584427333496478e+01,2.887066343575708061e+01,2.881998949291681811e+01,2.871709502576840123e+01,2.725342552493407311e+01,2.715567619997221982e+01,2.780865928421837907e+01,2.888155542908839379e+01,2.942388153745531554e+01,2.907247019361869889e+01,2.902006765837296598e+01,2.906696759974721544e+01
2.791994405439641014e+01,2.888967087476385132e+01,2.903891898802891092e+01,2.923336593923659166e+01,2.931278771156718221e+01,2.828739972314235729e+01,2.808113654671700488e+01,2.875755362669781334e+01,2.758700677323287209e+01,2.822891013112490555e+01,2.721715966349921700e+01,2.849942049048939907e+01,2.846807279093752641e+01,2.938547210471188009e+01,2.868729091960318556e+01,2.926779131927133903e+01,2.721016135561234250e+01,2.847108395117390955e+01,2.821337871632113092e+01,2.913555083141943669e+01,2.815768810119931231e+01,2.912584379977937488e+01,3.033000712913457164e+01,2.995839296515208616e+01
2.943804335344543688e+01,2.917027585416599322e+01,2.985078816077708552e+01,3.003443790835257232e+01,2.883296879315980732e+01,2.877209632869733014e+01,2.830913664586699952e+01,2.912130375984889952e+01,2.885493207096624246e+01,2.793582702068761137e+01,2.829740303015353220e+01,2.739136592445947826e+01,2.805626912848919119e+01,2.815915257209559286e+01,2.804130858333434162e+01,2.843346389837239485e+01,2.735749229053476483e+01,2.721701833155901795e+01,2.871726338529344957e+01,2.896763307371259089e+01,2.904723141492274863e+01,2.931189540323316578e+01,2.895617558887329324e+01,3.003380802424243257e+01
2.808039559490310921e+01,2.850403380491405869e+01,2.817940835996108717e+01,2.819393648332277280e+01,2.821519520724064023e+01,2.862823136620488640e+01,2.920067215689715567e+01,2.855283371603576370e+01,2.827195023880619829e+01,2.943825336738143505e+01,2.883897567570170395e+01,2.866254003467980738e+01,2.841829178515649801e+01,2.787915118917356949e+01,2.852490820804450777e+01,2.717995972074436395e+01,2.747591861366487365e+01,2.810040576505411991e+01,2.833145370646576566e+01,2.830858224167468506e+01,2.936335481368621458e+01,2.983686817784467848e+01,2.889898026310436308e+01,2.822373387945327750e+01
2.866747530505449504e+01,3.026785526319690689e+01,2.869725385757249114e+01,2.874242777683070926e+01,2.904757708394754445e+01,2.837371876107448543e+01,2.866422553621259794e+01,2.790796151917942325e+01,2.905225918032988375e+01,2.941943535958722578e+01,2.837943226079505621e+01,2.860744225184981815e+01,2.827677140305786452e+01,2.883935840384845051e+01,2.803669181513060948e+01,2.779607701241951645e+01,2.831333594165386103e+01,2.698037904992742142e+01,2.796351041820850014e+01,2.798348757076973925e+01,2.893682242867436116e+01,2.859725720654301995e+01,2.896017851749206784e+01,2.918862618041396217e+01
2.758273977175701930e+01,2.986690834490593716e+01,2.906256386491497778e+01,2.939475540180438884e+01,2.866076931258993454e+01,2.948083875765945550e+01,2.913618564749589268e+01,2.858975670138602254e+01,2.931023225769121154e+01,2.893452426772773833e+01,2.910907119872263138e+01,2.966494909507929378e+01,2.878019516268903999e+01,2.754312814202967274e+01,2.863643363210343296e+01,2.820457071734091414e+01,2.787745429086413651e+01,2.867312961865519583e+01,2.811735415210512201e+01,2.886236638090190354e+01,2.798690430854696842e+01,2.825479069026710022e+01,2.812617884577900895e+01,2.883453863717289778e+01
2.900865557966386632e+01,2.795357509437110366e+01,2.916291648269384496e+01,2.868662392326547206e+01,2.906350141472177029e+01,2.930022918202519122e+01,2.838122198565679355e+01,2.866926173833076064e+01,2.891345374047182304e+01,2.913476725651543120e+01,2.897364201311751231e+01,2.923408716800003049e+01,2.858057076819704889e+01,2.779652974157835388e+01,2.844621827069414621e+01,2.805182555563345659e+01,2.812444931075299337e+01,2.722830956154200521e+01,2.843216888928878916e+01,2.828852013093518281e+01,2.910533977319556698e+01,2.954426660998115040e+01,2.975857491646303288e+01,2.884015795795977510e+01
2.912836633057111158e+01,2.840041189703447344e+01,2.933820437257560343e+01,2.896885326546288297e+01,2.933013840395238958e+01,2.875436321638983372e+01,2.879180627987750540e+01,2.856035991145057551e+01,2.921201402749665021e+01,2.853381508682605272e+01,2.826227992407382317e+01,2.841824694733497836e+01,2.871702328360049705e+01,2.776047662813203942e+01,2.810189242001973753e+01,2.823104254908002986e+01,2.707901065939529417e+01,2.704993418949317174e+01,2.856561969540587143e+01,2.837361867650253089e+01,2.863406635472256312e+01,2.924378472445812349e+01,2.844348546198688155e+01,2.813212290199851395e+01
2.824697853189127272e+01,2.908519767368323983e+01,2.934478908464006963e+01,2.955280186701253342e+01,2.947682708956307351e+01,2.949877444033648999e+01,2.901054788128971040e+01,2.863598027875781327e+01,2.918192768388740888e+01,2.873496796929168795e+01,2.900836473160433115e+01,2.857167579031420246e+01,2.845547057673633162e+01,2.851778427444133968e+01,2.784192218836028587e+01,2.866400699681895503e+01,2.705926929836385852e+01,2.671110603780414294e+01,2.809453230673420876e+01,2.931799726501895975e+01,2.865252581565903256e+01,2.881610400650589554e+01,2.878502850083731346e+01,2.870596029612647726e+01
3.052620644093178726e+01,3.194727324295098470e+01,3.198891773468716337e+01,3.241196114648204230e+01,3.143376419926249810e+01,2.965479134176405296e+01,2.953244203757611785e+01,2.946414579206157214e+01,2.894167780311272509e+01,2.920758713808737639e+01,2.946868158932301185e+01,2.940010976867529280e+01,2.786449526119906750e+01,2.743881668350974223e+01,2.963395275178567090e+01,2.873850572660080616e+01,2.664408943742591873e+01,2.686374067839761892e+01,2.786756591315440801e+01,2.973832903170222153e+01,2.830314794471678397e+01,2.964609429083174064e+01,2.888350467658437992e+01,2.903374624711636898e+01
3.227053891587183898e+01,3.236243227228294472e+01,3.265791977293224591e+01,3.178833319572078153e+01,3.231001863879833991e+01,3.168774528853742822e+01,3.158954399339080510e+01,3.099827114977188103e+01,2.904433913185960137e+01,2.925446452365736150e+01,3.027071546237840494e+01,2.934610793146651986e+01,2.825378346565389620e+01,2.862066473067500283e+01,2.833950226507857906e+01,2.759279482672496897e+01,2.719639982887503038e+01,2.760986401692275649e+01,2.830403843125014873e+01,2.855983631982047655e+01,2.857293081084958430e+01,2.830525451008395521e+01,3.007049357081274366e+01,2.968773225568747876e+01
3.072979526362763636e+01,3.128771261891637323e+01,3.169349789087783620e+01,3.253258597803210250e+01,3.265362086531308705e+01,3.191966691866167594e+01,3.202447033785603026e+01,3.180784602316020937e+01,3.066393148709011029e+01,2.832974010861369152e+01,2.953221556974608575e+01,2.914889375380573711e+01,2.828957612506002306e+01,2.811095463653055049e+01,2.814157780090062033e+01,2.727531079688981208e+01,2.789012451522080482e+01,2.787718474001502500e+01,2.769479064541161506e+01,2.817285323438130717e+01,2.901900639120350434e+01,2.879317076529605401e+01,2.830464785602686106e+01,2.899994341603706971e+01
3.095880092499652392e+01,3.003808598003251973e+01,3.082332976487663245e+01,3.120772246513263326e+01,3.097320211100287679e+01,3.154788386364617736e+01,3.180283180732311621e+01,3.213718144406408328e+01,2.947382005646340986e+01,2.982526570159637913e+01,2.973481650589218361e+01,2.929548216200117849e+01,2.790372570707398836e+01,2.810244771071728564e+01,2.862073520754489664e+01,2.829206804412308429e+01,2.714697992909248114e+01,2.716234235617775994e+01,2.731196002201949113e+01,2.919113233853130396e+01,2.907334522018038570e+01,2.943082573784670330e+01,2.901059651052645449e+01,2.949618992005741802e+01
2.972156069632239905e+01,2.873860629559152358e+01,3.021800144006550681e+01,3.017371802199363628e+01,2.972362032986507074e+01,2.963905289453776959e+01,2.964656640844742697e+01,2.938568297138300522e+01,2.906798143441159255e+01,2.915272102004735189e+01,2.984860137971548966e+01,2.993542002283959391e+01,2.892063415648186719e+01,2.747043343815442995e+01,2.806277305470746342e+01,2.785021480944027417e+01,2.671030574676206015e+01,2.754194397742571709e+01,2.767934727976427212e+01,2.886278734569754079e+01,3.008164195500444293e+01,2.897448064135119239e+01,2.941050427289809477e+01,2.811584442347827917e+01
2.952840552630840421e+01,2.882902528779806062e+01,2.905336657473412743e+01,2.957327280662588009e+01,2.894082331862648516e+01,2.923810178260805515e+01,2.989684348404693992e+01,2.904978532731331597e+01,2.920631186574075855e+01,2.941690085392718856e+01,3.127756884225669864e+01,3.097115012545839363e+01,2.793800992964276020e+01,2.843319276553040709e+01,2.827780308169724321e+01,2.712019623628356157e+01,2.761416777098281727e+01,2.729197267688158490e+01,2.897357514110825605e+01,2.907527641003133567e+01,2.864869421420968365e+01,2.909587502649765156e+01,2.846099631261841978e+01,2.878380623984429576e+01
2.904275903626256650e+01,2.824688222629669099e+01,2.977419604874381776e+01,2.719429880636130292e+01,2.877689794459786299e+01,2.876141306065454728e+01,2.943482613697062789e+01,2.863849605415634869e+01,2.972864090415339433e+01,2.912023500600582793e+01,3.135979474102390441e+01,3.161389692135662699e+01,2.818043777158271723e+01,2.729012619819519614e+01,2.749476453247666541e+01,2.742853625958917974e+01,2.749645232183183907e+01,2.661457815184041920e+01,2.873347969695402071e+01,2.899276443727882224e+01,2.989709478621023209e+01,2.804851089257147123e+01,2.860044532354839930e+01,2.782194194415740185e+01
2.811006356514008075e+01,2.884769015320250674e+01,2.898584150106228208e+01,2.867220747586179641e+01,2.910940309478041854e+01,2.901178716626253618e+01,2.971118523530606126e+01,2.971035547214165717e+01,2.987695608995034036e+01,2.833573460895814833e+01,2.986773081314964884e+01,3.142326439518859615e+01,2.767253364121586401e+01,2.896097503730698008e+01,2.835051783302333206e+01,2.729197267688158490e+01,2.639054392775284441e+01,2.674524574779866271e+01,2.764116048079762322e+01,2.818041339148010138e+01,2.894727162584678126e+01,2.966244046221157760e+01,2.870235094158817901e+01,2.937776121218098524e+01
2.974001398614194613e+01,2.990032468460930204e+01,2.923505525988508680e+01,2.855261536397210875e+01,2.835768380069305294e+01,3.100863271936810861e+01,3.027261218716324720e+01,2.962011609604127216e+01,2.923145938222410223e+01,3.116759442383028045e+01,3.067762615032967233e+01,3.109675596392605712e+01,2.891722217403219020e+01,2.880378177818147378e+01,2.806560286410780236e+01,2.778856957048793674e+01,2.628718813427798295e+01,2.781967081717147039e+01,2.865418991949366045e+01,2.934861322290169028e+01,2.993977622219972545e+01,2.844538076776143498e+01,2.857108388196627402e+01,2.861815496460440045e+01
2.891654826379806309e+01,2.821717213229135268e+01,2.874864670270079614e+01,2.931182124072864781e+01,2.896806272187285458e+01,2.945485237638183662e+01,2.975142730641431399e+01,2.999991782339060364e+01,2.933519260504345993e+01,2.956040609958654386e+01,2.959586474024177960e+01,3.187619938823428356e+01,2.797082003456182520e+01,2.826250660374176960e+01,2.834670244677278106e+01,2.768983347940388740e+01,2.643567837013927146e+01,2.783765993420070117e+01,2.769131997718858429e+01,2.951572590299502963e+01,2.829916002702105970e+01,2.876858650654594385e+01,2.963689584171157776e+01,2.874388690608611796e+01
2.965947675235725001e+01,2.874603664007531734e+01,2.872302366911418403e+01,2.959498149179034954e+01,2.974419709508885035e+01,2.948950918050752534e+01,3.048100792576610729e+01,3.060793572519014560e+01,3.027898323608468445e+01,2.982130432888743599e+01,2.996314320916093266e+01,3.011860081244282128e+01,2.782017831605605807e+01,2.830588823693170752e+01,2.874214128382220679e+01,2.714271617811772330e+01,2.721372619410703919e+01,2.634671342349111001e+01,2.836884739701383751e+01,2.843807054383290733e+01,2.832367011232929599e+01,2.881886256045794426e+01,2.884995849750083607e+01,2.760260144793488735e+01
2.883474891708624455e+01,2.867633626971149852e+01,2.892101059678918773e+01,2.883102743793057243e+01,2.897606485850644731e+01,2.930698609216801742e+01,2.952661640139996280e+01,3.040563806283671511e+01,2.971785007143512303e+01,2.979759218765201467e+01,3.077106400837385536e+01,3.000366280576133704e+01,2.779729160230840534e+01,2.801531286832801015e+01,2.773979343071727044e+01,2.734797392030259289e+01,2.687829156005540199e+01,2.784383182487221120e+01,2.890013184513929900e+01,2.907712845157419679e+01,2.724885763833196961e+01,2.906374528910680510e+01,2.866616468494714809e+01,2.934364171548190825e+01
2.778494266648925759e+01,2.905094204153959936e+01,2.907425004496809606e+01,2.924099318470291564e+01,2.824989814805081778e+01,2.961484079440901951e+01,2.945580464507474971e+01,2.942818470069011028e+01,2.836694604071607273e+01,2.976175003290461518e+01,2.916213484549609802e+01,2.949986867948837244e+01,2.823370051141017711e+01,2.915872836821790770e+01,2.834268647190265256e+01,2.759120435438933328e+01,2.762426655046880342e+01,2.732039030170119531e+01,2.838920212558366529e+01,2.975043468191961438e+01,2.969596949749870873e+01,2.931028930949975120e+01,2.892997863892315991e+01,2.910691293279882075e+01
2.784432652161183341e+01,2.747376133361012762e+01,2.859284761450641099e+01,2.834634043310148854e+01,2.948882044127020663e+01,2.844718346865295189e+01,2.973602995896874290e+01,2.937615301155017278e+01,2.884839770711920437e+01,2.833583445154232550e+01,2.977571328668682327e+01,3.042689007636403176e+01,2.805351103357111242e+01,2.855823193188206233e+01,2.728926733401391402e+01,2.805430871946549587e+01,2.662882725727632760e+01,2.760706343333708901e+01,2.858924639356484931e+01,2.926828966628352191e+01,2.942916915423802493e+01,2.930254945366476704e+01,3.018593583242778777e+01,3.100118566420047728e+01
