3.008009762798752718e+01,2.935045465115308616e+01,2.846773045162245808e+01,2.830085479208975130e+01,2.803075973597282200e+01,2.810647516960403891e+01,2.813596265200305879e+01,2.834780075042999670e+01,2.973879688138424626e+01,2.952325151869115416e+01,2.914930176512996240e+01,2.847407988287022818e+01,2.960709518988460331e+01,2.942135394892380873e+01,2.859113980145446021e+01,2.854553826143398965e+01,2.891636961931965288e+01,2.935919398648542256e+01,2.959564463993325489e+01,2.841942364889069950e+01,2.773332254285514864e+01,2.893082531215412700e+01,2.965942515640631427e+01,2.870987486620612117e+01
2.760208209741534802e+01,2.906192158765844624e+01,2.817257924080479370e+01,2.896514470544013875e+01,2.821546490345883740e+01,2.872750901056321027e+01,2.835182582573844456e+01,2.995575224536622727e+01,2.915736253907437003e+01,2.855266455094573530e+01,2.808383130564277508e+01,2.816690879652759349e+01,2.828108918016988582e+01,2.758955848543064349e+01,2.946298451981027711e+01,2.929316386696370955e+01,2.807447769429955997e+01,2.830365115603086679e+01,2.846371654448586241e+01,2.802673500862550782e+01,2.886545338159288576e+01,2.872179344535499013e+01,2.887831801317071267e+01,2.833436383950140680e+01
2.815413824716137015e+01,2.814618015903607784e+01,2.853246864430099095e+01,2.803020792533220629e+01,2.735903667471296785e+01,2.958581926921976901e+01,2.771123347265188386e+01,2.882868466268286056e+01,2.874310356411035627e+01,2.831352758578498197e+01,2.836437591187421958e+01,2.872531622676666530e+01,2.802667435461046352e+01,2.838296649793767301e+01,2.849739310958347005e+01,2.803340456137624415e+01,2.914067182948690515e+01,2.906061971767559271e+01,2.891338592544855146e+01,2.797226948585273476e+01,2.821416741862856270e+01,2.904531971379287825e+01,2.718946120679919431e+01,2.792894960327993203e+01
2.839809780991248545e+01,2.805486439388636200e+01,2.927882359364269860e+01,2.919432050124390798e+01,3.019226744071289659e+01,2.893482234070359027e+01,2.848134049124939793e+01,2.818905983341835508e+01,2.936384958999519768e+01,2.803093700912023678e+01,2.813752280319306465e+01,2.837387331514895550e+01,2.887820817546969465e+01,2.835200293186858289e+01,2.839812656043676498e+01,2.863123631184055284e+01,2.835699940854931356e+01,2.865474641944894074e+01,2.860434295464705201e+01,2.806471794813421639e+01,2.948431962160225339e+01,2.849195584724458286e+01,2.833791803591816461e+01,2.873425289166522134e+01
2.944018417626091377e+01,2.950217439615892090e+01,2.851325791074918925e+01,2.837957904692274269e+01,2.837199289610310871e+01,2.862930661958347400e+01,2.767203207255931829e+01,2.904919716646662664e+01,2.898649268234498777e+01,2.807867270811743765e+01,2.843709171486858622e+01,2.864948559910862969e+01,2.872418260805193313e+01,2.875285105064375557e+01,2.877344501760040885e+01,2.827868065021510802e+01,2.867912481904261313e+01,2.812664942800233803e+01,2.991245265240235085e+01,2.914037538017100815e+01,2.834162463373161245e+01,2.935622870508620963e+01,2.788041364395394339e+01,2.797104917077939490e+01
2.871151103808142580e+01,2.830979535511357881e+01,2.759571379818981995e+01,2.832391387504497970e+01,2.865224651793027988e+01,2.788202257467514755e+01,2.797771084568489641e+01,2.829909363710351045e+01,2.977743030759552312e+01,2.813868277200066359e+01,2.850850284732251794e+01,2.759331382701185476e+01,2.923085769690646885e+01,2.873505967814389805e+01,2.834716223273022706e+01,2.963658824766474709e+01,2.865453619900506510e+01,2.737960502653641015e+01,2.911008980242604594e+01,2.859596556578600257e+01,2.920229088612717305e+01,2.857803205769596389e+01,2.796127198890326326e+01,2.871631731837641155e+01
2.807545113995757902e+01,2.851562967144610639e+01,2.915321064145837227e+01,2.914567741773265652e+01,2.822031479523991493e+01,2.959786040341168700e+01,2.838378552139653266e+01,2.935294343131721462e+01,2.804712447240194706e+01,2.911911760375630820e+01,2.801371085909624981e+01,2.850268706007403807e+01,2.877309302311238071e+01,2.891709511200207317e+01,2.795766766764592148e+01,2.858657343018734309e+01,2.816868711857864582e+01,2.919828525660057039e+01,2.829563996553082461e+01,2.930202343366374862e+01,2.908733694161674066e+01,2.830234079756706933e+01,2.774621084416878602e+01,2.838427916123771411e+01
2.813793950929817811e+01,2.890894471936081800e+01,2.801859161467228887e+01,2.771748194432473156e+01,2.901747554566668441e+01,2.862710656977532153e+01,2.906637610076512601e+01,2.879475535221445170e+01,2.871042169466403493e+01,2.897142882704133626e+01,2.889165507089791163e+01,2.838256479496220663e+01,2.884747160725493131e+01,2.837354753643109007e+01,2.961441489007535210e+01,2.858524703855755433e+01,2.922066849821078449e+01,2.833279645800234903e+01,2.930911317189713827e+01,2.788076061785443471e+01,2.842099737831188122e+01,2.812265112783734367e+01,2.887881761792141333e+01,2.842102123102733913e+01
2.855427731458388507e+01,2.801264568110008213e+01,2.799252097412465901e+01,2.871990862238641284e+01,2.851328327558059073e+01,2.928706494124969595e+01,2.868558530059840450e+01,2.871342932363057798e+01,2.816443282445101204e+01,2.907048113069834017e+01,2.834533966628208645e+01,2.819147067025966180e+01,2.895657227803911837e+01,2.895766137536372753e+01,2.888798259574451777e+01,2.957546008700506945e+01,2.840170462859782674e+01,2.857786978228301678e+01,2.884751282955863871e+01,2.921326553371551427e+01,2.828694854927749702e+01,2.901743614368456292e+01,2.791425694785840506e+01,2.988453454791698505e+01
2.971927745187468872e+01,2.795468983199339164e+01,2.825530919468053526e+01,2.797966434844482819e+01,2.869806090250386887e+01,2.872452050606216289e+01,2.871844221534496455e+01,2.927422575057767062e+01,2.864183296842867321e+01,2.922654834772748700e+01,2.839167495995758372e+01,2.804529046406588577e+01,2.925107530914266363e+01,2.857524739537575442e+01,2.871592625928622056e+01,2.858775974783179663e+01,2.851776741291649842e+01,2.822262092574084136e+01,2.839733507840435323e+01,2.909066866774116988e+01,2.876643281454710177e+01,2.892312783429662204e+01,2.813414229845477621e+01,2.833913781947268262e+01
2.751195890666201649e+01,2.872696281067959490e+01,2.885892800844163730e+01,2.852237251382064187e+01,2.859449789038148992e+01,2.852306522137712363e+01,2.828720905658605034e+01,2.813490941110160293e+01,2.796760594497374086e+01,2.742797442856459611e+01,2.776903554186174006e+01,2.890494773569554354e+01,2.833616018539532888e+01,2.928570080324300307e+01,2.822159808591044339e+01,2.866957593631735790e+01,2.845131886600148619e+01,2.870943649111944751e+01,2.824885276144874524e+01,2.799397822196266361e+01,2.890191990756989071e+01,2.954292123255140723e+01,2.907230501827228863e+01,2.909535736838080311e+01
2.866715424754357855e+01,2.819614161342639136e+01,2.817498035834563552e+01,2.799516015173878714e+01,2.943173109261226728e+01,2.843636594602679679e+01,2.942918325137759439e+01,2.932777960421452690e+01,2.960168959276489886e+01,2.848616361153580101e+01,2.903755498409816482e+01,2.877822182150873687e+01,2.829130508313016890e+01,2.836741798918433233e+01,2.878268053161872331e+01,2.914214835446273355e+01,2.894823253938602647e+01,2.827655738806282670e+01,2.947042848916129287e+01,2.865762900260284596e+01,2.858820402754344059e+01,2.900088436697609495e+01,2.882944912906572199e+01,2.970348236552410981e+01
2.867494803656944669e+01,2.855090026483230758e+01,2.838569629817857276e+01,2.897623818001113705e+01,2.877864490267796782e+01,2.938969067413319181e+01,2.872400228418371171e+01,2.878861522404702100e+01,2.881650204264838067e+01,2.731974962783402816e+01,2.971001906647489932e+01,2.873191411132773965e+01,2.862460844217616796e+01,2.908141601695422196e+01,2.873130576732870622e+01,2.873061098165197791e+01,2.917793839065654993e+01,2.916260750051230843e+01,2.938105528621071016e+01,2.972465497687267089e+01,3.008685699543582359e+01,2.920768231189680364e+01,2.928443283481857407e+01,2.882609743015660797e+01
2.909822510397714268e+01,2.990444832955682841e+01,2.819981894791635568e+01,2.840695850325317906e+01,2.857239869890634054e+01,2.928198232526466427e+01,2.855162217122693846e+01,2.845983980540427183e+01,2.878517770076194893e+01,2.863525504926286658e+01,2.894709811106315556e+01,2.864826057419674044e+01,2.851107957339723953e+01,2.872553592503015807e+01,2.941478649288484348e+01,2.849513942816565759e+01,2.904690194160446026e+01,2.952470865196170280e+01,2.853511510130897477e+01,2.936041302729847757e+01,2.917279758460483663e+01,2.863388241368704712e+01,2.848679835133106053e+01,2.886699810633899688e+01
2.818491148603732199e+01,2.837709396579668919e+01,2.852834017237961461e+01,2.926544370809926932e+01,2.833359173985155621e+01,2.884242075472224087e+01,2.813289987378965407e+01,2.984566471866122583e+01,2.867998262584694658e+01,2.867099448580540866e+01,2.749569563649777137e+01,2.825925231281217975e+01,2.782859849111315498e+01,2.893399239539951395e+01,2.818321048575404575e+01,2.926316248251970364e+01,2.892235486116362608e+01,2.941071366234137940e+01,2.917382757859473941e+01,2.893081300611908091e+01,2.907061084829740594e+01,2.971744748107693113e+01,2.851630843125474257e+01,2.925922898220153456e+01
2.924411770022203427e+01,2.950723027758334638e+01,2.902918416937768598e+01,2.943733472315875588e+01,2.841632499742803475e+01,2.846234039884956246e+01,2.929856707693431872e+01,2.887630395447160936e+01,2.864741659458343292e+01,2.868088155639492243e+01,2.855111714330502082e+01,2.846488192994763722e+01,2.978756947014301204e+01,2.930458636183783483e+01,2.900583259420989179e+01,2.858581898829731927e+01,2.885576693581805330e+01,2.843297827483200990e+01,2.950299884673034967e+01,2.950012846329593685e+01,2.848077288051018741e+01,2.924004113141995731e+01,2.945900856883559982e+01,2.923303237333402649e+01
2.971465706953460995e+01,2.882469438137070483e+01,2.899362983960179463e+01,2.920313151705721566e+01,2.815327730422251307e+01,2.813143444687688088e+01,2.916539902715061316e+01,2.912845323913569473e+01,2.842149498771550498e+01,2.893331758729493686e+01,2.961848615935997486e+01,2.898002917238022746e+01,2.794780041136749560e+01,2.832048688539373416e+01,2.863204877299153850e+01,2.862932746230200109e+01,2.929318646357717171e+01,2.863143418913239202e+01,2.910536482285215243e+01,2.911202875407701640e+01,2.952417402230759080e+01,2.948230232958485431e+01,2.987339218067154434e+01,2.960049766346321576e+01
2.943719885509659662e+01,2.929183619600075872e+01,2.883925376206394731e+01,2.847704213417824803e+01,2.848681019495984401e+01,2.987592760449808793e+01,2.890925480341360299e+01,2.867755397296679121e+01,2.875860477798352122e+01,2.845223461153403832e+01,2.875102405405687023e+01,2.812440577542997744e+01,2.836637887915873080e+01,2.968609888724415669e+01,2.904973982432301227e+01,2.871055402766052111e+01,2.878735906635802166e+01,2.825476503911846748e+01,2.899786961194388368e+01,2.886182412584065560e+01,2.923123190449047115e+01,2.885402802404667000e+01,2.937269218672304305e+01,2.909424083873216205e+01
2.918317047241953333e+01,2.858445179517042334e+01,2.870125517311976182e+01,2.902853198202927842e+01,2.812845314156481891e+01,2.884242075472224087e+01,2.870869046646663492e+01,2.885000177624812068e+01,2.829983171757629634e+01,3.027288322471656556e+01,2.950583016953430615e+01,2.996518686447120672e+01,2.888980534696639779e+01,2.882231612813149013e+01,2.935011443155906363e+01,2.913781229466820832e+01,2.838179472160186378e+01,2.863192802526339165e+01,2.892229037135433600e+01,2.862935344536487037e+01,2.903405877985426287e+01,2.866701817419198051e+01,2.927187960525918697e+01,2.927786788411253838e+01
2.899785239364507561e+01,2.894407125454097240e+01,2.925255403278288213e+01,2.893770884185539671e+01,2.936008012262260536e+01,2.926659717782860071e+01,2.928398558209283919e+01,2.918814498385677325e+01,2.894332819017790825e+01,2.962687101692034730e+01,2.847101051049389753e+01,2.887791497572868593e+01,2.932357937599766728e+01,2.899450918074126093e+01,2.923489583664485281e+01,2.896103696777623782e+01,2.862159057335577472e+01,2.933884366552911160e+01,2.939312712057261479e+01,2.894097098861436734e+01,2.950054504676057832e+01,2.938316523342177788e+01,3.030600099293724270e+01,3.007948706984336695e+01
2.839650331477287182e+01,2.962321493219678814e+01,2.842842067421645424e+01,2.827353940804613330e+01,2.900905071949154035e+01,2.868142659666057170e+01,2.931708378069532728e+01,2.897596283661556527e+01,2.870697971868804643e+01,2.889780581267172010e+01,2.839932117764755048e+01,2.921759184508283624e+01,2.866114606182787838e+01,2.997963157908014864e+01,2.933453751311759561e+01,2.932500917159239862e+01,2.943713872547482424e+01,2.994913401171544365e+01,2.991306817862761136e+01,2.974964024867438184e+01,3.009473790122029868e+01,2.972711766496246355e+01,3.084173692931881305e+01,3.049564908321019630e+01
2.764707272495286361e+01,2.870103644653761421e+01,2.884743598236485695e+01,2.870074658954928282e+01,2.979751904711679344e+01,2.843358695145286674e+01,2.913763459902725117e+01,2.810236201142089385e+01,2.970744475767014592e+01,2.884588534046440600e+01,2.913792855331217879e+01,2.900617917578881588e+01,2.981692441450985598e+01,2.881324902570446511e+01,2.918951913422813504e+01,2.900101371416383245e+01,2.955408036870511523e+01,3.019589094469228030e+01,3.027257868391950524e+01,3.007676210469344369e+01,3.034698745465254888e+01,2.911918988576957190e+01,3.068802652280083976e+01,3.096799516620774284e+01
2.870390754455570459e+01,2.977137599181304495e+01,2.734791219745045510e+01,2.871228009553317406e+01,2.809260198092749761e+01,2.896845345635250624e+01,2.877603297268052529e+01,2.926508759950837657e+01,2.732910895959020081e+01,2.833930857416964955e+01,2.953837782143671120e+01,2.999854514911174874e+01,2.929623698004871812e+01,2.890186637905907219e+01,2.827021226385795671e+01,2.928316562408195978e+01,3.108383795033449815e+01,3.140517330951223585e+01,3.121588670216181072e+01,3.154110853094704225e+01,3.099323901296855865e+01,3.063796936293039153e+01,2.998484084568372054e+01,3.057012145264218361e+01
2.955816676383750519e+01,2.862966333047717171e+01,2.870491531844152178e+01,2.766879723954002657e+01,2.936182829300582853e+01,2.852719689277842008e+01,2.905662680275952425e+01,2.836454995438327842e+01,2.822351964789061185e+01,2.859016389999499097e+01,2.911401262099366249e+01,2.844826098896999156e+01,2.922790349010023192e+01,2.933422136094844745e+01,2.971085089696163095e+01,2.921370296213308393e+01,3.132425450338791961e+01,3.166204847077909790e+01,3.250408008091977763e+01,3.136824251822832821e+01,3.050418143085141764e+01,3.002804713564535177e+01,3.055832163277989366e+01,3.103920750708493870e+01
2.841504113717326163e+01,2.889433376885648386e+01,2.880090500316606494e+01,2.879989593462596531e+01,2.787081416334342521e+01,2.826559969558792318e+01,2.854935116440566389e+01,2.905477156945374873e+01,2.887048261886974387e+01,2.811514669099523189e+01,2.948404239991702980e+01,2.891407403302508783e+01,2.873444582124199087e+01,2.908552234833177863e+01,2.909098156887921505e+01,2.973380162499057633e+01,3.097894923429771552e+01,3.166281558908320903e+01,3.070350806244601927e+01,2.940853273625498332e+01,3.028346620300828818e+01,2.992478158916532038e+01,3.014741446370703670e+01,2.961262615136024579e+01
2.920908443321798131e+01,2.884737582198062000e+01,2.821966745854507508e+01,2.848772506631706847e+01,2.897003057057384012e+01,2.903479643484376993e+01,2.922387660195420267e+01,2.883815158608268803e+01,2.921542337898426922e+01,2.872391728168713598e+01,2.887599797210845054e+01,2.920544524506482276e+01,2.915247456079208632e+01,2.952104715345421937e+01,2.911265839953279055e+01,2.908115995103815976e+01,3.032219951332018582e+01,3.081032830031261938e+01,3.056514378506972207e+01,3.000273822524854950e+01,2.918590795320795905e+01,2.987224049024706574e+01,2.969952815787172540e+01,2.959047656044157293e+01
2.837920071064291960e+01,2.838894118688091339e+01,2.902446003983760647e+01,2.879140602807729010e+01,2.776873834877176250e+01,2.911982709467741870e+01,2.818641560904256949e+01,2.776974540054840190e+01,2.849681396181557602e+01,2.937044043518250191e+01,2.815823591518164903e+01,2.971677919781939181e+01,2.839884590585472779e+01,2.922112771979516310e+01,2.954221449178510284e+01,2.911677671005287493e+01,3.017762808230730798e+01,2.989242156977104514e+01,2.924208737947321879e+01,2.902022621396656632e+01,3.034030796881143033e+01,2.908090430326313935e+01,3.037417221728475170e+01,3.007165851544948509e+01
2.846110085831611514e+01,2.706001209908004057e+01,2.770230643284520511e+01,2.826311951270372447e+01,2.820237596632631494e+01,2.768936866193109836e+01,2.960431118417994867e+01,2.887947544453874116e+01,2.919813264248796258e+01,2.939811217996691539e+01,2.927951132908191312e+01,2.901076401836979812e+01,2.894916484889597541e+01,2.865728668702314508e+01,2.895453665321070957e+01,2.974157771396272665e+01,2.874041875046651739e+01,2.990343835459685806e+01,2.966291638963934929e+01,2.876949036016742411e+01,2.952638372200760841e+01,2.918006945683339382e+01,3.130720187645209762e+01,3.265113846238517681e+01
2.843664577496946322e+01,2.758106831500595035e+01,2.759786451036143262e+01,2.831631219101899433e+01,2.871926754466369403e+01,2.912081522533662792e+01,2.908439630594114078e+01,2.846803274392647154e+01,2.777696505040023567e+01,2.775332243126007370e+01,2.827909861253920099e+01,2.942150704447362841e+01,2.859537542628908113e+01,2.891910740201615226e+01,3.028900019260282761e+01,2.873986904165013812e+01,2.932572949137892238e+01,2.963887513176234734e+01,2.974522594062415237e+01,2.809131346493273895e+01,2.914359620498470349e+01,2.967053481745307408e+01,2.948320822920129558e+01,2.996988805176545156e+01
2.811301849771933803e+01,2.794417598825572213e+01,2.893723141098337237e+01,2.748972302798040346e+01,2.964181417182697942e+01,2.888670378511255876e+01,2.916213701127509239e+01,2.803848734896104133e+01,2.859919905306122700e+01,2.808753443278180839e+01,2.890935109892092214e+01,2.830143885688181626e+01,2.918073162162420431e+01,2.822663080848587924e+01,2.798174478493717743e+01,2.928930060335034113e+01,2.984541214185304625e+01,2.999266839669928686e+01,2.814697724812140223e+01,2.789270680819339532e+01,2.996389497920364420e+01,2.927635488756095583e+01,3.061092202945809504e+01,3.062179351565242769e+01
2.719462074968163279e+01,2.851990906656965308e+01,2.732702760909370454e+01,2.804933240915789838e+01,2.891950793002456521e+01,2.850744472296167942e+01,2.747978637641398336e+01,2.838003629974758724e+01,2.963610665693261126e+01,2.958341678248910966e+01,2.834393930055944111e+01,2.933226704086649761e+01,2.946128475453707551e+01,2.980135905201387914e+01,2.876066806497846073e+01,2.887606231129745993e+01,2.783634739402464220e+01,3.028310942891573632e+01,2.881450710675153459e+01,2.850133050220335917e+01,2.857751345448929214e+01,2.977803307298700020e+01,2.960823764042078210e+01,3.075743161862050101e+01
2.782444258507604218e+01,2.769082635839333761e+01,2.809550034495180171e+01,2.856081482847253028e+01,2.880559988785364567e+01,2.888855723527882446e+01,2.865353667477774025e+01,2.762304799274335210e+01,2.866382587730822706e+01,2.918555811132171129e+01,2.959853146092422094e+01,2.855853828012442364e+01,2.932587828044540856e+01,2.856677613958106576e+01,2.984509905193965551e+01,2.931114303090458861e+01,2.857564093057732180e+01,2.908687094363637016e+01,2.905467462960382363e+01,3.035066524718502023e+01,2.944842833221275669e+01,2.883943204447439257e+01,3.090103485721272136e+01,3.028044534938106835e+01
