2.898715876123372936e+01,2.920706263928678936e+01,2.951890334261713633e+01,2.966458887476863993e+01,2.869155098315837904e+01,2.955182213328441776e+01,2.915817186299096875e+01,2.915815363340470867e+01,3.017908480090466128e+01,2.932469054791317831e+01,2.939591764955201825e+01,2.962970125813433242e+01,2.853511627560362740e+01,2.928189620638391943e+01,2.953799512192529164e+01,2.882936117672090859e+01,3.004687502222566309e+01,3.028415039563645905e+01,3.072082656804269618e+01,2.954120139761579367e+01,3.017949385942347362e+01,2.903968667646256563e+01,2.912754243075613658e+01,2.867113775822900834e+01
2.985873581091090045e+01,2.871387782190254256e+01,3.000158385638559366e+01,2.885845162239701267e+01,2.914124774245607341e+01,2.993907946843728496e+01,2.779436799719360351e+01,2.971755026896437357e+01,3.025548612865799214e+01,2.947895368824146090e+01,2.904184676840429802e+01,2.896836075295607316e+01,2.802799605110243419e+01,2.946584617856927935e+01,2.896769304513372845e+01,3.011971633218735178e+01,2.946383152488846235e+01,2.972346976624220360e+01,2.851647423944984894e+01,2.942918056392755943e+01,2.992941395148852735e+01,2.960589170314034391e+01,2.866400540997744883e+01,2.817746326354091480e+01
2.841071708109899419e+01,2.970510472464758323e+01,2.920644041480898068e+01,2.896309468994223835e+01,2.956713851605553600e+01,3.022838466900509502e+01,2.953260193075857387e+01,2.959963513542720648e+01,2.869511575306813711e+01,2.975586923674308082e+01,2.966393087634878611e+01,3.042456805051659785e+01,2.873319108635388375e+01,2.969352602796124074e+01,2.841552873457487749e+01,2.975982869011818366e+01,2.917885130069043953e+01,2.970406470720860170e+01,2.976945623824360609e+01,2.879399394506492627e+01,3.027261596970959090e+01,3.000088688868112285e+01,2.896526778684665260e+01,2.994979919184970640e+01
2.946086022193844656e+01,2.920530108512554079e+01,2.977903246199940668e+01,2.910704933049612464e+01,2.925453963835190052e+01,2.918618364394370701e+01,2.942732389505192714e+01,2.964029116056599378e+01,2.958556903945424210e+01,2.934453967628047621e+01,2.944554825726379477e+01,2.972675281599339314e+01,3.022827303268491050e+01,2.955780449849135039e+01,2.972228220946948340e+01,2.920067994485913232e+01,2.946665064098868925e+01,2.982875410164973573e+01,3.089554829947076087e+01,3.000831248791337202e+01,3.005481254939616065e+01,3.017890245983659270e+01,2.944371448785045686e+01,2.947296497123835479e+01
2.902446136722574010e+01,2.941150105173522888e+01,3.009848323941446324e+01,2.914825913620376241e+01,2.877166341481142808e+01,2.928792532654057368e+01,2.925541330411010676e+01,2.968227727720437770e+01,2.965317910011771119e+01,2.858163504964147705e+01,2.949189485712673786e+01,2.991582103213903565e+01,2.905497000582317924e+01,2.967464655491960457e+01,2.819285223928443429e+01,2.959657465916416186e+01,2.802500902112564063e+01,2.920914047855677609e+01,2.978168405093902038e+01,2.900131568953275973e+01,2.908274283700291107e+01,2.889456060242775948e+01,2.915500115122580382e+01,2.927722266867868939e+01
2.903346913321178135e+01,2.869573431357434856e+01,2.918866455997590492e+01,2.847063102071774665e+01,2.932516049125479185e+01,2.940985113642557280e+01,2.889976793843567293e+01,2.968838404923565122e+01,2.984307985946924191e+01,2.996904095474457108e+01,2.923642947952384930e+01,2.872208084357367852e+01,2.921656933470785589e+01,2.950822033245583498e+01,2.963736463142475941e+01,2.911065180161898525e+01,2.936199122780726611e+01,3.001193393224485817e+01,3.015337660826821775e+01,2.852620244579168229e+01,2.863882777976107263e+01,2.939130161264802155e+01,2.942975552972779951e+01,3.024686890821953966e+01
2.983247864585990783e+01,2.983325322051967987e+01,2.868278411841697562e+01,2.997304233244699390e+01,2.933556171319270334e+01,2.935137683051362956e+01,2.961166599086914175e+01,2.909655120988298904e+01,3.045696488467058316e+01,2.967724179344486402e+01,2.989869547824832807e+01,2.928508704870966994e+01,2.885051398993886096e+01,2.899782185742213869e+01,2.950945378853356260e+01,2.903475658995756703e+01,2.986498840434387603e+01,2.996164915812090612e+01,2.886208629626247557e+01,3.095289503920093921e+01,2.997241814240265967e+01,3.013410789744904150e+01,2.869050421598899447e+01,2.933452490888703323e+01
3.013422397670899500e+01,3.074522715729244737e+01,2.923139474499953394e+01,2.961706870443038042e+01,2.917668560352893792e+01,2.947816386150265089e+01,3.028636778650951555e+01,3.045635399341148286e+01,3.072495469152596570e+01,2.995418987328622507e+01,2.915585130333408870e+01,2.905025940892943481e+01,2.963676740058326686e+01,2.993299075872283765e+01,2.952880945599531515e+01,2.908000809864716985e+01,3.019061179763917835e+01,3.060011350834616906e+01,2.968961440815098740e+01,2.959717645929771379e+01,3.023564452085906851e+01,2.980837895982784858e+01,3.002370411353467716e+01,2.903567641693956602e+01
2.894232101341026464e+01,2.866715141353171248e+01,2.955378150310031060e+01,2.879419015924202085e+01,2.902938509264805589e+01,2.966031643473314716e+01,2.945916222126169259e+01,2.933385573973043847e+01,2.936719407274222249e+01,2.959060885613536129e+01,2.855863215368020747e+01,2.929196808548061881e+01,2.973165732019566576e+01,2.905885118017641844e+01,3.015170793924914960e+01,2.877947668328187092e+01,2.967435681022305971e+01,2.916867185535318185e+01,2.921790355355318525e+01,2.907192530925112806e+01,2.928491822975621517e+01,2.929674446502281171e+01,3.050641146992757058e+01,2.982719207305171949e+01
2.822050443361587213e+01,3.067333474221095457e+01,2.880879795250621100e+01,2.957854001918695985e+01,2.998215729384293127e+01,3.004867152556602150e+01,2.880926261369637587e+01,2.924923657355640216e+01,2.878330491150336456e+01,3.013190431915438694e+01,3.014166656496962560e+01,2.982337912099404775e+01,2.919251017602908860e+01,2.955440706008198504e+01,2.914390718106398026e+01,2.888807166815928440e+01,2.944316151376619928e+01,2.901983799912238737e+01,2.927631344477026687e+01,2.929770942296386238e+01,2.831585678814036555e+01,2.921628200749933058e+01,3.016253875005594409e+01,2.945673869222957819e+01
2.982569623255812985e+01,2.982660903558479504e+01,3.024793663396178545e+01,3.031496852694283461e+01,2.933050055114040333e+01,2.943580229988901920e+01,2.952572540245341770e+01,2.921196264634102135e+01,2.869130544946619921e+01,2.971169366240752652e+01,2.922970021421264164e+01,3.018113759139021113e+01,2.981060395908093597e+01,2.956524356295295775e+01,2.920403105182805348e+01,3.014116395680707683e+01,2.956687118094055222e+01,2.928508017284724474e+01,2.935308297863468852e+01,2.993776151042533229e+01,2.939233280791813741e+01,2.965673608531147920e+01,2.928080960922449094e+01,2.967316087383215972e+01
2.913875070636333930e+01,2.935623248031288313e+01,2.992702938162210557e+01,2.926975008950734036e+01,2.961527854099398382e+01,2.905660286300059170e+01,2.988710584421573913e+01,2.967828108217895533e+01,2.997439296553113763e+01,2.943530479476333994e+01,2.997032353871355781e+01,2.960351712071383190e+01,2.958841134742880286e+01,2.888847864278699262e+01,2.872457258811562042e+01,2.880090302748919839e+01,2.939704844011208706e+01,2.977138887441623183e+01,3.019130575766348556e+01,2.977050936624073074e+01,3.033989008565043832e+01,2.923241553389152614e+01,2.977764660333889424e+01,2.889517155051771624e+01
2.948458376601729469e+01,2.921683852317221408e+01,2.948579071770797100e+01,2.901068345017466754e+01,2.832916766971266043e+01,2.937234202086898449e+01,2.982046290324109350e+01,2.906956365116559482e+01,2.892508713910103779e+01,2.948037143959760442e+01,2.985966017553209895e+01,2.906479391890451325e+01,2.903925467380787495e+01,2.885584034553994570e+01,2.944912421843110906e+01,2.912875779589637659e+01,2.954368790078086704e+01,2.920219116312642882e+01,2.900321708463076220e+01,2.919216265502325314e+01,2.961128005554502352e+01,2.941322696208948173e+01,3.014329046651249655e+01,2.988424455320534889e+01
2.947988958188938113e+01,2.881504382631021599e+01,2.912997608713618547e+01,2.956303854874124681e+01,2.974931721565712905e+01,2.979292536054350649e+01,2.820423968209382792e+01,2.991479323638327514e+01,2.924622950474770278e+01,2.947232797453125386e+01,2.940857896557804452e+01,2.881601439519357655e+01,2.889927445740761414e+01,2.965275342926838675e+01,2.878986119667627008e+01,2.955891543589518733e+01,2.937685085536151064e+01,2.887915365299511450e+01,2.834399471803237702e+01,2.887004505308527769e+01,2.886669874145383119e+01,2.868921787928195499e+01,2.950786023210156372e+01,2.902374175779021925e+01
3.033281744574509275e+01,2.936054076865082152e+01,2.961492710480973756e+01,2.945484402506207289e+01,2.899682751178897888e+01,2.881055441829511210e+01,2.920407933801067202e+01,3.059016018543826476e+01,2.914592901988180529e+01,2.964646987992495042e+01,2.917967962020753703e+01,2.959227737945178660e+01,2.801027204877982513e+01,2.961444250828526492e+01,2.854377189074148191e+01,2.994314885069843513e+01,2.991711711505439553e+01,3.007234735062411346e+01,2.962508679601035055e+01,2.969748606182236017e+01,2.928310398692036642e+01,2.991893026882991080e+01,2.916736346889399556e+01,2.937174401867281404e+01
2.999591700446563891e+01,2.917670769350246474e+01,2.974137659467828598e+01,2.948325143580285612e+01,2.888463340815712854e+01,2.881451884986449841e+01,2.882477929287949792e+01,2.933583716608166014e+01,2.944951516774005995e+01,2.953345391309204615e+01,2.921576460832989142e+01,2.902818267571069555e+01,3.000810110709147693e+01,2.906906134829523580e+01,3.004518082569376247e+01,3.000384174900193557e+01,2.901030653499742584e+01,2.980406216788946949e+01,2.997683512319599686e+01,2.967035336442046400e+01,3.007562573398109862e+01,2.933633085469097068e+01,2.972318951709087287e+01,3.010728730824450849e+01
2.960474831016460939e+01,2.876961177307282469e+01,3.011458570975952398e+01,2.926354349355744944e+01,2.888268248180804676e+01,2.955999610411242884e+01,2.928417630344301870e+01,2.858043263091599329e+01,2.941942508339923279e+01,2.945414808320515476e+01,2.981354641823327256e+01,2.968655535444997895e+01,2.867662588702830817e+01,2.859085731820664478e+01,2.905112997143493203e+01,2.921907889946862724e+01,2.980580702903108659e+01,2.897972771475593845e+01,2.876439092589799884e+01,2.978763998970106286e+01,2.911328562140192844e+01,2.888660227292541549e+01,3.006676576703944193e+01,2.840129347770198365e+01
2.950625674621409189e+01,2.886739679227019906e+01,2.898917992084443540e+01,2.978090347365565549e+01,2.916213684765415337e+01,2.938352025386728883e+01,3.002594246981612969e+01,2.869103669558666070e+01,2.960504624827069620e+01,2.851456527988045764e+01,2.860550159021460104e+01,2.950356533111619228e+01,2.843252882355471911e+01,2.916749668468872869e+01,2.831510345129862571e+01,2.898060104868739018e+01,2.897960444231000565e+01,2.945656589098985023e+01,2.896871482623100746e+01,2.920672565912565233e+01,2.930323602747586165e+01,3.031655498907736046e+01,2.933858318077983540e+01,2.927945309422176479e+01
2.918042622553900856e+01,2.976645530633351200e+01,2.922053422184660576e+01,3.011180622847649602e+01,3.003035268613115250e+01,2.934132802590590927e+01,2.945369314805128624e+01,2.891200019995415005e+01,3.010420641941414033e+01,2.972444752499973220e+01,2.894967536862350244e+01,2.925859355673264872e+01,2.944339356132383045e+01,2.952263063670113752e+01,2.972774448500081235e+01,2.966862951427702910e+01,2.902245956958989836e+01,2.958676592983977116e+01,3.041837999772542389e+01,2.940923881837483123e+01,3.045906662902990547e+01,2.903268900189141277e+01,3.012109721654530858e+01,2.994409543610908031e+01
2.912753431185956288e+01,2.937669768814708959e+01,3.071520173250689822e+01,2.990668008789072019e+01,2.995861392358119701e+01,2.976034818779032776e+01,2.931632869999873492e+01,2.929312421266934052e+01,2.905176128842799699e+01,2.962618335794053337e+01,2.972122521118188843e+01,2.933477420669544244e+01,3.013116554683023196e+01,3.000478302027033806e+01,3.023732934210090662e+01,3.067250131675217517e+01,2.974713479485922107e+01,2.984150841426662737e+01,2.946731113665543944e+01,3.009158709898031248e+01,2.953345693105308101e+01,2.911321288788957418e+01,3.072923752133459629e+01,3.057448315155403407e+01
2.936996712220678774e+01,2.949003608533610077e+01,2.860962717807097988e+01,2.867632464012712035e+01,2.966313548936398092e+01,2.971839263469109937e+01,2.968284233878671330e+01,2.953586638251027807e+01,2.901117322226980377e+01,2.856078687628610169e+01,2.938807840913949576e+01,2.887856500450902786e+01,2.918547967577046620e+01,2.905364673988196955e+01,2.904307516050880622e+01,2.920863344959900587e+01,3.027195295413798704e+01,2.963270299866724145e+01,3.023727533307322801e+01,2.957628404761970842e+01,2.960936798887979648e+01,2.959159647236373303e+01,2.880040081046888645e+01,2.917364396806402738e+01
2.818078814625118866e+01,3.047701484746738743e+01,2.918255466148605137e+01,2.909676908428639308e+01,2.773124101742934045e+01,2.947613286385870879e+01,2.899374021494725184e+01,2.938056547269695784e+01,2.960586428181755991e+01,2.945802379594374543e+01,2.926965796570851808e+01,2.885132828769457092e+01,2.961588563152076858e+01,2.948054919239916671e+01,2.984130516019405377e+01,2.934130970604098820e+01,2.955402985267636495e+01,2.956541868528984196e+01,2.917883633089167006e+01,2.950843600109976705e+01,2.932650838459130682e+01,2.985885973929129023e+01,2.894062286233582881e+01,3.019183286185995030e+01
2.812025543756095658e+01,2.989101123657684411e+01,2.971758000852832993e+01,2.898127641705224278e+01,2.884492721388755854e+01,2.972782900423459296e+01,2.940314263010287732e+01,2.863565677690581879e+01,2.978897372706262558e+01,2.972274194776008471e+01,3.010056554322846978e+01,2.952691381226139811e+01,2.938918936665839965e+01,2.863890968212126609e+01,2.886639625545279841e+01,2.937549863501834579e+01,2.939984716360970651e+01,2.973017419774885184e+01,2.928876329683089352e+01,2.979174352073329146e+01,3.005598580450777035e+01,2.986925271621964839e+01,3.075415157840882330e+01,3.079935354887362564e+01
2.953239324724125936e+01,2.870263903719836662e+01,2.966472106365910122e+01,3.025317352782906255e+01,2.855394781436103813e+01,2.947692749930780565e+01,2.966716512668233463e+01,2.956305544646818362e+01,2.892200861862960437e+01,2.916350836090140319e+01,2.912961283565653048e+01,2.937964816864007389e+01,3.026652253844366669e+01,2.975388771963406498e+01,3.029055086486874870e+01,2.932062007466606701e+01,2.995152167693709089e+01,2.998738019393607601e+01,2.935080946552739078e+01,2.931380567334508669e+01,2.985650642612716865e+01,3.014817728513185102e+01,3.146261136731601482e+01,3.033523503153980982e+01
3.008679176286307211e+01,2.916496183925863761e+01,2.938088461875713620e+01,2.960779342921858870e+01,2.842211329962339050e+01,2.829251627636409694e+01,2.952039510475782436e+01,2.930683437552630721e+01,2.935720136018568382e+01,2.913770067588785651e+01,2.930596121769826823e+01,2.944285688389936695e+01,3.000514192300477134e+01,3.019776848642084133e+01,3.001928361385472499e+01,2.876422840686956306e+01,2.967652897308175852e+01,2.936830302232334589e+01,2.873105040051916603e+01,2.883002715765735502e+01,2.984775919392222931e+01,3.003129381456687952e+01,3.023766496181929142e+01,2.990169232535117771e+01
2.931761295549853230e+01,2.988055979954117447e+01,2.955101216301824252e+01,2.908021423466158240e+01,2.927047763160112481e+01,2.902993306604344070e+01,2.891061090006445511e+01,2.910500281646858411e+01,2.909686234576219022e+01,2.847786544536501196e+01,2.902619880747283787e+01,2.938948320473156173e+01,3.016487304786772938e+01,3.004334520566231959e+01,2.911732283046183056e+01,3.016201773255852459e+01,2.857347623383077462e+01,3.032688092417947701e+01,2.851433529370046926e+01,3.049067521184690577e+01,2.957672290194597053e+01,2.916331462897824167e+01,3.055263613279032597e+01,3.143901965038014623e+01
2.902799154232309320e+01,2.929276811538431957e+01,2.985088108320184119e+01,2.880063005472777604e+01,3.032148269920674011e+01,2.950206398711026168e+01,2.902548638016560290e+01,2.880164003568523867e+01,2.900044854808953687e+01,2.874459888800441831e+01,2.911670803139128338e+01,2.957412134983871965e+01,2.956028949494555036e+01,2.927752166962886804e+01,2.999964753858097311e+01,3.010247168932755812e+01,2.949806074694618019e+01,2.954561687449108831e+01,3.011752618646619339e+01,2.969848925237363346e+01,2.983101588411568628e+01,3.086775236782648335e+01,3.073933660536692969e+01,3.005205499921663659e+01
3.038665086245640623e+01,2.998625778413088483e+01,2.866178919706351280e+01,2.888617944221891776e+01,2.932070968795233057e+01,2.907175834330894304e+01,2.964159590593897065e+01,2.897777950111236578e+01,2.932344187784127598e+01,2.882709754786498024e+01,3.056263303834282397e+01,2.907299156553983721e+01,3.024470653919314600e+01,2.964617888087434494e+01,3.043511588275998747e+01,3.054367969177616260e+01,2.984023456770057692e+01,3.032032780894780899e+01,2.953394829986990544e+01,3.061617143081321046e+01,2.970039457366669922e+01,3.039027766347606985e+01,2.969078859490559807e+01,3.029114707254836958e+01
2.769932702790163148e+01,2.836424863911395278e+01,2.873398450472132026e+01,2.949336858791224358e+01,2.896358129048843466e+01,2.920071082591624645e+01,2.940498317000128736e+01,2.820388679693860468e+01,2.899729761294798891e+01,2.917352044453764393e+01,2.972244815379872307e+01,2.899272642120052978e+01,2.988750993990726101e+01,2.927178773553623614e+01,3.017243902554895385e+01,2.919898545628467446e+01,2.966164785366731849e+01,2.978025115462151007e+01,2.941192505684915659e+01,2.890195638413166535e+01,3.069308955020409257e+01,2.896452815542988901e+01,3.052076301027909722e+01,2.955751219657383899e+01
2.857816668662962911e+01,2.943616911674672565e+01,2.842986253537003449e+01,2.931563949132714697e+01,2.889196579245049179e+01,2.929329047429121147e+01,2.946000699473660234e+01,2.920591559406352644e+01,2.801376227929546303e+01,2.874529931361354329e+01,2.916428856811910464e+01,2.916135115539532308e+01,3.024122564274239267e+01,2.931668772692205494e+01,2.921363199071055305e+01,2.977880676424410922e+01,2.911758845641367088e+01,2.908913662509235110e+01,2.891001147941926774e+01,2.947283065629125076e+01,2.962180199153584681e+01,2.995996651270735356e+01,2.883269372902157102e+01,2.908000054216199715e+01
3.030702490631904311e+01,3.004807665539544814e+01,2.848973250535522084e+01,2.994730209805663890e+01,3.020410857194713117e+01,3.005006973128098480e+01,2.864604165476487196e+01,2.848398771751544700e+01,2.938722417277324439e+01,2.934989465733320912e+01,2.943018501861553204e+01,2.877688184450028075e+01,3.017557488641892860e+01,2.970139718217740210e+01,2.963876874415313978e+01,2.973656672411993895e+01,2.931565616301003274e+01,3.071409279680091231e+01,3.026898854247650661e+01,2.993467660910187078e+01,2.929093004423589264e+01,2.956345465894150948e+01,2.852916181850810062e+01,3.062797149921300388e+01
2.848996583683043582e+01,2.951304933342748882e+01,2.994736785695675962e+01,2.930049043670283027e+01,2.983031912773429895e+01,3.066987863502549772e+01,2.911283703262131439e+01,2.947472674054012032e+01,2.922224241881031048e+01,2.875908784006435326e+01,2.978175848997244657e+01,3.046420253051689997e+01,3.061101267684398408e+01,2.991073677833992406e+01,3.004854284895702676e+01,3.000449422523945486e+01,2.960618603159298345e+01,2.976593340127845977e+01,2.980318213834419794e+01,3.027033699983041970e+01,2.986003985139950601e+01,2.930426495753204108e+01,3.049443995229643178e+01,3.063661555008519599e+01
