2.814850273597812702e+01,3.029951475183008824e+01,2.935757199167477438e+01,2.981960633186480436e+01,2.904794748895665180e+01,2.877761164381018943e+01,2.740009610666550088e+01,2.847326016849666530e+01,2.874707970528476153e+01,2.891278994158068372e+01,2.836599600049834180e+01,2.851373122038614838e+01,2.860457025445379031e+01,3.008938572257352462e+01,2.823740085475037631e+01,2.923219083607847324e+01,2.836030498947513934e+01,3.006566742252005042e+01,2.993917875337041323e+01,3.029236257954323719e+01,2.956473611645759547e+01,2.859344708763012477e+01,2.895401288680380958e+01,3.014657196805723061e+01
2.833431809413889368e+01,2.975719766287528500e+01,2.796833318665147772e+01,2.926515749955160572e+01,2.914221478221145389e+01,2.801395255579086552e+01,2.846434542324482209e+01,2.963540307062214652e+01,2.967505730434737643e+01,2.930604316942896048e+01,2.831308414963734776e+01,2.925651736618527821e+01,2.867109791756024606e+01,2.824072297744993421e+01,2.902872379368648126e+01,2.846895782586477708e+01,2.874401694110844119e+01,2.836295074734027821e+01,3.001221236904149237e+01,2.876271871763719901e+01,2.942578126618440137e+01,2.817839370973962332e+01,2.905318202829801066e+01,2.877926856519474086e+01
2.981053560068113484e+01,2.870011477146550760e+01,2.975963032987937140e+01,2.870471163224658540e+01,3.021152758647440351e+01,2.856181976105790454e+01,2.971561956154982909e+01,3.029145044959204824e+01,3.022209836736476518e+01,2.931991187326030968e+01,2.995444287093073399e+01,2.884566018417655187e+01,2.959286836886565197e+01,2.988730657542345170e+01,2.863972175088684935e+01,2.873315513674754129e+01,2.850815282074455581e+01,2.900377523123620449e+01,2.890865534199400599e+01,2.960205969027578021e+01,2.980003673804839082e+01,2.994045121457122605e+01,2.986480223704302261e+01,2.849406854154608482e+01
2.819993003749334548e+01,2.930605487220617533e+01,2.852043511574066770e+01,2.867170529177423077e+01,2.806136010523761115e+01,3.011485869776373647e+01,2.850132614418134835e+01,2.967670457645311899e+01,2.910718678974092199e+01,3.001131378898941193e+01,2.964310760983499904e+01,2.988653646983414092e+01,2.894598369875990329e+01,2.998391638521604818e+01,2.928500388962197576e+01,2.894645928073390451e+01,2.866366053194218466e+01,3.094651907426191428e+01,2.977556750667952201e+01,3.029052484302053472e+01,2.884021574745491989e+01,2.957803260561598790e+01,2.796603465612582795e+01,2.970947703740830548e+01
2.778426186901708661e+01,2.983777763468634703e+01,2.881650349611726369e+01,2.880237299421980879e+01,2.879898196207011551e+01,2.937633771237864266e+01,2.855418702939084596e+01,2.869016243729709004e+01,2.941093974816101309e+01,2.974134283676158930e+01,2.886153574616588458e+01,2.863315260161317610e+01,2.874876748507381308e+01,2.926880397788079335e+01,2.896665718142020296e+01,2.932715082090982150e+01,2.871792989627829229e+01,2.924167479946004278e+01,2.883068578093877932e+01,2.992850121817377840e+01,2.848170264521246509e+01,2.943440945019824539e+01,2.704404793483791991e+01,2.957468886869156677e+01
2.884957576101766108e+01,2.801021740865252241e+01,2.848990851747350916e+01,2.878095948482086897e+01,2.918106345996551454e+01,2.762971749735487492e+01,2.945392148940794641e+01,2.917104799951414407e+01,2.827872841306219698e+01,2.818049031765229984e+01,2.920088345853014289e+01,2.868550838611758991e+01,2.919191794073611845e+01,2.853826118910438936e+01,2.995558717451007169e+01,2.871020146045486854e+01,2.900204638607470997e+01,2.870527089249191022e+01,2.968029729764816693e+01,2.995621271823853249e+01,2.904616262117127690e+01,2.808401130400443435e+01,2.874862156580002193e+01,2.890448090224657562e+01
2.911475148372858257e+01,2.880447356156008709e+01,2.896778792820379067e+01,2.869080993826247550e+01,2.936659205816874874e+01,2.928447052977918474e+01,2.938530662424432194e+01,2.896798952054160736e+01,2.989251325339790810e+01,2.870621101998989388e+01,2.942903123529407594e+01,2.878896869751457643e+01,2.962823515118708428e+01,2.883062186624817969e+01,2.985647019724416396e+01,2.796074544033075426e+01,3.032341288628833809e+01,2.949885523089193384e+01,2.957886175096456327e+01,2.871285004697301702e+01,2.949905423403100713e+01,3.019014298300658083e+01,2.988462363040491709e+01,2.806739192719021503e+01
2.906322690880705295e+01,2.916491931572750218e+01,2.924640485909537801e+01,2.892494948900235840e+01,2.869964898703995004e+01,2.887537495330570891e+01,2.869828456313877041e+01,2.991272950326066393e+01,2.830146327871273115e+01,2.947511230090719891e+01,2.880415985715501392e+01,2.938034680733170489e+01,2.947701767747383883e+01,2.884698085679167434e+01,2.952233474761999332e+01,2.834331170394568744e+01,2.806479147403030083e+01,2.918397230013692933e+01,2.871090439290657059e+01,2.915184412993204432e+01,2.766059328483106583e+01,2.926995408727594850e+01,2.836392381042787747e+01,2.931267391715294934e+01
2.794616669709273538e+01,2.876734338541820080e+01,2.771141625396086283e+01,2.930093579303098750e+01,2.946670235074975608e+01,2.960508106259140959e+01,2.884785044438683599e+01,2.916765275372728183e+01,2.880702316266336993e+01,2.946350470997322191e+01,2.858329207661870441e+01,2.939237054899103896e+01,2.848866759444626950e+01,2.860741550252572551e+01,2.860583083720410968e+01,2.889763393155834592e+01,2.914084178488690213e+01,2.926321328322626414e+01,2.927239037826655021e+01,2.923525755515902347e+01,2.896586445971507828e+01,2.910179322283210013e+01,2.834718334743871537e+01,2.929828269181166434e+01
2.968404989056375598e+01,2.975447135047437541e+01,2.852113544049319671e+01,2.843821030620779311e+01,2.829115968227557687e+01,2.834175096969727292e+01,2.880458433310036526e+01,2.850078042946438472e+01,2.922200370640712208e+01,2.860692328175974808e+01,2.808165867788522974e+01,2.845420268366359551e+01,2.906763686569468064e+01,2.875989556232701716e+01,2.871110235813284817e+01,2.911185991492737912e+01,2.852295934583531789e+01,2.876273938958252074e+01,2.861293009237795104e+01,3.002526104363812465e+01,2.831535729502240883e+01,2.940725651959269271e+01,2.941315680852181913e+01,2.873205896511598212e+01
2.931457901861347182e+01,2.922780057315037539e+01,2.913183976325478852e+01,2.966114943222402189e+01,2.915181923197849301e+01,2.902691784690102850e+01,2.922665057943873990e+01,2.900906938041373451e+01,2.873015788662365821e+01,2.900031558045532165e+01,3.017468339863756910e+01,2.890065122875950010e+01,3.003374260971264675e+01,2.976712017958044498e+01,2.923947694263250696e+01,2.930845616575516033e+01,2.934372981301925165e+01,2.922824894823781960e+01,2.932863017886364787e+01,2.887808847425651493e+01,2.954472708276534831e+01,2.926368680513286336e+01,2.961237128121524620e+01,2.922319295938740424e+01
2.858922995095781516e+01,3.006638132472136249e+01,2.898004312294148122e+01,2.951594369959309461e+01,2.884184480168914888e+01,2.894173667386775151e+01,2.915798715374518224e+01,2.976225123596611866e+01,2.860469413712434061e+01,2.937278088598714021e+01,2.853061913942764249e+01,2.928527986573800490e+01,2.893074363367378510e+01,2.918105249830682624e+01,2.859754361416298707e+01,2.947496709578172158e+01,2.893152099403425836e+01,3.029378952476440645e+01,2.898273261279757662e+01,3.008610806246645097e+01,2.897415578518865686e+01,2.906329472575731643e+01,2.840476282219395898e+01,2.965403500112535085e+01
2.817965103163862750e+01,3.005097214737241984e+01,2.894723125491719884e+01,2.927363500937860863e+01,2.926292031160505758e+01,2.909073084032326051e+01,2.978934037597610995e+01,2.977483537891976084e+01,2.901339050392215313e+01,3.046087833136465406e+01,2.872340565983597571e+01,2.967293632632964773e+01,2.858066683093909433e+01,2.962218291297403994e+01,2.918728301522469337e+01,2.945678981477885827e+01,2.883285367731923543e+01,2.942238626487994679e+01,2.923283282068302924e+01,2.835157860554193121e+01,2.912139214525240050e+01,2.992268168270953765e+01,2.868565859908375160e+01,2.922846667783448993e+01
2.973362482788343186e+01,2.920874393388419321e+01,2.996278641071080528e+01,2.927373562512980243e+01,2.882808589845734559e+01,2.937824258808092281e+01,2.927643141076561051e+01,2.918774020527962421e+01,2.991700493534722227e+01,2.863459594568229249e+01,2.925363811274826276e+01,2.947325616477263566e+01,2.891692408036260531e+01,2.914703870823723264e+01,2.951349447102836621e+01,2.926427358909177201e+01,2.900288046843240863e+01,2.902122230133130643e+01,2.883048204909539436e+01,2.902541340848756590e+01,2.953234075129051917e+01,2.921127769004033325e+01,2.943779297358128133e+01,2.861848951764085314e+01
2.984764738708315690e+01,3.013301722636606428e+01,2.854453222565228998e+01,2.812808562184153516e+01,2.880227550794541003e+01,2.959241191862872711e+01,2.889373480688618656e+01,2.917896725578049200e+01,2.936307236199166937e+01,2.946440870742600282e+01,2.962288976843007049e+01,2.984093015813073180e+01,3.027078342875171302e+01,2.838824314909373925e+01,2.963852076077967013e+01,2.888141200492634653e+01,2.975434462858856932e+01,3.002671828516696451e+01,2.920399215401522497e+01,2.926494858573812508e+01,2.948525968135811581e+01,2.887896072104337009e+01,2.900301874170230576e+01,2.986851421071838786e+01
2.931324901579296238e+01,2.957540074823305076e+01,2.936460211847457913e+01,2.995345910802444678e+01,2.831506219513960332e+01,2.992911712540990266e+01,2.999031747874374787e+01,2.940402426559353444e+01,2.911853457153318914e+01,2.949147505346417120e+01,2.899370901013440971e+01,3.004299634591546919e+01,2.939243500675428322e+01,3.053633232034002276e+01,2.957167798391475344e+01,3.012746323608598686e+01,2.881559261411950956e+01,3.036288838361730313e+01,2.847556896599911624e+01,2.933564438091690363e+01,2.935961872911082082e+01,3.013018279094512764e+01,2.865722082881137567e+01,3.005195953243429585e+01
2.920091725656618564e+01,2.899113094736776475e+01,2.971445064871653585e+01,2.984302672900184916e+01,2.874105092486416879e+01,2.984439398136686350e+01,2.801392784817926440e+01,3.009253778542245072e+01,2.825883298673494437e+01,2.936542253798637603e+01,2.862231291239487518e+01,2.923403130907701097e+01,2.855885818500013329e+01,2.885931076347588942e+01,2.954462585684012765e+01,2.964913887521856850e+01,2.912162693077385711e+01,3.022218138173104762e+01,2.960135218479689456e+01,2.939254085368958158e+01,2.904945973203894027e+01,2.913412570217769826e+01,2.977925082050421679e+01,2.979259236597636118e+01
2.982821477947294397e+01,2.894514563254983841e+01,2.991206886205071669e+01,2.992858600996640916e+01,2.906654942059304858e+01,2.926213269688622631e+01,2.955621241989018699e+01,2.965578481098594921e+01,2.935764052185311357e+01,3.019691552812241753e+01,2.885747055197828104e+01,2.825929357501166805e+01,2.844808036381982674e+01,2.930607022105749593e+01,2.831898252292404550e+01,2.913934856851636823e+01,2.921723376307517128e+01,2.905864186083437062e+01,2.913111060892174464e+01,2.902541340848756590e+01,2.923409915089592914e+01,2.958475675479081701e+01,2.925594728076390538e+01,2.918377071370446174e+01
2.985987200691806720e+01,2.938419014635246640e+01,3.074356113841662363e+01,2.826298807673271085e+01,2.947941344638144301e+01,2.924606291050866957e+01,2.962022935252178968e+01,2.936408504277750353e+01,3.051008843787639080e+01,2.958842928906011593e+01,2.902628055180832689e+01,2.777615076265624339e+01,3.014801309049823885e+01,2.940000787790211234e+01,2.981153012302905836e+01,2.891094661026278345e+01,2.956783794578632296e+01,2.945116488619419215e+01,2.977003191772308810e+01,2.995577361360511759e+01,2.979634738338120314e+01,2.991123796954008185e+01,2.938843582546439848e+01,2.916846136603260220e+01
2.908416281463149744e+01,2.921404409208224706e+01,2.884982780140484238e+01,2.873215301507326558e+01,2.999697500012820228e+01,3.042535869362484391e+01,2.964641714278462814e+01,3.039252861134207251e+01,2.892715368794216602e+01,3.044753529178819917e+01,3.017083725460588539e+01,3.024228697318767445e+01,2.929251382306335927e+01,2.964987480812402509e+01,3.016075204670949006e+01,3.071631148002381906e+01,2.894025508530387469e+01,3.017129064569974162e+01,2.922598888473970646e+01,2.930637450408431732e+01,2.918122920441788892e+01,2.994545717461176082e+01,3.040887862100680650e+01,3.037550532085259647e+01
2.909199983186141480e+01,2.945212759147739234e+01,2.861535779989782213e+01,3.001739938056687151e+01,2.930395621025792252e+01,2.995382239254905699e+01,2.853008020768942288e+01,3.035911327322048692e+01,2.855629478085683104e+01,2.852122875099644261e+01,2.874581337657861013e+01,3.015677767368953255e+01,2.913874098986229910e+01,2.974228458780692108e+01,2.915110393068425765e+01,2.925452044059494483e+01,2.943791552206573670e+01,3.103790633285882450e+01,2.909089943309373893e+01,2.937466333600690405e+01,2.895291071885463907e+01,2.991864189625317749e+01,2.989491838844543281e+01,2.913927797200437908e+01
2.773418859191912134e+01,2.898215377344837407e+01,2.882071445139598609e+01,2.832525299568601440e+01,2.881832826204879439e+01,2.976226741023452860e+01,2.864622349652762523e+01,2.952350735809034177e+01,2.954245541399956210e+01,3.022832550778451832e+01,2.944034353855477093e+01,2.900034397583755208e+01,2.978712833751711742e+01,3.013677163160343753e+01,2.931823174664452836e+01,2.965944663180914631e+01,2.983600385363882879e+01,3.099142095973303412e+01,3.059390723620572317e+01,2.976999750349517626e+01,2.934182186625594113e+01,2.970792496592002863e+01,3.024833955867268287e+01,2.947663940083634770e+01
2.929482808671986049e+01,2.887513807765287766e+01,2.991832365121661041e+01,2.834394836963116404e+01,2.973349355584065279e+01,2.800193524258503430e+01,2.891406897436155532e+01,2.970289082484458731e+01,2.936739810396414896e+01,2.874244802421839040e+01,2.943142030799083386e+01,2.916624576824068527e+01,2.899665004441817473e+01,2.889998341566882800e+01,3.000783080986627738e+01,2.927538037049680497e+01,3.029334759536050115e+01,3.209004958796583651e+01,3.366858315770980425e+01,3.191942702792925957e+01,3.214449390770289483e+01,3.087988177478030138e+01,3.069561086507673053e+01,3.013820969383021975e+01
2.869244022592306465e+01,2.980993144740205025e+01,2.857336384715443955e+01,2.926498315497781277e+01,2.767100528459849329e+01,2.870169816920872563e+01,2.879860558802806736e+01,2.919623787889338473e+01,2.930571716118691938e+01,2.882490005240919118e+01,2.948898963178749000e+01,2.918860101632333226e+01,2.944967624533978778e+01,2.955657677871101896e+01,2.988610109503383683e+01,3.025374543561622431e+01,2.929832363573655130e+01,3.339449696103764609e+01,3.271308374696417332e+01,3.278668232209810185e+01,3.112859636712778411e+01,3.068417862001001595e+01,2.978959633050760658e+01,3.138825295130288850e+01
2.904518848388323704e+01,2.779592791498504312e+01,2.851513915325682547e+01,2.941365944292681434e+01,2.898252009059399370e+01,2.965623839186116584e+01,2.924833879896766575e+01,2.915318318429962119e+01,2.880673718183669507e+01,2.835984435472465748e+01,2.834795881874254064e+01,2.930088694764958746e+01,2.862164990429880618e+01,2.925696600407178494e+01,2.914649830675818976e+01,2.888676653123502547e+01,2.915343802277124041e+01,3.148062770294222901e+01,3.096781418361757687e+01,3.034524573189344210e+01,3.005327278217487219e+01,3.053965153389373199e+01,2.925232096305785490e+01,2.961324766989781665e+01
2.963912622319730872e+01,2.823621042744912302e+01,2.871718325384051695e+01,2.839498448516195594e+01,2.914941236141817171e+01,2.885469213783045461e+01,2.951055040751850811e+01,2.987141505805345787e+01,2.877985231900026974e+01,2.849017996747147663e+01,2.945420241680369600e+01,2.859359872132358760e+01,2.922072758187442787e+01,2.838787015394569835e+01,2.949617795925098562e+01,2.898271103342972310e+01,2.932027423929645238e+01,2.932957120840370635e+01,3.046273586252573295e+01,3.047116943090424002e+01,3.003872352189301864e+01,2.967652316626066522e+01,2.951430659268049794e+01,2.848894880116370132e+01
2.851120430401516614e+01,2.888020721503738741e+01,2.798989630895437131e+01,2.812276178819234929e+01,2.729647114891957926e+01,2.839893225642174457e+01,2.882615944740490477e+01,2.835313075615101752e+01,2.965154610571249805e+01,2.842355196200105638e+01,3.031400365229774252e+01,2.911145676159469531e+01,2.962669343701531943e+01,2.932592900708561956e+01,2.913799663927312622e+01,2.849221382322411955e+01,2.979138258799270034e+01,2.929221806681113094e+01,3.059165777230720096e+01,3.014467866637681936e+01,3.059138795161783264e+01,2.931293260490463126e+01,2.950797360727403884e+01,2.953585949558703305e+01
2.838536097336157127e+01,2.968515884032967733e+01,2.771670878357247148e+01,2.890121807297941814e+01,2.810434097204625914e+01,2.937226998977286030e+01,2.790315128709033843e+01,2.930707658321836107e+01,2.918293961048203755e+01,2.847867355235183595e+01,2.942537962960074083e+01,2.952751708096946004e+01,2.779901330790931979e+01,2.989654062266714618e+01,2.890756582225611737e+01,2.952995388364797691e+01,2.851923295054984919e+01,3.079324361270465715e+01,2.891880873249118622e+01,3.070929532180673505e+01,2.860977623833719008e+01,2.986394223656230906e+01,2.940949105384726181e+01,3.037449573877159992e+01
2.844347446117677691e+01,2.982053563668802099e+01,2.770761895744828962e+01,2.790330722105420591e+01,2.767304838497653918e+01,2.963648264587931180e+01,2.822258967303883992e+01,2.894648879136974529e+01,2.863213505906952605e+01,3.006520930892878596e+01,2.832476256796451253e+01,2.958469187227859720e+01,2.842521469724982808e+01,2.943882395616668646e+01,2.939867791903139960e+01,2.932516999861837803e+01,2.822093645404629569e+01,3.073034313484163249e+01,2.943016600801416871e+01,2.968791784971824654e+01,2.948553087035685394e+01,2.996802373986702150e+01,2.929044393324971907e+01,2.991535042280821699e+01
2.903786466364579155e+01,2.744836667100884142e+01,2.722329718289074663e+01,2.736863728764859616e+01,2.879489212754708660e+01,2.890055251370421274e+01,2.926865657629184625e+01,2.776500372191463839e+01,2.883823739343296211e+01,2.872719658583827140e+01,2.911908420515976559e+01,2.950268165880919469e+01,2.841958462276477348e+01,2.994321585457839774e+01,2.914371119022013090e+01,2.933647450650869359e+01,2.871670666227663560e+01,2.871466240711180262e+01,2.900945843216123876e+01,2.880878635859903625e+01,2.947663529399136451e+01,2.945904029500616161e+01,2.932514009864280524e+01,3.022523371168227868e+01
2.975730824974800726e+01,2.784275993939894533e+01,2.907287963309295264e+01,2.705660904011728007e+01,2.908580634268639642e+01,2.904285293957286740e+01,2.951751756449101549e+01,2.795809866784912856e+01,3.007277976681132259e+01,2.892262603185417902e+01,2.873121734989882725e+01,2.864359355987448907e+01,2.941282193467736761e+01,2.890118403571659655e+01,2.976780245384452428e+01,2.902148836630243522e+01,2.993502669140923445e+01,2.878298965862268233e+01,2.947629951819828875e+01,3.018426220698086127e+01,2.911579818681900633e+01,2.917126562823204949e+01,2.886963734144552518e+01,2.996378174831579599e+01
2.798720343938003907e+01,2.811415116287963656e+01,2.712547216254279192e+01,2.808405895102254135e+01,2.755059869645856452e+01,2.903183180840318300e+01,2.980819893570532031e+01,2.964880046112313039e+01,2.929736363270069432e+01,2.855888233806541621e+01,2.872977234839834182e+01,2.959640372230967387e+01,2.740613692500704701e+01,2.974226807824692287e+01,2.750462876594485806e+01,3.010585889204895693e+01,2.916945221500560592e+01,2.907147565557340840e+01,2.885430037693515715e+01,3.082529583063319478e+01,2.908557513928940352e+01,3.007965314252868438e+01,2.846648694153583392e+01,3.046807132830412002e+01
