2.587572200294425784e+01,2.918233889441421525e+01,2.723406918723588888e+01,2.898178509876089493e+01,2.822280785180822704e+01,2.794757104276897053e+01,2.890896077852022472e+01,2.925495577951437554e+01,2.816485932945715831e+01,2.942534998835623128e+01,2.666098259961239592e+01,2.814247405756367471e+01,2.780082332258740507e+01,2.885191968683710684e+01,2.852944958927258767e+01,2.798003704313856588e+01,2.822043602169156884e+01,2.836864725182124403e+01,2.867873163200937370e+01,2.991898230759124999e+01,3.035960244944647002e+01,2.915489939976657752e+01,2.884596945977398263e+01,2.855259412420895160e+01
2.855566710751691062e+01,2.786729351492294882e+01,2.838092299753651560e+01,2.721014532324392121e+01,2.832272933367090673e+01,2.742859542654213101e+01,2.856034571969172475e+01,2.816823871592379191e+01,2.842947124861001384e+01,2.806337576383674559e+01,2.837299337536637722e+01,2.654190811744592793e+01,2.892305000692476824e+01,2.828393267544709033e+01,2.865836707013238538e+01,2.724342232782259998e+01,2.966082819543686355e+01,2.906445173010479266e+01,2.899938330216241411e+01,2.795208572840715533e+01,2.815785115145877171e+01,2.872167934681760926e+01,2.893466736014914886e+01,2.816928780051091508e+01
2.641442935937681114e+01,2.786476228836278324e+01,2.750075381534281860e+01,2.929701140790297131e+01,2.670712585079155588e+01,2.886293357621724454e+01,2.763882313015147929e+01,2.992168380131209915e+01,2.756016198845634335e+01,2.832189939999278749e+01,2.795929821862426934e+01,2.826078431953288828e+01,2.841403698789901000e+01,2.910642949228383713e+01,2.705020490382986509e+01,2.914117910776690223e+01,2.771816509916902760e+01,2.903133177286127875e+01,2.686213553668682152e+01,2.963304702667539914e+01,2.791719153684584853e+01,3.106922357097909071e+01,2.676088962974318974e+01,2.948639867564622818e+01
2.786383128878850357e+01,2.775709732728381596e+01,2.840505954541646361e+01,2.647379850979808680e+01,2.903988873582369479e+01,2.757543110624635574e+01,2.983223833709371320e+01,2.825995606815649808e+01,2.893862462777440214e+01,2.740979691758622039e+01,2.866745019994402810e+01,2.732020584259993257e+01,2.856206224328144572e+01,2.687559703070894557e+01,2.969216387947454905e+01,2.796650007974540131e+01,2.888113394445599624e+01,2.878580496030656377e+01,2.919585525316642816e+01,2.888701425706580039e+01,2.951891719193849895e+01,2.727518447555536341e+01,2.848933065600306236e+01,2.642017109955480691e+01
2.696496807083212843e+01,2.834960494179676971e+01,2.823981397416997652e+01,2.715186211747322886e+01,2.780768215994834236e+01,2.818611684383159854e+01,2.817050314242356990e+01,2.868265019005764316e+01,2.732237945148028757e+01,2.860501838944043129e+01,2.847542637156254841e+01,2.842486554895668860e+01,2.891782571240446487e+01,2.831391984920617233e+01,2.765146215114117467e+01,2.800539467980462405e+01,2.795001057164336089e+01,2.789898791401253675e+01,2.747440320321584295e+01,2.953195792497331240e+01,2.849770105733773562e+01,2.923945380654760129e+01,2.792229930866722043e+01,2.876317168257537560e+01
2.803793654234175392e+01,2.742651310708794199e+01,2.812421176798557099e+01,2.756714643351267569e+01,2.860421950165579119e+01,2.765049434775153259e+01,2.927281298952783573e+01,2.742047773961149915e+01,2.884305855321554191e+01,2.778743011759036108e+01,2.826019167583569924e+01,2.774236029258997860e+01,2.861749687047927182e+01,2.795614830725725142e+01,2.864900362034410364e+01,2.738896846291049769e+01,2.860881954853505249e+01,2.699015965056588584e+01,2.758302952748744019e+01,2.842450473912748521e+01,2.807565485225643442e+01,2.729423056061591524e+01,2.857712772572494941e+01,2.830355215587286466e+01
2.741502131097229267e+01,2.778402358306476572e+01,2.755153991510792366e+01,2.872673412092484568e+01,2.698960547955994116e+01,2.851353557593438381e+01,2.671891928977731823e+01,2.876176679403783965e+01,2.840296193067678132e+01,2.812552506376545125e+01,2.667763494358456455e+01,2.874757554995278497e+01,2.779815120159372555e+01,2.878478176539846345e+01,2.857625620064527538e+01,2.933636912509416561e+01,2.775545081690120242e+01,2.909811838217439117e+01,2.918548935386382936e+01,2.941800956310441961e+01,2.797555231117848962e+01,2.865618717058606535e+01,2.750299457719455631e+01,2.827111273697988736e+01
2.804847636828446866e+01,2.730944404134464776e+01,2.908399621072288710e+01,2.814432784716086644e+01,2.870802595278689751e+01,2.733753354550481163e+01,2.962061565006695218e+01,2.785574972502291757e+01,2.827255708294700298e+01,2.745215222807581767e+01,2.840516263064967006e+01,2.791786968450685436e+01,2.890470814535080990e+01,2.791176753748987949e+01,2.912421651282909352e+01,2.793847927351367844e+01,2.910187150023506319e+01,2.896104262101516724e+01,2.922470262812100827e+01,2.801429799033883228e+01,2.839568346088202588e+01,2.773851690233146883e+01,2.916053883899667198e+01,2.851850970030181998e+01
2.841457875665059873e+01,2.839031629211098107e+01,2.791898564069714439e+01,2.814858649602939522e+01,2.852334933421269625e+01,2.847799215631152947e+01,2.699325455559068132e+01,2.840925260955765452e+01,2.876184359669582591e+01,2.836196896930243838e+01,2.679584503313992627e+01,2.813213713048338604e+01,2.842276493259953440e+01,2.903904334948231281e+01,2.802965340711330100e+01,2.865732657489780877e+01,2.839566612119870115e+01,2.936086180120491917e+01,2.852236585603412777e+01,2.916775867909660747e+01,2.874535482296596456e+01,2.923021615557377118e+01,2.833442714540910856e+01,2.870161312799689313e+01
2.931443003121387392e+01,2.837069605902001967e+01,2.891776109255437177e+01,2.728237883274357500e+01,2.808092381142012073e+01,2.758197906781282427e+01,2.822899097939028934e+01,2.774795049591790530e+01,2.829996909017125972e+01,2.802771870591698189e+01,2.871169034368796247e+01,2.787724344456722747e+01,2.899445648880526960e+01,2.818349186582008770e+01,2.830415364738382777e+01,2.752155359789645672e+01,2.777553851552238484e+01,2.750162393972209429e+01,2.872779996887896914e+01,2.806061278886494392e+01,2.844826260986832267e+01,2.828648688838114822e+01,2.994015406153255299e+01,2.776323947266990899e+01
2.690963843629339181e+01,2.845342531502888050e+01,2.778830277678747507e+01,2.795244651814408599e+01,2.802458878141140985e+01,2.827018257211830132e+01,2.813915052847403331e+01,2.791870911885820306e+01,2.746735294546846262e+01,2.842301837403471154e+01,2.740687087856792914e+01,2.882774180123016095e+01,2.795708644304767176e+01,2.952432855617553287e+01,2.816522782639856359e+01,2.922748560281235086e+01,2.791915080108441316e+01,2.915692378280471075e+01,2.806944966548309139e+01,2.897954493207578253e+01,2.843740677768056457e+01,2.956242070947814682e+01,2.811446412370378312e+01,2.881142625485819053e+01
2.760566885862357367e+01,2.793115253053485958e+01,2.916683063282880539e+01,2.668545242078630508e+01,2.899479157064513402e+01,2.782219140998068951e+01,2.840799866631721216e+01,2.761443507759264548e+01,2.837282690760980586e+01,2.845901513941197436e+01,2.896290139115467355e+01,2.804265113891773353e+01,2.819128121260393982e+01,2.728069928391983012e+01,2.885565380913533318e+01,2.790048522747594006e+01,2.852138611556512160e+01,2.821761804066397872e+01,2.909162173514846472e+01,2.812854089739391839e+01,2.908548472037091415e+01,2.812769960093925192e+01,2.873101306200453564e+01,2.851727845911722170e+01
2.721424267864631474e+01,2.835058121198250092e+01,2.726486477863528535e+01,2.797207181811728560e+01,2.762386455169729516e+01,2.851278998674757759e+01,2.769239517048470134e+01,2.802332005555081196e+01,2.793536234962761000e+01,2.822829776497212606e+01,2.798313854104986831e+01,2.909749445397312684e+01,2.832839684760091359e+01,2.792791151655609383e+01,2.845201303213781330e+01,2.887789293149569403e+01,2.842101214581526847e+01,2.900542415708576982e+01,2.865779394612326314e+01,2.826963748259777276e+01,2.819758346135029115e+01,2.916542789132870439e+01,2.828202557302267905e+01,2.863422885191806699e+01
2.857721274472612549e+01,2.767539767473164147e+01,2.738738424063876664e+01,2.779975837815209161e+01,2.825226783062748837e+01,2.775492965108503540e+01,2.818628763348249322e+01,2.810046996340770420e+01,2.885104474906677297e+01,2.822433074523291907e+01,2.884710429134014475e+01,2.757082987458107937e+01,2.834282472706428280e+01,2.744545043456656686e+01,2.861697823156424647e+01,2.836355049638672199e+01,2.859078047283298929e+01,2.811050061836027680e+01,2.891447230387075251e+01,2.827782662078652720e+01,2.895431752231388600e+01,2.741744823008809817e+01,2.850382139394815795e+01,2.784913347388453531e+01
2.673302671103886041e+01,2.899155863975386183e+01,2.741736619273376618e+01,2.918552233686926911e+01,2.769553877993394053e+01,2.797159233516651966e+01,2.711328774734857916e+01,2.877316131262813315e+01,2.796054158525862476e+01,2.888978145810136766e+01,2.707756529127317435e+01,2.975374570108448324e+01,2.724352658990693499e+01,2.943974160559150732e+01,2.775761670468023112e+01,2.879320657292504393e+01,2.818737236844532390e+01,2.928277250772873685e+01,2.879760351706937627e+01,2.885285107645802327e+01,2.856023299943137772e+01,3.002000205413622780e+01,2.770396346079718342e+01,2.891974067245024571e+01
2.854176780491400223e+01,2.765994682742706345e+01,2.786910356029540026e+01,2.757082056650079949e+01,2.896780943076083759e+01,2.832181712879958013e+01,2.789068522346917689e+01,2.730972428954618181e+01,2.920544142769693963e+01,2.875311176124887425e+01,2.890952168706212433e+01,2.768898745905670467e+01,3.026252609411358208e+01,2.819897052771943891e+01,2.851425785328422080e+01,2.859097173475367981e+01,2.840486944410156411e+01,2.815960700593274169e+01,2.922599683278252769e+01,2.808913695272491395e+01,2.963336209237024832e+01,2.817986694078626897e+01,2.932577011636010411e+01,2.892845607708028410e+01
2.767144028141024137e+01,2.690622911670686790e+01,2.841390762115952384e+01,2.800788187137879959e+01,2.851217029120238067e+01,2.756984690610630651e+01,2.844988636131853355e+01,2.802694295753474307e+01,2.785068188700728342e+01,2.846234460490899210e+01,2.854261761430001343e+01,2.865813116053027443e+01,2.830826843212054200e+01,2.923560949179108093e+01,2.768799718842097946e+01,2.859302406481259595e+01,2.821587309411978595e+01,2.849109781441433142e+01,2.853255960757934417e+01,2.864490578016182099e+01,2.864037404546496646e+01,2.888859175727725415e+01,2.780913834460346834e+01,2.885617276609031023e+01
2.792334586626174087e+01,2.780720608960382378e+01,2.804857374345220933e+01,2.752909964774107721e+01,2.779121830684505312e+01,2.834343814602050315e+01,2.815396399853784715e+01,2.776127315767200798e+01,2.861874069195914672e+01,2.865626020108027205e+01,2.877169189515012704e+01,2.784256029034281710e+01,2.851564132088907400e+01,2.856988943441479023e+01,2.918707258915031844e+01,2.824003566704180912e+01,2.798456282406061746e+01,2.798602090602179260e+01,2.855521253463388121e+01,2.827782662078652720e+01,2.865421466508058757e+01,2.866173235539525876e+01,2.832646269421906027e+01,2.789030305114442854e+01
2.734226301820586968e+01,2.823718815599664822e+01,2.759073680925143890e+01,2.842085632511657423e+01,2.767429175103262651e+01,2.884438926862941344e+01,2.750564843246098690e+01,2.862000612111080500e+01,2.707942548562829188e+01,2.868112798715429790e+01,2.778019603751295108e+01,2.836787258388261534e+01,2.779640901259460861e+01,2.850057821957807391e+01,2.777136219899500702e+01,2.930525014584480914e+01,2.782425777417074642e+01,2.937289246961785238e+01,2.852548804772129643e+01,2.937787567935021116e+01,2.800998404041052936e+01,2.845964314084113767e+01,2.755197553848302050e+01,2.928715240291290911e+01
2.711737858802524670e+01,2.786026558958218402e+01,2.882289729791909849e+01,2.815263650089093517e+01,2.745306599155884442e+01,2.791374730099437329e+01,2.822096448344848341e+01,2.779646695092094433e+01,2.885185497075417516e+01,2.888705095725475758e+01,2.960165125388715524e+01,2.916849381481875980e+01,2.821809194945910804e+01,2.841395592357247324e+01,2.975056637336228960e+01,2.851414983156502103e+01,2.819391390221801430e+01,2.809004223251218946e+01,2.830767980871587497e+01,2.804210510769451048e+01,2.928725757824486209e+01,2.832931566131895806e+01,2.947309898986117105e+01,2.871063982432633566e+01
2.733567657736750789e+01,2.713910880041242990e+01,2.766941814929077736e+01,2.817516120557826298e+01,2.802229800406234972e+01,2.868267885298860165e+01,2.830365032183181029e+01,2.978672656625002446e+01,3.128434775996305461e+01,3.249543195007578333e+01,3.016069205928567953e+01,2.892556808299491422e+01,2.757865158193447996e+01,2.851574609074344835e+01,2.792223018508769883e+01,2.867547485019065334e+01,2.719153432473206067e+01,2.865118326377506719e+01,2.868210616733477991e+01,2.862530000577612554e+01,2.906750609326428503e+01,2.881689550873204553e+01,2.788143253810386568e+01,2.818610196122381240e+01
2.794433014231805146e+01,2.743347096685994302e+01,2.768354813302630646e+01,2.719508758082798749e+01,2.841862344450282762e+01,2.742499158108887514e+01,2.892779138074138245e+01,3.046888454738342489e+01,3.280478274140187978e+01,3.328539749520263058e+01,3.213076850443917465e+01,2.825700289541714483e+01,2.837859037311341126e+01,2.840451404223796317e+01,2.807583872441563244e+01,2.825471737082330037e+01,2.810337091413543931e+01,2.745683686703836202e+01,2.850497715537397880e+01,2.834331390167005793e+01,2.876092465313649882e+01,2.773558813305146487e+01,2.913084593044487747e+01,2.833993792260821465e+01
2.646059491633894822e+01,2.928638875004725151e+01,2.781879457806320488e+01,2.776253459508166088e+01,2.788046719569564402e+01,2.869326288545346415e+01,2.994336223627806248e+01,3.379864990373778255e+01,3.324531176698894797e+01,3.444162052133339103e+01,3.257428000450914851e+01,3.212486369410771658e+01,2.926769755536020057e+01,2.949859530525355922e+01,2.842211200054276787e+01,2.920040196749721417e+01,2.834603562622970685e+01,2.965123668877032515e+01,2.758858543746686109e+01,2.839221233268546030e+01,2.840992674345176283e+01,2.888140633153960835e+01,2.736939159907268504e+01,2.881452886878327035e+01
2.747574418131500806e+01,2.678017814495592575e+01,2.818763682646391544e+01,2.811220137403967101e+01,2.839558471335095646e+01,2.793715039837138647e+01,3.071028761907115268e+01,3.279807772328939564e+01,3.412882028942163970e+01,3.362628624547926393e+01,3.296457239720200505e+01,3.164710241892424847e+01,3.059716981338402775e+01,2.931855348647775372e+01,2.931012232218273539e+01,2.934265621306496996e+01,2.871940771840814932e+01,2.857450610771513766e+01,2.956409025582786398e+01,2.825074607402967786e+01,2.876971170318438453e+01,2.884761498898456011e+01,2.846464015257487290e+01,2.802492661515401551e+01
2.742336176854183805e+01,2.863904160488709749e+01,2.753896080426000026e+01,2.825623870607245181e+01,2.914174509224147869e+01,2.980045929770722068e+01,2.957577790936329620e+01,3.280871875702342777e+01,3.224548614874771602e+01,3.365068267960810999e+01,3.124018663399493789e+01,3.231159168857618624e+01,3.161102727235163456e+01,2.986503254266756358e+01,2.891320424110296017e+01,2.915921382777327153e+01,2.823081480420398748e+01,2.904195243144874894e+01,2.846627971141396074e+01,2.906179334721662144e+01,2.821770791195154970e+01,2.851447687096299433e+01,2.790535431182939874e+01,2.940208387726738692e+01
2.755947338196841656e+01,2.786155744931556910e+01,2.813115849937724988e+01,2.800668615733047773e+01,3.134601507387174024e+01,3.102017052091150617e+01,3.036484860919500761e+01,3.141802059377101841e+01,3.433021828112214280e+01,3.229521164843214365e+01,3.214918280299417574e+01,3.298775782147180280e+01,3.210847857735035404e+01,2.973394123897071495e+01,2.891674913169941874e+01,2.909400934915453263e+01,2.926047824974898504e+01,2.839887438026642030e+01,2.882076785172824884e+01,2.847091077450733110e+01,2.762382006409904989e+01,2.724372554920410039e+01,2.817458774599583649e+01,2.789293339034850305e+01
2.747717219050588255e+01,2.895055190047725091e+01,2.845636989645407766e+01,2.958879094774084706e+01,3.180252523511137497e+01,3.260187037281838229e+01,3.293255381483493238e+01,3.278648000675667618e+01,3.220536991272086880e+01,3.368174899569351055e+01,3.275921580811387912e+01,3.366217268442437671e+01,3.030224889513158359e+01,3.193263911614661765e+01,2.981358436309091076e+01,2.969990948058807589e+01,2.812412520123888271e+01,2.907432396053155799e+01,2.851558834839966039e+01,2.899532371029238220e+01,2.789322120171158303e+01,2.872164448927946978e+01,2.812730807682333989e+01,2.953141079292555560e+01
2.779697327277693830e+01,2.752340081356499013e+01,2.925927111455575869e+01,2.789706204829309399e+01,3.244736268774317978e+01,3.149696989285462223e+01,3.356194956573904165e+01,3.227217003972094744e+01,3.371594419735220072e+01,3.317511503087223446e+01,3.405869183706312242e+01,3.340122903574030033e+01,3.193590844587623678e+01,3.039472372949609280e+01,3.086787657074427216e+01,2.930923348684444818e+01,2.995690265805285435e+01,2.911526469803567352e+01,2.928781290269859028e+01,2.898841512828937539e+01,2.900489214216571554e+01,2.888082745789927230e+01,2.923334719441061225e+01,2.874676335617863288e+01
2.761758528055236184e+01,2.853974075646289066e+01,2.910991515403384255e+01,2.861592459278972456e+01,3.036627886931444209e+01,3.005668759936838796e+01,3.004758952115042803e+01,3.072220608525896068e+01,3.092123627660265583e+01,3.192396214485313521e+01,3.055992910865597878e+01,3.158591371691619543e+01,3.135501623740475452e+01,3.069360145698789211e+01,3.034167053470508790e+01,3.063404652517010618e+01,2.914342156360282843e+01,3.033421267466644622e+01,2.884781272157869125e+01,2.793116065978051665e+01,2.970265947072209656e+01,2.856997402628883265e+01,2.807133488529774468e+01,2.889681577047508654e+01
2.650196079924307924e+01,2.685054931759754027e+01,2.843848105186276598e+01,2.876365936028474835e+01,3.095807799478700417e+01,3.162667918340019924e+01,3.047651156014666185e+01,3.033641931391724711e+01,2.960470199010711667e+01,3.042169787687674898e+01,2.986810909544851711e+01,3.080583772383988617e+01,3.083676429955380627e+01,3.010558510057825288e+01,3.063780290254038619e+01,3.026208765346899554e+01,3.023975920300466669e+01,3.023721158838026213e+01,3.057549990992885114e+01,2.940362459691141339e+01,2.868385712827165435e+01,2.783585802822813093e+01,2.915861916850360558e+01,2.770705892220985334e+01
2.571679534537685186e+01,2.956269567837853174e+01,2.921471755838331319e+01,3.050040787992969626e+01,3.031823509254746796e+01,3.263772683530277163e+01,2.980042739874164681e+01,3.077413994336313863e+01,3.033014083405862493e+01,3.123179041807765088e+01,2.957621272245836508e+01,3.008225012146050403e+01,3.023909053033884220e+01,3.071280946483972230e+01,3.202081610541557666e+01,3.288177574840057105e+01,3.222443049499651124e+01,3.329346012846428948e+01,3.098900250514367372e+01,3.147701445916646890e+01,2.962765722562158999e+01,3.034357347970734509e+01,2.851169588112190922e+01,2.912710485689211737e+01
2.846022924701424017e+01,2.698455506447430707e+01,2.899962779905553134e+01,3.057607799573469265e+01,3.132634684661775282e+01,3.068512182941731226e+01,3.117590272589512779e+01,3.013451257780093329e+01,2.997596092728520034e+01,2.817432099933114387e+01,3.043020653807832332e+01,2.942290859763727440e+01,3.028915368949412823e+01,2.996027430601964170e+01,3.208046734131630728e+01,3.295254280421386284e+01,3.408731516317942578e+01,3.237257824745262269e+01,3.148454114014822380e+01,3.193647212072073671e+01,2.983538178472127811e+01,2.992876008024774137e+01,3.045790136335580200e+01,2.986214323062114318e+01
