2.929961123439568382e+01,3.047040407271009599e+01,2.883702146611267381e+01,2.941428673179802900e+01,2.988909625740029696e+01,2.944766386580187145e+01,2.971620807583997248e+01,2.851337049311268856e+01,3.017078143937112600e+01,2.949694412383934150e+01,2.958876341709230928e+01,2.933505983531233596e+01,2.960721864136019121e+01,2.984519353539991471e+01,2.903674407872796337e+01,2.962765741588913215e+01,2.935416173283266517e+01,3.087987568601289468e+01,2.980627802880729860e+01,3.041435721023771066e+01,2.979225536219837522e+01,2.909225634981140729e+01,2.956987566709369730e+01,2.933324184009006785e+01
3.008086193550735743e+01,2.835800008877026812e+01,3.051796477934107088e+01,2.959542654440855358e+01,3.002326869855659197e+01,3.007218280798417709e+01,2.875073885176556132e+01,2.792352199044131567e+01,2.956674037575555758e+01,2.921391628162581355e+01,2.915183785495156599e+01,2.819612308148759894e+01,2.976632627250393170e+01,2.910047092229990540e+01,2.989449052590646261e+01,2.933125270908715265e+01,3.022547022041618447e+01,3.004950262978871933e+01,2.888416903284627324e+01,3.000588710664464998e+01,2.949484427041335266e+01,2.984304039850934487e+01,2.997185662546542062e+01,3.018412212635956848e+01
2.722413596370404321e+01,2.974063051798418655e+01,2.819750552178999214e+01,2.887691699573559845e+01,2.959941827325673103e+01,2.976675822418189910e+01,2.837337328720491314e+01,2.988928980105947630e+01,2.940786607645907225e+01,2.916482751656434402e+01,2.863054564078572639e+01,2.957509104553190582e+01,2.747951398399555956e+01,2.903272460934243782e+01,2.917708438828026374e+01,2.948730767746491210e+01,2.919484364062196846e+01,2.929173954720960182e+01,2.979341572165873231e+01,2.966241776320549661e+01,2.975092096664275232e+01,3.055676110941999468e+01,2.854191704938028806e+01,2.902472344581985908e+01
3.098065318868646045e+01,2.990242541327097570e+01,3.012368588655817803e+01,2.847058367393253775e+01,3.015070158233618258e+01,2.804781460579812347e+01,2.975577385795821783e+01,2.928211161903936954e+01,2.939191726916345715e+01,2.870958434792953540e+01,2.959318199239606884e+01,2.925509116294995238e+01,2.972898010513216605e+01,3.001034325525347413e+01,3.044048956753408675e+01,2.951213647201331014e+01,3.020962664277919885e+01,2.914167222561957260e+01,2.986744836695407912e+01,3.060157247197054176e+01,2.927767041805725512e+01,2.938348059725916528e+01,3.030160317942636539e+01,2.873467988889268554e+01
2.867842535138896665e+01,2.876046095815121362e+01,2.982300705578381894e+01,3.029386681850485274e+01,2.903932016018654849e+01,3.009396071811409001e+01,2.855511069814929215e+01,2.874951906584971084e+01,2.872232583371044257e+01,2.987084090172822926e+01,3.007089044356268914e+01,2.969511623393805166e+01,2.941515808250875352e+01,2.979665447181758964e+01,2.872172835429347515e+01,2.913949021094077807e+01,3.049703674724207758e+01,2.898875116842583566e+01,2.982872098985592402e+01,2.922510871584830738e+01,2.902338789551833997e+01,3.001631544094686888e+01,2.939325781588064501e+01,2.967867939402282218e+01
3.047720462845387601e+01,2.941239556835529356e+01,2.974623647239349111e+01,2.877678601141360559e+01,2.807889933890584189e+01,2.916079223021091593e+01,2.942717731275320148e+01,3.015243966196572956e+01,2.910588120859932815e+01,2.902018019370666480e+01,2.935987399302030099e+01,2.791919760893625835e+01,2.897696776808766117e+01,2.961417249545280583e+01,2.920316219351542486e+01,2.922952858089701067e+01,2.950959218734391243e+01,2.902392042272839490e+01,2.958486829742361124e+01,2.986380949623713832e+01,2.986330143985497898e+01,2.926542163104284100e+01,3.006760060178902449e+01,2.750448279793124584e+01
2.917819536450474516e+01,2.958021653757117519e+01,2.876593176351434522e+01,2.978406819356951019e+01,2.909644437568204012e+01,2.906935047765045965e+01,2.906880742281600760e+01,2.945383692743109805e+01,2.911297540681141527e+01,2.960181260272747750e+01,2.925685802698933458e+01,2.989188812536281148e+01,2.856670862009139000e+01,2.958724758700003576e+01,2.973081543901116675e+01,2.943658320389084793e+01,2.923238497792226553e+01,3.004622359858876735e+01,2.917659667155550096e+01,3.070138477109856012e+01,2.939923733466076783e+01,2.992214654900914184e+01,2.903523603326038938e+01,3.025095110820444688e+01
2.920566423109221432e+01,2.850432064322257020e+01,2.970241797949267948e+01,2.900618483537601833e+01,2.927616489929852150e+01,2.854771527121772579e+01,2.953607430681802271e+01,2.911467128098581725e+01,2.937497828434442226e+01,2.912561715382122429e+01,2.848874585277457072e+01,2.908459947789981470e+01,2.879979109167169327e+01,2.889692162915002882e+01,2.921713954281034376e+01,2.839569112798665174e+01,2.917142266747509893e+01,2.849174571250676991e+01,2.887738794378066132e+01,3.024105719782517099e+01,3.002435128937952413e+01,2.920218255026412635e+01,3.090944446560746428e+01,2.971099218074868986e+01
2.880097868184958543e+01,2.948308798141670195e+01,2.965251191465972624e+01,2.900357782834026921e+01,2.995003612505598767e+01,2.903689654805441478e+01,2.919827514325845641e+01,3.028672098956309355e+01,3.062772776614349368e+01,2.852156549000648056e+01,2.853182773994126364e+01,2.870635206565924591e+01,2.949324059737097059e+01,2.930580417282305916e+01,2.873060998797615184e+01,2.871548852289259912e+01,2.945191064637538148e+01,2.892136794620336104e+01,2.867852270910191237e+01,2.867720745345724254e+01,2.988777064168607467e+01,2.951623148741168734e+01,2.975009148648200608e+01,3.036514156482365934e+01
2.994651534277517158e+01,3.045619110377953120e+01,2.871221010311234068e+01,2.885697757215308457e+01,2.936531451580071916e+01,2.887214488456743311e+01,2.921331805794972070e+01,2.979594335910172731e+01,3.018919042248506912e+01,2.906326046155555787e+01,2.924330146201282332e+01,3.012026321558818154e+01,3.009939107497984878e+01,2.861201047387589824e+01,2.956636885134616932e+01,2.896143136901577009e+01,2.902926024515761583e+01,2.893437275081788584e+01,2.977530625771629502e+01,2.892454515963805761e+01,2.980000522874985336e+01,3.016101068875491364e+01,2.917993331453664041e+01,2.922484074471321946e+01
2.859612288467474173e+01,2.957139888569321329e+01,2.915398538600072698e+01,2.993890227727143838e+01,2.928720814854909804e+01,2.973268824435490387e+01,2.864174510822266484e+01,2.949988754595432283e+01,2.901701081376984348e+01,2.914404501138005799e+01,2.950087492123645916e+01,2.924692372626816450e+01,2.836832904415382473e+01,2.996574095529069837e+01,2.926861264756922765e+01,2.985211354187339339e+01,2.898874586231670492e+01,2.989920234362347173e+01,2.878491091556827541e+01,2.987904078813340902e+01,2.871159260002036717e+01,2.985876052972508887e+01,2.865914522693748268e+01,2.976682611137601953e+01
3.011625013071045487e+01,2.848027641287717415e+01,2.978342084704723902e+01,2.943966851400307405e+01,2.973051464073284933e+01,2.913490275588236500e+01,2.939148050617427543e+01,2.915384970657498798e+01,3.027496322015139185e+01,2.936494127813915611e+01,2.921089353867915861e+01,2.848337272744100801e+01,2.897319954138333742e+01,2.974189161258033209e+01,2.963327812392225269e+01,2.868481683330310261e+01,2.996557181353608712e+01,3.066268265534705506e+01,3.066086058592662766e+01,2.971565996819850852e+01,2.944024083073020392e+01,2.919019555733751758e+01,2.968098487720146750e+01,2.968340301861513808e+01
2.935648392311657062e+01,2.959326323148565052e+01,2.926069925948183936e+01,2.873709977188025277e+01,2.947351512764657855e+01,2.919262068076557171e+01,2.959713723943724517e+01,2.913859823249526926e+01,2.850849921509319529e+01,2.985993490161979480e+01,2.975250221719363708e+01,2.975308137092770266e+01,2.982342091217492452e+01,2.897114225296058976e+01,2.928259280398742703e+01,2.844612774970130431e+01,3.022012833649210961e+01,2.969086486665702296e+01,2.941770667780980375e+01,2.974362985752122768e+01,2.923568191391728988e+01,2.936937025604561313e+01,2.998499829326266308e+01,2.951037972325661940e+01
2.936436805914104298e+01,2.982377329034380864e+01,3.032593331913250267e+01,2.892097908245068538e+01,2.960040363111198758e+01,2.875158469089495838e+01,2.853557549965472617e+01,2.916787055705259490e+01,2.863301992995098999e+01,2.967382170064246338e+01,2.929723504322009831e+01,2.952636993925227671e+01,2.903910668146272656e+01,2.944350174235762552e+01,2.961324717976242482e+01,2.969860640402333729e+01,2.989989819424795314e+01,2.957604468613749304e+01,2.955657181230293418e+01,2.907569581403640768e+01,2.916580614793673476e+01,2.934213941759531963e+01,2.916586127447533272e+01,2.939431136763170116e+01
2.984255083439194323e+01,2.941492371377347581e+01,2.902962793668615404e+01,3.046908460296987187e+01,3.009550910433864601e+01,2.934154395410263305e+01,2.848927729825487631e+01,3.018320512890380769e+01,2.905179587924391171e+01,2.985123150344583109e+01,2.854352730736115973e+01,2.911000303897094454e+01,2.920428659488948142e+01,3.043297310884878470e+01,2.939108603187605695e+01,2.962016633929533782e+01,2.963249871448596195e+01,2.993107460682745113e+01,2.971235776275761964e+01,2.944094456913518343e+01,2.890694537748487392e+01,3.074168990492023568e+01,2.975531662270174138e+01,2.993526044583535395e+01
3.028349026491645191e+01,2.942263194869656218e+01,3.042422228418263330e+01,2.922166698459284362e+01,2.926427954898861117e+01,3.003057680219382064e+01,2.980364561280333646e+01,2.992120981880549380e+01,2.933182041685790864e+01,2.939370658811145631e+01,3.037661886472909600e+01,2.966861433674279169e+01,2.966600871320628130e+01,2.921117645876091728e+01,2.806794003815889482e+01,2.946938446427509462e+01,2.986617731042611013e+01,2.980484777944712960e+01,3.001972830507753542e+01,2.937869585612162382e+01,3.019053034996602491e+01,2.926563883375979458e+01,2.995107125632443967e+01,2.940381670753322396e+01
2.982891278261189427e+01,2.949387552141507740e+01,3.023396971253373522e+01,2.951644991685958530e+01,2.920486856109448581e+01,2.966878463441349822e+01,2.869263671730635679e+01,2.914542987921976192e+01,2.979507090190361396e+01,2.945997093987506332e+01,2.983699617614632871e+01,2.950909553761511006e+01,3.027964961465465876e+01,2.949838845191749215e+01,2.918676938863353598e+01,2.932551286581661998e+01,2.967462479516785834e+01,2.982378637252077169e+01,2.915060970248606509e+01,2.963710808926867912e+01,2.886990998992001778e+01,3.016868773778577406e+01,2.882985631035512597e+01,2.976329992243887546e+01
3.028570182920043408e+01,2.904457793726783166e+01,2.968964127718550117e+01,2.971797742874076675e+01,2.933836010792134630e+01,2.936770175156891582e+01,2.908757335212158068e+01,3.021418731108565225e+01,2.944832989819263958e+01,2.949414241628352329e+01,2.861813749178401167e+01,2.916829091722524936e+01,2.970067756538111325e+01,2.928308528037848646e+01,2.925870433503564527e+01,2.894444418795620777e+01,2.914934698154797843e+01,3.012029982634498992e+01,2.984761274449601842e+01,2.974097368894757665e+01,3.025441471667795668e+01,3.007610420594335210e+01,2.969637679086724802e+01,2.997549847593040795e+01
2.986105886270934207e+01,2.981159934404905698e+01,2.976045434834907155e+01,3.023696116131378631e+01,2.918158533419773448e+01,3.055955808697285647e+01,2.889736549788443654e+01,2.969843897649820974e+01,2.951620159697642976e+01,2.995469055102961420e+01,2.954132428883775674e+01,2.998216891542830354e+01,2.960332125601928510e+01,2.983294078505707603e+01,3.006152120206547806e+01,2.998540786940759517e+01,2.959583015062617051e+01,3.031752190982467710e+01,2.963531133096711301e+01,2.981569741147694685e+01,2.956459443542860299e+01,3.090843625904528835e+01,2.979652167925252115e+01,3.048837595916188548e+01
2.865600685536315950e+01,2.826817463835305944e+01,2.991786255869902789e+01,2.963367057248342462e+01,3.038273659623718004e+01,2.890145328422391913e+01,2.978771979857680208e+01,2.870661006601511644e+01,3.029431276139632701e+01,2.983876782604778555e+01,2.931873703280774635e+01,2.907950531817363071e+01,3.017217016387354533e+01,2.887521831237552306e+01,3.008390916169241791e+01,3.000702057490298102e+01,2.997547234854488352e+01,2.955109491699664659e+01,2.990337639953639837e+01,2.948522413201328618e+01,3.000618670306005242e+01,2.957727735962265569e+01,3.043471850200336348e+01,2.934272896563402355e+01
2.907900125365728172e+01,2.952038074125221101e+01,3.059126043187478672e+01,3.094111189645354898e+01,3.268135353324697689e+01,3.213719672253972703e+01,3.342214750217374331e+01,3.187238402529203540e+01,3.254998480571555319e+01,3.171706317101728700e+01,3.127200281408801175e+01,3.154653761026918346e+01,3.149099521435300630e+01,2.953314501775190593e+01,2.939108603187605695e+01,2.936341098070681710e+01,2.931597682229551083e+01,2.964799872678923975e+01,3.028870525406819070e+01,2.994002010326295249e+01,3.010732376729254156e+01,3.023734058838277861e+01,3.011696983104576475e+01,2.956307273034980199e+01
3.008566053203531965e+01,2.957567805869410904e+01,3.098609539583844708e+01,3.102245814441647553e+01,3.221868340123148755e+01,3.261696347276028973e+01,3.237023270828757404e+01,3.320234925783302060e+01,3.356286830655665199e+01,3.289809267225723488e+01,3.146868954045157807e+01,3.216876856950432284e+01,3.263803304597121269e+01,3.084886721859407999e+01,2.854111901193351741e+01,2.987861697353906720e+01,3.024109656351066633e+01,2.975533063118678001e+01,2.977495064669977864e+01,2.959897408488319570e+01,3.016370812745708463e+01,2.930340113911131539e+01,3.010248562071978995e+01,3.023386632949546993e+01
3.018882682548479579e+01,3.101081610587726800e+01,3.034124801445233288e+01,3.124973051664261448e+01,3.025542917424644429e+01,3.267406006906929861e+01,3.160759434928854716e+01,3.393980947767687439e+01,3.290435238745385504e+01,3.330840244203761813e+01,3.278248425281918799e+01,3.285791679242197461e+01,3.134596328927784725e+01,3.092534636221472510e+01,2.983032751831757423e+01,3.097600209235326929e+01,2.920498461861609485e+01,3.088890671884934136e+01,2.947612346030433628e+01,3.048125095059532441e+01,2.992006619032349590e+01,3.060320293251982093e+01,2.976200333749181937e+01,2.959113998632756193e+01
2.936504120638397808e+01,2.930632388673291189e+01,2.994058092010180872e+01,3.027594282547812554e+01,3.075880306223723437e+01,3.122770019241096406e+01,3.168477128485244521e+01,3.048702061332124913e+01,3.233989635635549575e+01,3.236041610929612489e+01,3.167250471323688998e+01,3.153973943030985083e+01,3.180174609601306202e+01,3.123943482934549820e+01,3.072755062454564268e+01,3.009075091511044775e+01,2.940873095332580078e+01,2.961226425315152255e+01,2.970963232701933521e+01,2.929350103348610901e+01,3.045751166373111118e+01,3.019206903647352647e+01,3.048277069815361529e+01,2.970104083547840901e+01
2.908624769811063970e+01,2.975125924464907712e+01,3.027063252383692316e+01,3.004188997550596696e+01,2.949128650016535858e+01,2.985290261806142098e+01,2.979384046005679920e+01,2.936961069884148401e+01,3.028014305991058563e+01,3.003273710851146916e+01,3.088181084801436782e+01,2.976963365964525110e+01,3.047183846878226632e+01,3.028610714368170420e+01,2.945442305378526271e+01,2.921983229521492831e+01,2.997595397703304343e+01,3.065853909806048705e+01,3.087868588569534722e+01,3.026450241368496563e+01,3.080315146234755730e+01,3.006532713669611212e+01,2.968934194206400434e+01,2.970536133320621275e+01
2.855933619763186471e+01,3.055228636094534522e+01,2.907819934377590698e+01,2.995658788271049389e+01,2.944526339389011582e+01,2.954293716752283672e+01,3.043794819584604738e+01,2.953685114015871704e+01,2.934637725661224295e+01,2.978122230721390906e+01,2.973071725468997784e+01,3.008273152923999305e+01,3.035282053288574389e+01,3.004689775788870065e+01,3.014015726925237004e+01,2.978597537065166989e+01,2.838342529943918180e+01,3.064877790410417902e+01,2.999665124462092081e+01,2.963240713411181559e+01,3.058809025129863812e+01,3.093160098612031561e+01,3.017092380149972541e+01,2.856740252471422536e+01
2.903601965300742904e+01,3.054876052809402154e+01,3.011043330030202014e+01,3.066284301204836993e+01,2.983946275212343835e+01,2.996769128045013986e+01,2.945017349107587279e+01,2.957177581291119850e+01,3.031214388215244071e+01,2.984580644219266787e+01,2.976840063183942675e+01,2.911526071281406303e+01,2.945909937921925348e+01,3.096174941077089215e+01,2.970167889445025367e+01,2.996985899761722294e+01,2.996410029699728739e+01,2.964651708070766745e+01,2.936240659143845733e+01,3.006388647138311399e+01,2.967994994415579413e+01,3.109663908481491035e+01,2.986287916000895848e+01,3.033471867556096413e+01
2.907707065451091921e+01,2.863348641824120477e+01,2.898178973706353645e+01,2.998265440372551893e+01,2.925763816276975149e+01,2.877278455585008032e+01,2.910539480399751255e+01,2.918747984330661893e+01,2.986149968135066501e+01,2.897547300154457162e+01,2.994516125359552916e+01,3.062207966962813543e+01,3.053091733767229243e+01,3.008942699273796961e+01,2.906994451638803412e+01,2.971133295120341700e+01,3.014561260496924433e+01,2.912679884709882572e+01,3.013112129753216095e+01,2.927381889472519561e+01,2.978798975250765579e+01,2.987037816787426436e+01,3.154228609673907613e+01,3.026765596108157297e+01
3.003397732863442116e+01,2.914836531265581243e+01,3.112372691913594736e+01,3.090202162153394738e+01,3.021313247098800048e+01,2.997314762860827386e+01,3.096564997831450228e+01,2.932713975459978428e+01,3.021250188521833024e+01,2.976858596669302415e+01,3.085408193098254515e+01,2.952826030694313886e+01,2.947852024407359295e+01,2.846861252164160305e+01,3.001906247440450670e+01,3.130886287455820138e+01,3.076817610835115602e+01,2.898875116842583566e+01,3.023990944960883098e+01,3.031910442288977947e+01,3.082991595898772630e+01,3.012535683599406866e+01,3.015252618847426902e+01,2.957036445047378947e+01
2.993845082108185807e+01,2.953763012841102409e+01,3.156789709036723934e+01,3.036106011390091908e+01,3.006583435492234457e+01,3.018652879190983640e+01,2.920839250543826893e+01,2.991586303752359299e+01,2.847740797714936889e+01,2.973932066086672421e+01,2.918889621927803546e+01,2.975849985036416001e+01,2.908837744849137152e+01,2.929896518160961705e+01,2.884151411169665380e+01,2.959771634058233758e+01,2.896251164353304830e+01,3.067781861053697412e+01,2.860838179474023946e+01,3.036617493025551084e+01,2.918376592493092403e+01,2.995247233734897918e+01,3.061897120843701714e+01,3.065454917700469650e+01
2.967644382331837960e+01,3.014172617548575772e+01,2.967828062191711069e+01,3.079955004574281929e+01,2.957016420838743898e+01,3.026013010026179018e+01,2.967429893545670438e+01,2.987972488390141734e+01,2.924898620156307061e+01,3.105737628729156086e+01,2.983877667844615189e+01,2.896099580389824268e+01,3.013964081178909282e+01,2.883675490351595272e+01,3.026241193449459388e+01,2.993731292440185143e+01,3.061053246962757157e+01,3.154380730267916988e+01,2.948749850995483257e+01,2.935912070414292430e+01,3.035000737063916176e+01,3.173257218882986308e+01,3.002479965754122304e+01,3.137875428663971888e+01
2.922388229086715228e+01,2.858217614898904912e+01,3.017569375296062617e+01,3.040040668396608226e+01,2.989091469745591212e+01,2.999843713655388910e+01,2.950754984275528159e+01,2.981923117037752036e+01,3.036772594198231445e+01,2.922927870855522769e+01,2.982150946861287366e+01,2.985944432678468274e+01,3.017686405034572772e+01,2.904726030572265927e+01,2.944568196217034028e+01,2.874486917733520386e+01,3.026594311923059877e+01,2.914064665346876382e+01,3.164076798196731488e+01,3.015599728078257158e+01,3.097075424874111604e+01,2.859720871110681628e+01,3.081849607560326376e+01,2.999447071841706247e+01
