2.749515441015626038e+01,2.839482382111373227e+01,2.933434531598010153e+01,2.934215790975952132e+01,2.808570158061570510e+01,2.906416027400570101e+01,2.861089334775704174e+01,2.877441184621977754e+01,2.948683748120203063e+01,2.812349367508051046e+01,2.844583136797257339e+01,2.883826952470997185e+01,2.912582290077790503e+01,2.976971284775140703e+01,2.832302173175634152e+01,2.955852832194426583e+01,2.955055433111516550e+01,2.928577551417777158e+01,2.843734572473204025e+01,2.993717969162742065e+01,2.891283991507856399e+01,2.912839075805749189e+01,2.822946652822122360e+01,2.871114517544697264e+01
2.855170803461231799e+01,2.761244204971052341e+01,2.847632647324098798e+01,2.779863710467697047e+01,2.822886416837070556e+01,2.898757194369528634e+01,2.876817578799773401e+01,2.926393688915942448e+01,2.954670174310564335e+01,2.740351909856337898e+01,2.821370670936875058e+01,2.680832457974531735e+01,2.963625659043640326e+01,2.835193230459867664e+01,2.873058725161615712e+01,2.879037177080107313e+01,2.907246612185770118e+01,2.759099624630033532e+01,2.990641804598431008e+01,2.972051815046921774e+01,2.927915024094318142e+01,2.801054267457971036e+01,2.696304731807197186e+01,2.810247949520254451e+01
2.748801204529576125e+01,2.795214739081131938e+01,2.736834909690753648e+01,2.945214601343531058e+01,2.848518167522234990e+01,2.842606822471458372e+01,2.744304615419861193e+01,2.978563043494852991e+01,2.824737204438656590e+01,2.799359349862282897e+01,2.785176390241770150e+01,2.899390973105869307e+01,2.832259600206634786e+01,2.844248581074367621e+01,2.797690228573145532e+01,2.908818742477876640e+01,2.801072975780459728e+01,2.810935106090056479e+01,2.861331791917990586e+01,3.014605638603870830e+01,2.989308296037245327e+01,2.961277327203237064e+01,2.764276061021200803e+01,2.948753573572003006e+01
2.920040162782720472e+01,2.786557787046160684e+01,2.950300170018198287e+01,2.895764647230993205e+01,2.836718591667113287e+01,2.889551738480110998e+01,2.775466895786206578e+01,2.874443244263915176e+01,2.883738681937796855e+01,2.833206343783848524e+01,2.820061930271464234e+01,2.864972240466011044e+01,2.891801029487180585e+01,2.840501346343336309e+01,2.865167615697453130e+01,2.830369573573790376e+01,2.921841174616400849e+01,2.852586086006317601e+01,2.889463988163038266e+01,2.981271381003830356e+01,2.875037070827494290e+01,2.862595874943389163e+01,2.805523043487954737e+01,2.846119746790770932e+01
2.828957463635686054e+01,2.855546145177663675e+01,2.803217143066211747e+01,2.871141786984674127e+01,2.870699530355898332e+01,2.911620611977093631e+01,2.773293294759247374e+01,2.887277831340662715e+01,2.845083192888893109e+01,2.900988716998728023e+01,2.903593201512444466e+01,2.826615131890628163e+01,2.836779847942392507e+01,2.836081508909313698e+01,2.785637733671069327e+01,2.750752017350083634e+01,2.832683454364348563e+01,2.943948817762469616e+01,2.880116511072088770e+01,2.972929747696196046e+01,2.942189697762762535e+01,2.899731569032428524e+01,2.820997815755600868e+01,2.888571558940861905e+01
3.028406799656960402e+01,2.716041058760879423e+01,2.860021101688096223e+01,2.846540857307007855e+01,2.872537657010917655e+01,2.796928088847766958e+01,2.961599185874240447e+01,2.855217758152093666e+01,2.997859226007267353e+01,2.816665370567807258e+01,2.885760525581616776e+01,2.685673717935401328e+01,2.939570482259568962e+01,2.799705034797511871e+01,2.888210348334558830e+01,2.890142464267762534e+01,2.920228472710635970e+01,2.889278581363049625e+01,2.930491167111063078e+01,2.919045128448141213e+01,2.786509861526707255e+01,2.843588111799016360e+01,2.909369938836698566e+01,2.861237534059495147e+01
2.962706217483633964e+01,2.867656779836022451e+01,2.739200270967216966e+01,2.902986383815107274e+01,2.870991789999516186e+01,2.925143007563843867e+01,2.746651082202168936e+01,2.878769170843997927e+01,2.731154921854295026e+01,2.909367274851894081e+01,2.872956650632522724e+01,2.882358519212726833e+01,2.875702925304642577e+01,2.958194737415078635e+01,2.829212881810650515e+01,3.031012059025124472e+01,2.871249422049049826e+01,2.880051848857505092e+01,2.866871025230062742e+01,2.946550083448556734e+01,2.816419857628255841e+01,2.925027720382792040e+01,2.782844428437891793e+01,2.943441374957023982e+01
2.829120558427126753e+01,2.734859273570930327e+01,2.812569233862387819e+01,2.823735007230555993e+01,2.886435802677368656e+01,2.885505430258689330e+01,2.944767108100717223e+01,2.843467473659268308e+01,2.868841465130157076e+01,2.805200561111541901e+01,2.848902671513593532e+01,2.906249098949683685e+01,2.916203640129589303e+01,2.870170735707023368e+01,2.885554159053879175e+01,2.873109017697902345e+01,2.846060320144044908e+01,2.903098382953879764e+01,2.855153174122023074e+01,2.806136650010341782e+01,2.973001959072252021e+01,2.870320819588033601e+01,2.872462765345454727e+01,2.887532953353291987e+01
2.805704525270056138e+01,2.850411377588380901e+01,2.825552031415958254e+01,2.815508037066774705e+01,2.834583558068868570e+01,2.908105073068077218e+01,2.904396751531010068e+01,3.027893531925951720e+01,2.795730100175302368e+01,2.794941418487422879e+01,2.794665356958239499e+01,2.878962311167941834e+01,2.820979432775101259e+01,2.919777789836604143e+01,2.883161583523582294e+01,2.931497433101446859e+01,2.868618283859393614e+01,2.865820882249448687e+01,2.827625116481141276e+01,2.843460124307205206e+01,2.790669037070620107e+01,2.950391737632287459e+01,2.851890173874789980e+01,2.815841624006907296e+01
2.919650881884109594e+01,2.928012804912629008e+01,2.927118847067265506e+01,2.879381230027610172e+01,2.812722985333670067e+01,2.889881618314677780e+01,2.920343853358070874e+01,2.853710223950633917e+01,2.858126413829154444e+01,2.934743367616846399e+01,2.935162250931716699e+01,2.850742360881861259e+01,2.931979931236259063e+01,2.816256344619625906e+01,2.811637199338372284e+01,2.851092533796628459e+01,2.859962645999337383e+01,2.798072133792351224e+01,2.954258793654508963e+01,2.886541422507536936e+01,2.907393894501979048e+01,2.925559369315197955e+01,2.868425785082831680e+01,2.853838148139715258e+01
2.883999341108727776e+01,2.938149892399593455e+01,2.833092196477042535e+01,2.871935669717942119e+01,2.878786755084178139e+01,2.995342530319862817e+01,2.910429885399440764e+01,2.890958123563495974e+01,2.980739084711518672e+01,2.821316628413416083e+01,2.889605338722543593e+01,2.931594813427062718e+01,2.876918028084475054e+01,2.918536161410781915e+01,2.864664325001649559e+01,2.923046024083640759e+01,2.906753428568509889e+01,2.879150282973409958e+01,2.955719947257421154e+01,2.911699069795702144e+01,2.957829022769402627e+01,2.895314614042979429e+01,2.870282655847415754e+01,2.869008661142009942e+01
2.973884379836164271e+01,2.924656923305502687e+01,2.915550189841627571e+01,2.932662897938018887e+01,2.959061508432404253e+01,2.896360696871357732e+01,2.920302010040961704e+01,2.911113783087978391e+01,2.884142254794170412e+01,2.909934805870233276e+01,2.860927537122040576e+01,2.802658104104369841e+01,2.901936789901958491e+01,2.877166125380216499e+01,2.851499802257052352e+01,2.889013533302460246e+01,2.901615080391695756e+01,2.853486749272855150e+01,2.939229284469337244e+01,2.842406857555710076e+01,2.903619333737378838e+01,2.894247271802987598e+01,2.916018565287060937e+01,2.785542122499754214e+01
2.853265717609491503e+01,2.779622628991120337e+01,2.858130832324184212e+01,2.858160229901210414e+01,2.929094994114524297e+01,2.949860731449143714e+01,2.934332474357097453e+01,2.952887492986104689e+01,2.941707686220939877e+01,2.973025571498891395e+01,2.863081962369250277e+01,2.911451326386759320e+01,2.899947799308881713e+01,2.910289882951030904e+01,2.895506319352722358e+01,2.859835789563459230e+01,2.891828477234588490e+01,2.952783615022991626e+01,2.930325816724348442e+01,2.944755021678821549e+01,2.934366109120992405e+01,2.929950746153485852e+01,2.871860315451647239e+01,2.893095272436625010e+01
2.932617796407032529e+01,2.880201857817309019e+01,3.017213245675901589e+01,2.803398843899071835e+01,2.905220590463142116e+01,2.872002962987482988e+01,2.848042921581537712e+01,2.873885720971429691e+01,2.901602329281843140e+01,2.937124293485442195e+01,2.901159821162934804e+01,2.872773329859376190e+01,2.902745251795874992e+01,2.796643444639187237e+01,2.913161778607013730e+01,2.903702073408857132e+01,2.942900705172030484e+01,2.844059770417766231e+01,2.859232489410709377e+01,2.943496939154260872e+01,2.943321360131341180e+01,2.892106516861525733e+01,2.896069932793966473e+01,2.953660128698061271e+01
2.864263944565902875e+01,2.859501002755285981e+01,2.891109930282954110e+01,2.942138160538843294e+01,2.936547935374767349e+01,2.982224606448272652e+01,2.842941389726945545e+01,2.925151491328654174e+01,2.893750334619193154e+01,2.889566489931786464e+01,2.905633320779270434e+01,2.929053029469815783e+01,2.938335684709289808e+01,2.881444735639252031e+01,2.792480722712372199e+01,2.865235625286766208e+01,2.917100800999082821e+01,2.979235608311540773e+01,2.977414449575508115e+01,2.951098189651742132e+01,2.970925338666467042e+01,2.963577787388442175e+01,2.885058034212539724e+01,2.866019439988127715e+01
2.889410092698085464e+01,2.820956831496454242e+01,2.827690342338706841e+01,2.779518727935453626e+01,2.889057315838101658e+01,2.928716565701228092e+01,2.921699095069851637e+01,2.846533242758715687e+01,2.871001395341164653e+01,2.891951709395840453e+01,2.876476888358536144e+01,2.901087637501541394e+01,2.869031052434797857e+01,2.951702823502273532e+01,2.919936208824032065e+01,2.975430810864168052e+01,2.825008643937934494e+01,2.833508648856133050e+01,2.922988060896437901e+01,2.841322645479846187e+01,2.960008427865284375e+01,2.917109552053580046e+01,2.941149185484817963e+01,2.865856615574051602e+01
2.899052132160107931e+01,2.993298370498666827e+01,2.881257515960083992e+01,3.023956999730461348e+01,2.896572166735097653e+01,2.941361557530905202e+01,2.875584400536553176e+01,2.885906720407274406e+01,2.866900458942615160e+01,2.930569158559018206e+01,2.870661384342258771e+01,2.885498257527268606e+01,2.849273167321280198e+01,2.866028311054947153e+01,2.868349754968335219e+01,2.897096903197120810e+01,2.986213259072025039e+01,2.867881488471726925e+01,2.901940480157935554e+01,2.965581435485222528e+01,2.962214219107659119e+01,2.784504295293993437e+01,2.982496762749957497e+01,2.934096212148284621e+01
3.001370429388992989e+01,2.968042220768393236e+01,3.029577373384762495e+01,2.848065087018716213e+01,2.877471330812477390e+01,2.931032036724656109e+01,2.997246422853601189e+01,2.825618880136340749e+01,2.929657983013908051e+01,2.851323629578064356e+01,2.912211730896194695e+01,2.835012758976148461e+01,2.920148856071358523e+01,2.860984893867998835e+01,2.891561275353484461e+01,2.811321697245421092e+01,2.866673737746469897e+01,2.898132373086576763e+01,2.955281075440353789e+01,2.860631235981458076e+01,2.965050334324439518e+01,3.032211611505158544e+01,3.000716399741514806e+01,2.992315909653075323e+01
2.846439837660898320e+01,2.937079590095845560e+01,2.853300732492186853e+01,2.937755198836333648e+01,2.810245033682622307e+01,2.912803297595138474e+01,2.899534832820825159e+01,2.927084738120288421e+01,2.991440304501537639e+01,2.934121912345989358e+01,2.909597799642222071e+01,2.969501989592987456e+01,2.878831073588071376e+01,2.885882485790580176e+01,2.908868358012568933e+01,2.901333839213452848e+01,2.864040710952758673e+01,3.003412640551277946e+01,3.034320190204431356e+01,2.987211553496575789e+01,2.984631977271914138e+01,2.893683150233681545e+01,3.048266459593190802e+01,3.010273883804171646e+01
2.983221613468242595e+01,2.860500367469433058e+01,2.996935780573505781e+01,2.911041426239938801e+01,2.967824367437140154e+01,2.958697366528724615e+01,2.920505480669743292e+01,2.911785406141802923e+01,2.850838124584527122e+01,2.970562744009504286e+01,2.991059943341139160e+01,2.897353562792949333e+01,2.888527871822356019e+01,2.874045755663848922e+01,2.895452624748457993e+01,2.902278717620117732e+01,2.935929318615512784e+01,2.941939899033951633e+01,2.913280361025846332e+01,2.937440642052598605e+01,2.976222160941080119e+01,2.949035646111269671e+01,3.062229911926152681e+01,3.040480708428378875e+01
3.002404077101846269e+01,3.039677369534865647e+01,2.917178013174918760e+01,3.041210302932017839e+01,3.143650971893640644e+01,3.104999116855407237e+01,3.166313492555536868e+01,3.211630299002484890e+01,3.143706583328855686e+01,3.139991818592096706e+01,3.113533184427643619e+01,3.107060127889127443e+01,3.100832720982936053e+01,3.065640940441988960e+01,2.956382566961576686e+01,2.887241122843050789e+01,2.984760797565155599e+01,2.966489646458450125e+01,2.933132500779379370e+01,2.830090092323121098e+01,2.917532750626367033e+01,2.998820034374898569e+01,2.938896279966837710e+01,2.990037386915292927e+01
3.025917245034725056e+01,3.010000948157221501e+01,2.975735660895975343e+01,2.960664452291786120e+01,3.218962625522914323e+01,3.118978102833375488e+01,3.228106337591054853e+01,3.259937726991353202e+01,3.312223965970952122e+01,3.179167666388872249e+01,3.230551111049754809e+01,3.136741756153446659e+01,3.184895889089580123e+01,2.972250859551542135e+01,2.957728643003991920e+01,2.891307175981654609e+01,2.944024777525606851e+01,2.845333044896443653e+01,3.000801727369406535e+01,2.932810388453577843e+01,2.940696492498136649e+01,2.941212160804457199e+01,2.938824697284093190e+01,2.932003376182711918e+01
3.023023991411827183e+01,2.982389783786777571e+01,2.951362199524606922e+01,3.040881570828793201e+01,3.064936780584599774e+01,3.232616231493767600e+01,3.124344534531502404e+01,3.201650703426162181e+01,3.182348907629216228e+01,3.223012868180353507e+01,3.185851821094399838e+01,3.210031229288881605e+01,3.190120008554771402e+01,3.031968143993890408e+01,2.956637832007220368e+01,2.918652675069660063e+01,2.948855647232488764e+01,3.012808233003812575e+01,2.926135647683167917e+01,3.025698775694723963e+01,2.972735939406879879e+01,2.969223235014862894e+01,2.943258749818579645e+01,2.832766845875846684e+01
2.944712541123249139e+01,2.832002660643246372e+01,2.951716290529043363e+01,2.905374755854239766e+01,2.990565098023841983e+01,2.998737368501792844e+01,3.061807605204325000e+01,3.133442647863722641e+01,3.057019154181665499e+01,3.126100679449751851e+01,3.159546575234520560e+01,3.144379846490147656e+01,3.174091828368119650e+01,2.978607489807166075e+01,2.979188407575162501e+01,3.032065452683980311e+01,3.022164976613953513e+01,2.972217682780080850e+01,2.967315944567798169e+01,2.958310476223846308e+01,3.010267660709746451e+01,3.017858910571004571e+01,2.924701314953858855e+01,2.937025756953806876e+01
2.895562620734062875e+01,2.876258092295307733e+01,2.925863261074596267e+01,2.920981268000451792e+01,2.953813116452033682e+01,2.987048172351097719e+01,2.854087461211804566e+01,3.008721692345488918e+01,2.919525804810183445e+01,2.947004739323887179e+01,2.961502021481783231e+01,2.936478950227638052e+01,2.919296992710064842e+01,3.035503460832126166e+01,2.954592604776610187e+01,2.896192494976145326e+01,2.851973765516680714e+01,2.970571628575351042e+01,2.872875946164197103e+01,2.916896633687861140e+01,2.918380995073943041e+01,2.951052961968980526e+01,2.942005175118578109e+01,2.980253279762467855e+01
2.954354638559442492e+01,2.813780759427777411e+01,2.987259444804635677e+01,2.815532042162203652e+01,3.101102733429053160e+01,2.848518963475254395e+01,2.882347817953615277e+01,2.845951017678532935e+01,2.935396989032756210e+01,2.940885399396455568e+01,2.916223489381121681e+01,2.933448054467106658e+01,2.997176241156699916e+01,2.948009947802853503e+01,2.973288282053385956e+01,2.954959024103675347e+01,2.886007239662717438e+01,2.867815589789103115e+01,3.033384705721181263e+01,2.800601653996898222e+01,2.970364749674752147e+01,2.913370645857395402e+01,2.988994946552634246e+01,2.885170966535633852e+01
2.902857725011796219e+01,2.941450134363481084e+01,2.915004500371071572e+01,3.111368678218855166e+01,3.078966966245246795e+01,3.050209825793228902e+01,2.861193117404116038e+01,2.948266868567901611e+01,3.001661463915098693e+01,2.954760671546767981e+01,2.979115066382030363e+01,2.950171797886264358e+01,3.036267974739791953e+01,2.900130739142656466e+01,2.987938191108139563e+01,2.960798327557279208e+01,2.889784253773990486e+01,2.913403390812436555e+01,2.907963016582226601e+01,2.939585578710637037e+01,2.980256899400177417e+01,3.006900620095325394e+01,2.965217143820473211e+01,2.930309858656596589e+01
2.913688140040960661e+01,2.975476271412469487e+01,3.037476548816812283e+01,3.190032064549916413e+01,3.143227344205189411e+01,3.069132252960184815e+01,3.000455967454229267e+01,2.985703385466626969e+01,2.900392419251107867e+01,2.884945163751496011e+01,2.889077204681024114e+01,2.972670020377637456e+01,2.965600411344007625e+01,2.991672213290468108e+01,2.911268292135281399e+01,2.918153624848116579e+01,2.909011067892720348e+01,2.952880941742938603e+01,3.043024926622251769e+01,2.956128007618139009e+01,2.897263413207741678e+01,2.864253750966088319e+01,2.975242547019087169e+01,2.968129338873200140e+01
2.822981570206894730e+01,2.803050631526923553e+01,2.998905726928308013e+01,2.996060716289292714e+01,2.985117826399152818e+01,2.958865875702701942e+01,2.856439977257264218e+01,3.088162441620880827e+01,2.995105249408385362e+01,3.025321694890851631e+01,2.925426513305262688e+01,2.922399196843787195e+01,2.916947458076646171e+01,2.778001066077263204e+01,2.937421368643862252e+01,3.008261858960730706e+01,2.877804801894001230e+01,3.074433601410072470e+01,2.997932706866754415e+01,2.948029000418296164e+01,2.861925229159743367e+01,2.992486024893270269e+01,2.961011511881241631e+01,2.942398281103726276e+01
2.835876279239107589e+01,2.843030920162118491e+01,3.066702912973693174e+01,3.073917676717559289e+01,3.123527577231027408e+01,2.838253634058457919e+01,3.041780894177190930e+01,3.067531830018839401e+01,2.959179553722930223e+01,2.889510787440366357e+01,2.968548189294045869e+01,2.910251357647877057e+01,2.955604671911390824e+01,2.956365223977854839e+01,2.875898618073932766e+01,2.950790531553354867e+01,2.947551237950312952e+01,3.060282583444194415e+01,3.113184542678158095e+01,2.935250997159204189e+01,2.962464116957755778e+01,2.813925987971913401e+01,3.029463564641309858e+01,2.926703418785052691e+01
3.023356617696066451e+01,2.962606210251465200e+01,2.908803985093527444e+01,2.995509556077598745e+01,3.050232376499116071e+01,2.979902673680777525e+01,2.982484262259549723e+01,3.063252915547718658e+01,2.955678396171180111e+01,2.947078234016328224e+01,2.885930412582024474e+01,2.879055893426487955e+01,2.874045388236066856e+01,2.885268156113983196e+01,2.907475082554304890e+01,2.957314863323261989e+01,3.005447590222462395e+01,3.159339883927611936e+01,3.105469920325464273e+01,3.009722839541223038e+01,3.029746555920058881e+01,3.015028842931025110e+01,2.844583869827857825e+01,2.932560793469451710e+01
2.955219139375827808e+01,2.885853182060247946e+01,2.936187601072242614e+01,3.025361620518270911e+01,2.831216056763747702e+01,2.999688190476723548e+01,3.055988582814563870e+01,3.038653358482628164e+01,2.962828339380484977e+01,2.951646300520479826e+01,2.927648688095558782e+01,2.930105017039562654e+01,2.816733976043627763e+01,2.824690784616672090e+01,3.055282124113489317e+01,2.920574194128096224e+01,3.033769646613507120e+01,3.146276233370360842e+01,3.069399199646437637e+01,3.028091551419578309e+01,3.006432520232152683e+01,2.880434632722671040e+01,3.017528420543220591e+01,2.957129613937809154e+01
