2.475939394013585115e+01,2.646908351154922912e+01,2.486096327137425988e+01,2.590353413301284036e+01,2.571395902618183982e+01,2.545252017521431753e+01,2.460675644360321712e+01,2.476453998565062875e+01,2.467143076194099649e+01,2.506379694313341133e+01,2.452814830748036456e+01,2.558472453798947299e+01,2.342824557839594490e+01,2.564776728384310900e+01,2.486124310990487629e+01,2.473380034065343125e+01,2.449351636696457035e+01,2.417807794015800482e+01,2.422562136858812210e+01,2.570753474251716852e+01,2.440367940379712763e+01,2.501473061886690630e+01,2.531242879306637406e+01,2.545576903792641588e+01
2.526962329927556539e+01,2.492649614258300517e+01,2.530572979188514182e+01,2.492264540862930744e+01,2.535697340824958701e+01,2.545625578423164370e+01,2.480594056719030505e+01,2.537363149648325589e+01,2.562802745663151427e+01,2.529234966362110981e+01,2.435407136354177737e+01,2.535169412556632551e+01,2.520504413512395558e+01,2.434885537473729755e+01,2.489168742741702545e+01,2.454640315100533599e+01,2.453961217725361621e+01,2.369813382653046574e+01,2.334216504438927586e+01,2.406171530481822174e+01,2.458939019090831835e+01,2.421090029436248869e+01,2.478082728375227362e+01,2.296857110496193854e+01
2.429995790925829624e+01,2.477076438420283466e+01,2.475566930407472910e+01,2.613849212292956281e+01,2.385434086419803634e+01,2.586035757180451355e+01,2.402692701182394330e+01,2.401320224247893975e+01,2.532142546815680362e+01,2.459408760143168138e+01,2.367475643255545492e+01,2.378437079443523317e+01,2.439144393404615130e+01,2.448247491145286858e+01,2.342180645050228804e+01,2.474182661121625415e+01,2.315909263213313807e+01,2.450118050292752514e+01,2.418932548820976081e+01,2.377728557444135049e+01,2.359316185430299129e+01,2.545043982860232745e+01,2.290953115954806663e+01,2.470726616745469073e+01
2.502954662974661915e+01,2.475493072574164444e+01,2.501547050224877466e+01,2.452785055834709738e+01,2.534343241917270007e+01,2.413196289826964858e+01,2.542787931038850502e+01,2.408134370079795872e+01,2.529551338475926059e+01,2.522315066786177340e+01,2.549106507732307136e+01,2.413660492543380087e+01,2.483409394950194837e+01,2.434523023198210012e+01,2.431972641844077998e+01,2.440201540491563037e+01,2.468002681004975329e+01,2.500715976404359253e+01,2.405435147893098247e+01,2.415285405303762900e+01,2.380918182559770457e+01,2.476267711750642775e+01,2.408138688843530417e+01,2.425344769062149908e+01
2.451642050149700935e+01,2.618972015650666663e+01,2.393984200175304977e+01,2.573847485096695209e+01,2.622772004874587992e+01,2.536430871461027436e+01,2.486688180510924440e+01,2.483304014840661011e+01,2.563772244504798437e+01,2.502647220142205242e+01,2.468100222090805573e+01,2.443839379512417054e+01,2.517199323170825664e+01,2.493381439016133072e+01,2.505325836219537905e+01,2.482855312670199055e+01,2.492146111263497232e+01,2.367317888639723833e+01,2.357049750594649140e+01,2.466160922430970004e+01,2.428983234677713199e+01,2.376416696877515733e+01,2.397587121104123753e+01,2.414055447284971478e+01
2.515884926983994774e+01,2.459095661545825351e+01,2.495787546068180518e+01,2.510334152567986621e+01,2.561101791698530405e+01,2.468003237353354962e+01,2.594787651929766525e+01,2.550035195681692812e+01,2.561478183251415430e+01,2.475532184886969844e+01,2.473965525723582459e+01,2.479916034799526869e+01,2.566638541978784360e+01,2.537961796856603769e+01,2.550163266709705567e+01,2.479001117461501735e+01,2.523923616271639503e+01,2.356961175595426994e+01,2.412255010020334112e+01,2.439597783944702769e+01,2.335801152770795852e+01,2.515454826155365708e+01,2.379141726306244209e+01,2.434914525005882524e+01
2.342926919847968747e+01,2.522725966820672738e+01,2.444997674936718113e+01,2.421968230673252265e+01,2.441222545034156610e+01,2.478573893678225204e+01,2.443911992968736513e+01,2.383614675160595198e+01,2.430358146029061572e+01,2.459930845145447620e+01,2.410402768803317031e+01,2.473638151245359040e+01,2.451604620662078560e+01,2.552990966643102411e+01,2.442745173540595260e+01,2.315489996991277621e+01,2.329670393122410132e+01,2.542076337865887581e+01,2.473809101314577674e+01,2.550223715634263044e+01,2.356638421757497781e+01,2.461138526924816006e+01,2.429858686500352860e+01,2.419688092679393776e+01
2.484369290163402866e+01,2.416762488660361896e+01,2.431797979966199819e+01,2.429339662987445081e+01,2.421893456284033164e+01,2.426568067157160158e+01,2.470901749177551210e+01,2.409735038121613115e+01,2.363848662589515470e+01,2.395967652362179479e+01,2.478558729179235343e+01,2.522568521468775771e+01,2.419936075745505377e+01,2.393025523114459929e+01,2.516004302723854380e+01,2.433106954948937073e+01,2.547476681563102829e+01,2.460628785143444475e+01,2.573316922746334967e+01,2.409700141763107695e+01,2.421296490620835584e+01,2.489309001904609886e+01,2.480381536607654880e+01,2.453933319563770965e+01
2.448952588048672396e+01,2.536430871461027436e+01,2.480660674684168043e+01,2.469099583905216377e+01,2.400351009422342941e+01,2.494702203337777746e+01,2.403796356593170458e+01,2.494648234858647129e+01,2.410581851507714646e+01,2.515697287419237682e+01,2.397086286139847289e+01,2.392678282016368030e+01,2.496581534007407299e+01,2.471887984552375883e+01,2.505516801999721110e+01,2.480598016234563374e+01,2.508873529289706994e+01,2.501093204787423474e+01,2.445225133434291820e+01,2.527767995406162527e+01,2.493016510619372639e+01,2.464923424346767433e+01,2.372393865551828185e+01,2.365766890419865831e+01
2.412740178653189105e+01,2.516198895288101767e+01,2.361885906857799000e+01,2.380908374141409922e+01,2.474345751196204901e+01,2.408983499014846075e+01,2.553280379839969783e+01,2.525823196511538526e+01,2.402267338159612109e+01,2.449605421337838607e+01,2.378955882230326324e+01,2.331274085309922839e+01,2.455504318869623148e+01,2.425492676755891353e+01,2.398781386961780981e+01,2.475863194986203553e+01,2.359091287115199975e+01,2.349538507043854452e+01,2.465548171085481499e+01,2.558500774382378040e+01,2.500259062279292266e+01,2.427356869098423431e+01,2.410855070839789960e+01,2.376254812090871837e+01
2.345724928568711221e+01,2.426631522468835556e+01,2.330973131625466976e+01,2.490650483563121043e+01,2.429551334120947104e+01,2.532920988027012754e+01,2.337377845671335308e+01,2.494324748748209686e+01,2.251021759476111583e+01,2.350911064261504180e+01,2.321920891137637000e+01,2.364180428799164702e+01,2.329355235832827020e+01,2.491711552689986320e+01,2.353387071257088792e+01,2.411267738797226912e+01,2.426291802516573171e+01,2.516594544038548520e+01,2.439763323970299780e+01,2.547905844851794654e+01,2.373443015825364455e+01,2.376965903221508825e+01,2.285047389417718477e+01,2.409281254010159046e+01
2.480422297190602876e+01,2.440128255618253661e+01,2.457056482146651888e+01,2.286658485809266494e+01,2.438066184300265604e+01,2.378671419701822742e+01,2.390174722982527555e+01,2.440227115657705781e+01,2.345272276026940972e+01,2.359583973927368561e+01,2.345823720181414274e+01,2.341375912454793706e+01,2.461769799773850309e+01,2.404581114187709545e+01,2.405935933975405305e+01,2.292374313980980105e+01,2.508925978874492557e+01,2.512998000398215481e+01,2.576783397043470814e+01,2.531000376330661084e+01,2.502941593154565680e+01,2.421557688228443794e+01,2.334543105960665343e+01,2.482483056783553366e+01
2.471606994305432181e+01,2.474068746455742485e+01,2.371173072460254616e+01,2.409716588493580502e+01,2.437065527815843780e+01,2.385931704013000854e+01,2.368032448017066827e+01,2.404207457447051866e+01,2.466360804141771723e+01,2.358752945172057025e+01,2.370334339055079909e+01,2.401911073010359132e+01,2.402325129665672421e+01,2.311424812055599887e+01,2.445077600052951539e+01,2.370571685051976374e+01,2.419780880339436635e+01,2.446342518087340068e+01,2.523457624602008309e+01,2.516101307423718936e+01,2.413022767813100700e+01,2.454951070751093312e+01,2.376452248103902321e+01,2.372245606785480732e+01
2.366427166198491250e+01,2.460871468936085193e+01,2.480076841261757181e+01,2.489020412860469378e+01,2.447366037510801107e+01,2.364100523028167800e+01,2.359197491354353815e+01,2.302520570419903834e+01,2.339173294560015393e+01,2.365466937516936241e+01,2.338823802982199140e+01,2.242439168253582693e+01,2.369491772722477663e+01,2.396037332852773716e+01,2.342260787976050551e+01,2.420189732102204516e+01,2.417818650082779186e+01,2.505618345651345180e+01,2.569295011834520892e+01,2.435954429013258959e+01,2.456974011281937464e+01,2.423069992194871247e+01,2.324436151519603300e+01,2.311166748462983378e+01
2.379243722350793178e+01,2.416724343918554041e+01,2.425351884003453051e+01,2.553070804664707794e+01,2.390858602671318067e+01,2.440183248531457139e+01,2.465338051197693403e+01,2.389395375287193701e+01,2.385460207936768029e+01,2.396450471474105370e+01,2.299406369701080166e+01,2.355873527019105040e+01,2.282183694140678654e+01,2.323783330612775444e+01,2.319151881288684081e+01,2.459155510791805455e+01,2.426480054671947073e+01,2.469238342006519815e+01,2.466546575880045111e+01,2.469601948758690924e+01,2.376713827331388984e+01,2.363498858593595742e+01,2.330601739031266106e+01,2.339969174183124778e+01
2.340107161241354561e+01,2.438928811972738231e+01,2.355439676942449978e+01,2.312656901155389733e+01,2.377879668642833622e+01,2.389761879363152275e+01,2.404291116005691720e+01,2.384234378205547955e+01,2.341270006201290244e+01,2.230687344607963496e+01,2.404988849161395592e+01,2.366614569666461421e+01,2.415350251496664669e+01,2.370341024582836553e+01,2.485697349087297425e+01,2.428932399982909374e+01,2.502908111221762510e+01,2.496260823178630517e+01,2.531758770653442525e+01,2.363100505245705563e+01,2.368228652530024192e+01,2.359807211757544110e+01,2.385606429333319056e+01,2.437330984270704448e+01
2.401804011799794125e+01,2.405744418313031474e+01,2.415088756890588684e+01,2.452318472777250236e+01,2.269030846471088125e+01,2.371258515741476458e+01,2.345799292132795699e+01,2.338992024597547470e+01,2.376871058249065527e+01,2.287723725079911219e+01,2.280364399755325167e+01,2.363333500311318858e+01,2.416380516409816437e+01,2.282022610297599385e+01,2.336616664193024917e+01,2.462910939709553304e+01,2.361930528649503458e+01,2.525794662608024055e+01,2.445655917700241844e+01,2.386512649801824182e+01,2.358443201050420157e+01,2.328156830980793757e+01,2.406092404174449939e+01,2.183285969622835410e+01
2.525209542219204195e+01,2.403390179867398047e+01,2.295221740377132846e+01,2.419204309130486763e+01,2.349192634316239037e+01,2.375620907010988958e+01,2.334987985188433868e+01,2.298844115997934523e+01,2.304134671665474343e+01,2.398727165225329827e+01,2.340500802056004659e+01,2.381826424152751542e+01,2.438241424575369365e+01,2.379388089379779103e+01,2.339936089937117458e+01,2.360022381912830269e+01,2.358559151481154004e+01,2.528554844029582682e+01,2.343422789395106065e+01,2.435954429013258959e+01,2.411154783714624728e+01,2.411047796417739164e+01,2.328518992162105405e+01,2.374180855426516246e+01
2.259391828228172017e+01,2.438417278005505295e+01,2.324641033943362345e+01,2.338215282534122252e+01,2.315948036253956843e+01,2.403980998732106400e+01,2.219611380427159020e+01,2.304297969757925557e+01,2.360142358841250143e+01,2.317837192232627785e+01,2.275773050886169813e+01,2.356675998404654138e+01,2.478302203827212224e+01,2.532895677592136963e+01,2.440429746902668739e+01,2.514351889170427512e+01,2.456257357960060972e+01,2.458390308820816017e+01,2.422848250027914219e+01,2.351973152130750577e+01,2.356755804842350699e+01,2.326717459330370730e+01,2.295916150892333008e+01,2.249563442596917184e+01
2.454979841890821035e+01,2.356227530149402583e+01,2.414045439645235547e+01,2.334020343588855440e+01,2.322140943713026218e+01,2.430822896401832622e+01,2.419214191513577816e+01,2.308998903347014675e+01,2.352240242406514881e+01,2.326148217253290795e+01,2.336998355761670609e+01,2.523087155461649900e+01,2.531440418713572171e+01,2.399598238127850891e+01,2.506624792749414610e+01,2.498210107793596535e+01,2.457762099829119506e+01,2.395576692981495626e+01,2.447356345657823340e+01,2.508344816494332008e+01,2.490434790711839241e+01,2.408710732031642010e+01,2.470676635033726143e+01,2.354703419767679407e+01
2.276123545617400623e+01,2.482628382398394251e+01,2.431732527906245878e+01,2.354235116768637681e+01,2.367978405463071567e+01,2.440048929970947711e+01,2.315512908800110381e+01,2.365967636716612787e+01,2.386717217405799829e+01,2.315671103066830483e+01,2.509739956768999036e+01,2.554091301864866637e+01,2.521191582997408887e+01,2.516160527036458916e+01,2.539757446399937635e+01,2.531973963441862452e+01,2.461317170735537729e+01,2.506844195487258276e+01,2.561952159706646626e+01,2.399179550002293126e+01,2.518653511753262819e+01,2.401628083430290417e+01,2.384812419584534382e+01,2.337951056970814534e+01
2.355643682536339156e+01,2.412905768112386795e+01,2.333473667125275597e+01,2.309911942589172895e+01,2.388439309346972550e+01,2.363906942098805075e+01,2.346190039549412631e+01,2.299762124878179748e+01,2.390932294765173083e+01,2.378730723888691045e+01,2.478714502289443544e+01,2.639152329789970963e+01,2.597789278242214550e+01,2.585487195133617888e+01,2.550939059846723467e+01,2.604419026741237531e+01,2.434973616806416885e+01,2.472596237097326366e+01,2.538323364539780869e+01,2.574289420162517672e+01,2.396449412459821815e+01,2.326842041514981929e+01,2.283850243398831026e+01,2.313759968803867650e+01
2.318560220988018727e+01,2.388116137739729083e+01,2.375829907348946790e+01,2.333753110776990525e+01,2.321220673930082512e+01,2.276424667111064082e+01,2.340651391173565798e+01,2.239268545396538457e+01,2.270118056331949674e+01,2.315574435294024624e+01,2.554503831165470729e+01,2.614502606256240824e+01,2.635469600852724170e+01,2.555145366831737874e+01,2.600360048108780120e+01,2.470038765229384126e+01,2.518042888298157322e+01,2.526272419818991466e+01,2.490556890431042802e+01,2.515905662862161307e+01,2.349239682342141577e+01,2.301503325515125198e+01,2.303950693346985190e+01,2.315545346930173309e+01
2.435502993103079916e+01,2.393956218391122093e+01,2.304956428566180193e+01,2.286807356774977507e+01,2.444998403979451496e+01,2.365097976450840633e+01,2.344025142251990701e+01,2.298739562831059402e+01,2.430197152703453867e+01,2.348693403157039938e+01,2.628295354333374689e+01,2.739237822526365562e+01,2.728116054236750188e+01,2.600901217619679073e+01,2.549596476403900169e+01,2.503850246849350469e+01,2.535341317242784953e+01,2.557762127420141951e+01,2.529071730543205376e+01,2.557948900748669985e+01,2.399207191635787240e+01,2.407119586988699211e+01,2.372166623082097203e+01,2.286589499355670796e+01
2.519292408170247199e+01,2.499692193236961657e+01,2.356958817647830529e+01,2.476415132472141067e+01,2.564385328565458622e+01,2.466176958579234224e+01,2.612830381354211795e+01,2.566567563732240842e+01,2.426283329879930761e+01,2.526383419936655628e+01,2.670825195686438747e+01,2.678191147116280035e+01,2.664542352398098046e+01,2.640322095288883020e+01,2.595377149475916667e+01,2.585260859972339631e+01,2.577738614547104135e+01,2.659515231172321137e+01,2.578280697352084871e+01,2.436755860413137498e+01,2.474194262326830085e+01,2.369807913374290820e+01,2.363976070861929202e+01,2.415238954012363592e+01
2.482416373733201453e+01,2.499100649239665017e+01,2.410611757601986938e+01,2.447267088040450744e+01,2.517027349009936188e+01,2.510467028761155461e+01,2.564006011018170739e+01,2.493688545827620828e+01,2.583893169204469586e+01,2.592933966199177576e+01,2.709910835303747945e+01,2.747791014551017952e+01,2.668290348159035830e+01,2.691486508905961728e+01,2.591255336242301155e+01,2.486317904095864151e+01,2.518803090981288051e+01,2.609925747340759017e+01,2.537633959703418896e+01,2.428717992221618260e+01,2.368119610692230026e+01,2.309024869998756913e+01,2.374125801952396841e+01,2.284468728756309019e+01
2.325409807756318514e+01,2.326191068723363742e+01,2.408666136793539181e+01,2.488978611074497849e+01,2.516707361773154616e+01,2.548877184140701502e+01,2.381276539758471245e+01,2.510821504743421428e+01,2.396729820139375988e+01,2.520860295084310110e+01,2.573625244147478952e+01,2.652625719822310657e+01,2.616137926882151987e+01,2.620403220821066270e+01,2.602016576452763275e+01,2.589205594432479529e+01,2.629972493395484889e+01,2.519588349571375829e+01,2.451324687697643867e+01,2.595095549193280249e+01,2.438561623345691487e+01,2.378244919440896865e+01,2.307854723800664942e+01,2.300783316024711667e+01
2.392465872235248980e+01,2.491388928284169424e+01,2.439407449929399263e+01,2.328348367269774144e+01,2.409176122415277632e+01,2.527220661367766752e+01,2.499151175849851825e+01,2.608040555732719668e+01,2.520567058439951325e+01,2.528321047130930310e+01,2.511439864665345567e+01,2.638242674628645545e+01,2.535057340081846178e+01,2.639519381533580145e+01,2.535436253915923999e+01,2.468896521716789039e+01,2.550534730578795006e+01,2.502054872410633379e+01,2.564749179258842560e+01,2.515058150882981636e+01,2.465673311946528656e+01,2.410871936677540361e+01,2.340179804573614319e+01,2.264821566576807754e+01
2.414827074920037830e+01,2.322406363085411840e+01,2.409331503651094408e+01,2.431781857828826787e+01,2.465929463786932274e+01,2.251025649771759163e+01,2.421518518425875754e+01,2.498774061017542181e+01,2.456021303926428345e+01,2.565996868170645939e+01,2.470570998725185063e+01,2.561212151797980141e+01,2.598135499369976742e+01,2.567673208772941962e+01,2.577030488530056118e+01,2.547854554657135395e+01,2.478713182908893486e+01,2.504002023715179348e+01,2.536286664639533228e+01,2.398096450422673342e+01,2.446079935145689888e+01,2.386469971481102448e+01,2.275336167606701565e+01,2.270018789530507775e+01
2.243869041278531995e+01,2.364715923483589677e+01,2.351954120164378992e+01,2.442339694443091958e+01,2.482859571308995328e+01,2.369425270458037858e+01,2.383014043549991356e+01,2.316166812398375896e+01,2.313856785123158488e+01,2.428196606881397202e+01,2.506134986145769972e+01,2.469996166928689263e+01,2.535499667502978127e+01,2.405009953774435871e+01,2.549170986421893303e+01,2.433535993608956005e+01,2.422152525091121333e+01,2.383051291217577727e+01,2.423785616568051182e+01,2.505640695069587309e+01,2.458461263457172663e+01,2.347712809709173598e+01,2.425550496611634799e+01,2.385856131926732360e+01
2.407808353267409984e+01,2.323910024724256118e+01,2.348871232244778184e+01,2.269787778671661727e+01,2.304729503385027556e+01,2.353585649185754392e+01,2.308187195588033092e+01,2.350451961482190200e+01,2.357965304551737518e+01,2.522813523653206857e+01,2.385383970389278829e+01,2.500885898532823148e+01,2.353210651784166885e+01,2.488086863702847040e+01,2.488823078023909829e+01,2.536114761239679183e+01,2.370027013912510938e+01,2.487188983464443481e+01,2.357776813571177854e+01,2.449874263270714891e+01,2.391168509618540838e+01,2.273447768862808971e+01,2.464478136070891878e+01,2.399964228410692613e+01
2.320422921081188861e+01,2.154412991940120037e+01,2.418062676920015974e+01,2.449065863691441791e+01,2.399606527559654978e+01,2.324745076810933142e+01,2.393726667426943777e+01,2.455469791256376766e+01,2.468096178034846844e+01,2.439799799113944800e+01,2.501337876033272778e+01,2.357817902838667123e+01,2.561788584678947700e+01,2.508843220600385848e+01,2.527354617113996937e+01,2.391193101447424851e+01,2.330136372936476619e+01,2.473543485515415341e+01,2.412248489421273234e+01,2.326104041087381802e+01,2.306541646545866797e+01,2.363332108136910392e+01,2.237913806886729162e+01,2.350201867181243642e+01
