2.433731485277934325e+01,2.521325803120294040e+01,2.493283866313078079e+01,2.543834807654712904e+01,2.449193552629287751e+01,2.570238303202143015e+01,2.459951893228839026e+01,2.568609722720293576e+01,2.532361036139121779e+01,2.547413404122517022e+01,2.516360592390748252e+01,2.553138624893057340e+01,2.475148504454352860e+01,2.537192065093381643e+01,2.526501025679806389e+01,2.536538677230822714e+01,2.605595272442621990e+01,2.596928056206320434e+01,2.605545517439469450e+01,2.615344573837813869e+01,2.726501446333929835e+01,2.623023759967770729e+01,2.734666406430932284e+01,2.527427445433482944e+01
2.538308600347988886e+01,2.421624615298441086e+01,2.458503998827239911e+01,2.521368771457144931e+01,2.438728146527546414e+01,2.546273517256867081e+01,2.431051496782754384e+01,2.579557721567152839e+01,2.443762450503396622e+01,2.388823006938059734e+01,2.494271841452712124e+01,2.462843738923641013e+01,2.425570229425227353e+01,2.363068935654405323e+01,2.437526037074093210e+01,2.447849449905106667e+01,2.447328758111564184e+01,2.476273923127160970e+01,2.486523175177234180e+01,2.648127011909951989e+01,2.550066007107358246e+01,2.514896238344624635e+01,2.575715738594220738e+01,2.595189981302308979e+01
2.463696719224276421e+01,2.303583642799333120e+01,2.527040467682860481e+01,2.422561627299199927e+01,2.613813009236594098e+01,2.424585908965087810e+01,2.507332164745747605e+01,2.504496107634889768e+01,2.524040535065313406e+01,2.495000077084307577e+01,2.608361270617831451e+01,2.390722563902568254e+01,2.511372920776585715e+01,2.418440929903789538e+01,2.414640450685402584e+01,2.341097365308905864e+01,2.414433265412645824e+01,2.250538389623881130e+01,2.517772475193157788e+01,2.437335305508054262e+01,2.622511298893647336e+01,2.384861852442014651e+01,2.503728030350674771e+01,2.473809317713147493e+01
2.534260502573755502e+01,2.577501350645650291e+01,2.525857434694353287e+01,2.614050805886415674e+01,2.508252545645478904e+01,2.498768302619919268e+01,2.426776836459299602e+01,2.742749893347382795e+01,2.436126138316467404e+01,2.573860244009654252e+01,2.414481153732702978e+01,2.484295789389545916e+01,2.369856083843762917e+01,2.481931720665511421e+01,2.482194330581438635e+01,2.530496338976257675e+01,2.415991393156281219e+01,2.489573337716927881e+01,2.460503302021044192e+01,2.449333408521073352e+01,2.396648801662882988e+01,2.601092412235641405e+01,2.451582724412804737e+01,2.628844885990798730e+01
2.618532068646840116e+01,2.593149714554056118e+01,2.545019977162212399e+01,2.479302022150397988e+01,2.379307616228095412e+01,2.546899579743131881e+01,2.513412144059662978e+01,2.528276668690511997e+01,2.471500047130189159e+01,2.544651555965208445e+01,2.354977193971762972e+01,2.505455326015771789e+01,2.463037254558707900e+01,2.477316412862074912e+01,2.356055664271548267e+01,2.390572677057048168e+01,2.438338920884069694e+01,2.469935064322811513e+01,2.364338299969131185e+01,2.393661550013672468e+01,2.460119969756516412e+01,2.450253871340197520e+01,2.347235715042734228e+01,2.473011821636418972e+01
2.514009608637064730e+01,2.479795601286190276e+01,2.489164979730270488e+01,2.459667830320404391e+01,2.425594513191873602e+01,2.477400644338518987e+01,2.501239419403270858e+01,2.476920489914255086e+01,2.526994100539275223e+01,2.537916952556645356e+01,2.588159885501602275e+01,2.519410222267981680e+01,2.474246899244332099e+01,2.464952472925523352e+01,2.438418655387562239e+01,2.556897471497620700e+01,2.602376744363107264e+01,2.476752512788362992e+01,2.377810074460319356e+01,2.386389352381962681e+01,2.383181283131739292e+01,2.383245734502429514e+01,2.370707363917790644e+01,2.535497802201115292e+01
2.593437317573244627e+01,2.496715544512420593e+01,2.650957448259924831e+01,2.392693568700190099e+01,2.633937131042040392e+01,2.647148131178369113e+01,2.526463151322309386e+01,2.523269437545098981e+01,2.695995254219729986e+01,2.556604079086514503e+01,2.687579929531034395e+01,2.493758334143097954e+01,2.617332865907047790e+01,2.608602116711654162e+01,2.570161175173592483e+01,2.501912521207515283e+01,2.704702861398601499e+01,2.508049561219661427e+01,2.701230436494796550e+01,2.460246077681028964e+01,2.614624482585310261e+01,2.604713810631210436e+01,2.644951843229688393e+01,2.433477738039135829e+01
2.434935136962224078e+01,2.540924274474889444e+01,2.573303522879933780e+01,2.627842583991287029e+01,2.529649837714487148e+01,2.646284096851582035e+01,2.591021811917295281e+01,2.622110540110168131e+01,2.572301858651945849e+01,2.692082720280922103e+01,2.587858402044412287e+01,2.612147023703528248e+01,2.512274974854625498e+01,2.629444379406589860e+01,2.552425537038772063e+01,2.560303746892185472e+01,2.548149183308720467e+01,2.644696256406933799e+01,2.556677442827020741e+01,2.582081284594681847e+01,2.580259965519172738e+01,2.609387478307093033e+01,2.489839260000894683e+01,2.646238269554783074e+01
2.462050292243833383e+01,2.463273508252416377e+01,2.507846404260777717e+01,2.532440261949943761e+01,2.594680648003850365e+01,2.590200692866335430e+01,2.609660612960539083e+01,2.622770729280392743e+01,2.643952658441128278e+01,2.513465109884123194e+01,2.570326708071996791e+01,2.651180315989773817e+01,2.579181401492820669e+01,2.571771776142867338e+01,2.607479592672331137e+01,2.530127588537152405e+01,2.575367959561918951e+01,2.532915609434070348e+01,2.568467364705338696e+01,2.526151053437803284e+01,2.512531751237440858e+01,2.522317843460149334e+01,2.592905818538929452e+01,2.549796188687855647e+01
2.532530059531876532e+01,2.443737604236957850e+01,2.529991057783882979e+01,2.583377366163824718e+01,2.551275412751760996e+01,2.632834779779443579e+01,2.606532416548526498e+01,2.578341057333528852e+01,2.472571825069468332e+01,2.553989331989487255e+01,2.570881201267673077e+01,2.558330560425054045e+01,2.536410905994932818e+01,2.592155787746531814e+01,2.550291897823103682e+01,2.557853144823815228e+01,2.408271117256907701e+01,2.451570129875511839e+01,2.516886954231256368e+01,2.574864033675771680e+01,2.591339719235992334e+01,2.539751139918064382e+01,2.491591738679426271e+01,2.517838402915805318e+01
2.482252984956858199e+01,2.395858005169515081e+01,2.672801603943383952e+01,2.437582264486837857e+01,2.620489961636917542e+01,2.423137221179428025e+01,2.548548693322476311e+01,2.456656276678864970e+01,2.620913412563191969e+01,2.490377244513376809e+01,2.528066481291722312e+01,2.517850008601789114e+01,2.669622977810468001e+01,2.539611575150610179e+01,2.572194601607179720e+01,2.510742776474086213e+01,2.631563024338885270e+01,2.514549827515213565e+01,2.698360724525554133e+01,2.599293012857066287e+01,2.592670494804104919e+01,2.471384942449662958e+01,2.574110231942410110e+01,2.548719016484534450e+01
2.366456712893545955e+01,2.548726037110657217e+01,2.502728354888421336e+01,2.542012582089745365e+01,2.496821767456862062e+01,2.601515348390353211e+01,2.463296048208036382e+01,2.653039019258937969e+01,2.484992810403355179e+01,2.617476699477788316e+01,2.446680195003000335e+01,2.577071795488723183e+01,2.507957968729925824e+01,2.635268905261921191e+01,2.470727415252963510e+01,2.630554519286238246e+01,2.556036627768298786e+01,2.611471800499322171e+01,2.644394346422791386e+01,2.756002347381269146e+01,2.572498364805284154e+01,2.616247218250413198e+01,2.544311195907994261e+01,2.560152851778053673e+01
2.536908608861125458e+01,2.419941719583221129e+01,2.468973184970479906e+01,2.485600003705428662e+01,2.454996959887313324e+01,2.456571533051146616e+01,2.539803868366203687e+01,2.537987577023329777e+01,2.426784054511244904e+01,2.491610841419969802e+01,2.553764924524682556e+01,2.498174726290727676e+01,2.510862535482414160e+01,2.502870908700236896e+01,2.488343952068163389e+01,2.514284147887644849e+01,2.649324083699247012e+01,2.641368100843169486e+01,2.501769295155577311e+01,2.528959196272319332e+01,2.553692093153398446e+01,2.525357509462213557e+01,2.613216146101353843e+01,2.483723161905010102e+01
2.353702590284206053e+01,2.486560327651329771e+01,2.349860605317343243e+01,2.397335339964399736e+01,2.428355891208320827e+01,2.543484515419470426e+01,2.499176232602167147e+01,2.511100467475137066e+01,2.437643311616943720e+01,2.530162801099453418e+01,2.454367718981313828e+01,2.478831839226864986e+01,2.428868146791677418e+01,2.471322469527444810e+01,2.470653945063332912e+01,2.563236461715007408e+01,2.480193999827838525e+01,2.601733672764510175e+01,2.444280943972540854e+01,2.584751248101781584e+01,2.418755412196065890e+01,2.545765888228379481e+01,2.525818711476250655e+01,2.460654360581452238e+01
2.467347640389266417e+01,2.344467494870934843e+01,2.466137451980387141e+01,2.368313178903781591e+01,2.571563303356396091e+01,2.439285731764363163e+01,2.585242455160022246e+01,2.439726798903728877e+01,2.517962562139842930e+01,2.511469123693632355e+01,2.497338621106803203e+01,2.469397728974701067e+01,2.530945193251744740e+01,2.420603066920460833e+01,2.633008292715470589e+01,2.369436867916795109e+01,2.541001193598890495e+01,2.465053805822986988e+01,2.566467315622395517e+01,2.484910816529577460e+01,2.624690274797700340e+01,2.489767380968618227e+01,2.608389268418801521e+01,2.455482211871509435e+01
2.510491909192677440e+01,2.660176733351642042e+01,2.397390693665579420e+01,2.483797971834286500e+01,2.432252675579889001e+01,2.637112494172174593e+01,2.384058017490400516e+01,2.449747987939713312e+01,2.491479223782846475e+01,2.533064850404457502e+01,2.533902707622223716e+01,2.494116403915381852e+01,2.525655635158898349e+01,2.612466504595283823e+01,2.495379978068262972e+01,2.520858905708433895e+01,2.395997887095938950e+01,2.557530309100792465e+01,2.510154232193264079e+01,2.582066571244001807e+01,2.595922885589152429e+01,2.709070707968430725e+01,2.424582231401802801e+01,2.549753080673161776e+01
2.367391727488092101e+01,2.370142466714986540e+01,2.492206919805937559e+01,2.377718493159409263e+01,2.480664712940841810e+01,2.420561714623346461e+01,2.376104786516958711e+01,2.454817376717807065e+01,2.507358908043909196e+01,2.434874409411457918e+01,2.512017691924882001e+01,2.440517378529119696e+01,2.475252558637282618e+01,2.407157852431959100e+01,2.478711964352453379e+01,2.405210379232391915e+01,2.441856211135944932e+01,2.502508423074590382e+01,2.474618455786105642e+01,2.467350885033130226e+01,2.496013746610412909e+01,2.484745779466931026e+01,2.601998553267799252e+01,2.492890307363262536e+01
2.334010515531883811e+01,2.446318955271658524e+01,2.375672957395187268e+01,2.459512836328104868e+01,2.366125261337271013e+01,2.498776363516810761e+01,2.399988240607734724e+01,2.379731540012028290e+01,2.451295709895032360e+01,2.459420724020816351e+01,2.351245779572343508e+01,2.442681488330555339e+01,2.313979289099808057e+01,2.504183324450286818e+01,2.416030869504140810e+01,2.502488645353986385e+01,2.403352794772354173e+01,2.489199082873864199e+01,2.459099593489111157e+01,2.516978828574201543e+01,2.460959551628963027e+01,2.620103051225009949e+01,2.437809470275607282e+01,2.502666135810039805e+01
2.409200898640006017e+01,2.405811133119595979e+01,2.424584141984297503e+01,2.398970974253074928e+01,2.516047811256936484e+01,2.439285731764363163e+01,2.413693192707563639e+01,2.337199152851258077e+01,2.443138687337540205e+01,2.453073578094603135e+01,2.515041002454512409e+01,2.456262944974980655e+01,2.487919631443213575e+01,2.409966903757822365e+01,2.366299843309690232e+01,2.408185880508915488e+01,2.520220533776222283e+01,2.506872275212310797e+01,2.522008310020811450e+01,2.437020471919470310e+01,2.569681070148601520e+01,2.578341788562079273e+01,2.482549752158735146e+01,2.439580283540232131e+01
2.362309860485612489e+01,2.403413473463166383e+01,2.436752115791762208e+01,2.523537272181926028e+01,2.490924331252500679e+01,2.521453752432790907e+01,2.434692852026785204e+01,2.515862777317369137e+01,2.417923351668855503e+01,2.510687834273420549e+01,2.404788287259094659e+01,2.501587482702331044e+01,2.458119287415843246e+01,2.547955530793262824e+01,2.500959171193409247e+01,2.492034066170862161e+01,2.436494343013526986e+01,2.477860811920743345e+01,2.391899291986982234e+01,2.539811359704390270e+01,2.506490545956330607e+01,2.496204391979529191e+01,2.621188330944738709e+01,2.580905754114911588e+01
2.426754083228479431e+01,2.308856443269905867e+01,2.452870664402570355e+01,2.393059893256855730e+01,2.459112037676425189e+01,2.456052804365725706e+01,2.457200115367692206e+01,2.434104679788362091e+01,2.450716644252202059e+01,2.309992665972100667e+01,2.417915122824382479e+01,2.445769717006191968e+01,2.430241786092091161e+01,2.340637725687224702e+01,2.499485642443943334e+01,2.356521476001029214e+01,2.489983772015170871e+01,2.518032468234127919e+01,2.539857242603608256e+01,2.566303849770662282e+01,2.658362301176657638e+01,2.614198607220509984e+01,2.533859466108879133e+01,2.507893244663659971e+01
2.303081117121757870e+01,2.420382490970342815e+01,2.337300617366599909e+01,2.388577658418381588e+01,2.480430282121164964e+01,2.454518125980877130e+01,2.343759795062806006e+01,2.439432939287615909e+01,2.405243363463131345e+01,2.410683600354070677e+01,2.439313415704583576e+01,2.379022682553761570e+01,2.403529910831019833e+01,2.426838615954187617e+01,2.374047586813316002e+01,2.446262070574516656e+01,2.412418103747683062e+01,2.484753362759789752e+01,2.516963557858070999e+01,2.484384393728879559e+01,2.696773243557538535e+01,2.630438934407260376e+01,2.658873515813564836e+01,2.744616420795188105e+01
2.499192743498264235e+01,2.480596849866014963e+01,2.559276432402174350e+01,2.378957877006666877e+01,2.531654781360924744e+01,2.373632139314105416e+01,2.526197901210315422e+01,2.407556145531765424e+01,2.378782623002041419e+01,2.351443872828980375e+01,2.498314976591700542e+01,2.329920889395896211e+01,2.492480486804259954e+01,2.447925579301136167e+01,2.596183895327590108e+01,2.379508483928310625e+01,2.533311426836911551e+01,2.524810486183338298e+01,2.650599688115602248e+01,2.623643060253471049e+01,2.733446024933914487e+01,2.725826435161172867e+01,2.996450332689084917e+01,2.736571459813615093e+01
2.341680892536300007e+01,2.489342887253872050e+01,2.435187999507843415e+01,2.471640056836173471e+01,2.468479117400323730e+01,2.405798255067173841e+01,2.475850142740870297e+01,2.483636976492556414e+01,2.357024677135348156e+01,2.506636933850660398e+01,2.413633731317850106e+01,2.474543787505075443e+01,2.495733856242060256e+01,2.456773390231182930e+01,2.476820234293927570e+01,2.465750823020056259e+01,2.408725290109151729e+01,2.609347954768435329e+01,2.564815623354002128e+01,2.663551932328181238e+01,2.641754839414204525e+01,2.974231275818652875e+01,2.905997580649932388e+01,3.047231918976279985e+01
2.488911280561194417e+01,2.425932222975575314e+01,2.466348581298393583e+01,2.362149018804535672e+01,2.509584132935702883e+01,2.391929628902124705e+01,2.501653743426413712e+01,2.547804727996350493e+01,2.570775098662170421e+01,2.415723858132406576e+01,2.471524287759268645e+01,2.390034835311553252e+01,2.485214270047003993e+01,2.407940124613770649e+01,2.361832030665516413e+01,2.511579058648152341e+01,2.504025198408908182e+01,2.498194786874427109e+01,2.504752184341805332e+01,2.545973550896673032e+01,3.035597047992428088e+01,2.993004980089591527e+01,3.082430144982379261e+01,3.096991056008948817e+01
2.343892906411639387e+01,2.427365651507579969e+01,2.399687882426496799e+01,2.515807245458893249e+01,2.424907433787177524e+01,2.570507569295449457e+01,2.490710346237210615e+01,2.457772740501968656e+01,2.492511221881409256e+01,2.520090207170562735e+01,2.457546476285676817e+01,2.425534877044577797e+01,2.396533208967815654e+01,2.384461806224095426e+01,2.338175581667638880e+01,2.413466902703788719e+01,2.463394385179338997e+01,2.519850730849606180e+01,2.482890469414900281e+01,2.649780045727737843e+01,2.928421157665962937e+01,2.949139722992555335e+01,2.936842354687297529e+01,2.967602054613217888e+01
2.507768585390118687e+01,2.436267293742031370e+01,2.593431169582282791e+01,2.480579658459208758e+01,2.604978783144008503e+01,2.496782697846248311e+01,2.602563024968367245e+01,2.360243419669706100e+01,2.516743383381145804e+01,2.525124056529415384e+01,2.481653342798273343e+01,2.281352684077154436e+01,2.505993313000408307e+01,2.548487238801664034e+01,2.583804735313071888e+01,2.498519521191093418e+01,2.612942302262257499e+01,2.541781727053694340e+01,2.688066098127075065e+01,2.716075170438364239e+01,3.160314979227024423e+01,2.977865473474787450e+01,3.121482996576008873e+01,3.063573142469437016e+01
2.441685322225828259e+01,2.535225909656645626e+01,2.499901207070217879e+01,2.536846376747212162e+01,2.522892098934249816e+01,2.615379295333781329e+01,2.565377632571983213e+01,2.516180866540582883e+01,2.505957198786182971e+01,2.550736084651941837e+01,2.458116074789847971e+01,2.509395213729271745e+01,2.386867867127972431e+01,2.510791580243125054e+01,2.482054589484505414e+01,2.414732925546695697e+01,2.573057006153680959e+01,2.543201238699708711e+01,2.610259295357707288e+01,2.792334614750166111e+01,3.085068915736241024e+01,3.016866875171143647e+01,3.022426266358280600e+01,3.097993625339773871e+01
2.539163045687701015e+01,2.466562126126251542e+01,2.450680200318169000e+01,2.603062887294635175e+01,2.498706414100496431e+01,2.575484963503998870e+01,2.555325090753558470e+01,2.486593190069362436e+01,2.541329371548772542e+01,2.531841945529373561e+01,2.416711878996613905e+01,2.487861627023715982e+01,2.581952270561720297e+01,2.532481490396821755e+01,2.737675523469999916e+01,2.553091916117102755e+01,2.598711871771854476e+01,2.547208027024538524e+01,2.602314632064639000e+01,2.606051055214709322e+01,2.764402715519798903e+01,2.770187014852973562e+01,2.787915341140848113e+01,2.741111841730827337e+01
2.373350762550967374e+01,2.390770454878008877e+01,2.535602675437235121e+01,2.551506630643774542e+01,2.542733077138444742e+01,2.449644259199931184e+01,2.477107972134780312e+01,2.388176103859979094e+01,2.402520843835230835e+01,2.434968016213576902e+01,2.531839827185547165e+01,2.574206689939501302e+01,2.520939626913167331e+01,2.622470179129817325e+01,2.515672020957617860e+01,2.499018333922094826e+01,2.469150306632258207e+01,2.628858289203856202e+01,2.574937477536894903e+01,2.596594521621278773e+01,2.638142812910268731e+01,2.637701769668888119e+01,2.529951913686062426e+01,2.667746714905450744e+01
2.499433024996028507e+01,2.387379479381252168e+01,2.576695327528318558e+01,2.446121375835525669e+01,2.563180692097392921e+01,2.421409485198046241e+01,2.615792335555124737e+01,2.255568719180843118e+01,2.718142146080776911e+01,2.450802755360405172e+01,2.606761280505440936e+01,2.449860939133975535e+01,2.696196909859838797e+01,2.519995316137203645e+01,2.647869328390714827e+01,2.485788528148833620e+01,2.704960450693806706e+01,2.607957646167000121e+01,2.656503811331145926e+01,2.576033225615242372e+01,2.615027494416312948e+01,2.504363310197902592e+01,2.866104552643355419e+01,2.620988288629808949e+01
2.446796760115364577e+01,2.546707286824664607e+01,2.400074857192419131e+01,2.623508470636096490e+01,2.377430890918810746e+01,2.581590234868912148e+01,2.414705242197476309e+01,2.650730441281888261e+01,2.463256010928483875e+01,2.648844051015754530e+01,2.516821036595268879e+01,2.734601374246079786e+01,2.490978458305698950e+01,2.645791365169100118e+01,2.563747165961086694e+01,2.743378211307572201e+01,2.604901741189826225e+01,2.616175583775611813e+01,2.587948409485386492e+01,2.746593175441643098e+01,2.631963652701421097e+01,2.755347910559788716e+01,2.537823646258556209e+01,2.743158730676873347e+01
