2.586573321051901075e+01,2.646506024678245694e+01,2.618670146959817657e+01,2.413608882811638523e+01,2.450151694723444962e+01,2.574894689835821282e+01,2.562298172914825045e+01,2.483323693506162044e+01,2.521087016476582221e+01,2.628497091718446654e+01,2.461258544756418587e+01,2.454658792298846492e+01,2.511037513643105967e+01,2.484696683734955514e+01,2.607934325996956204e+01,2.483032196609548237e+01,2.434504276049284499e+01,2.495917896839796413e+01,2.523926983415594805e+01,2.602948232301775988e+01,2.614507183602211171e+01,2.605550520283742344e+01,2.535779722397768410e+01,2.652918518387281210e+01
2.608292163195983449e+01,2.519766953733312675e+01,2.481749712472105784e+01,2.571241475127555987e+01,2.637567538954039037e+01,2.551131527642911578e+01,2.580141832495741028e+01,2.476577432845698468e+01,2.386400108961265687e+01,2.628108175832909410e+01,2.488727123079576131e+01,2.480454393008000125e+01,2.509392593974928332e+01,2.445886179199692378e+01,2.345236352754153586e+01,2.509099048829415324e+01,2.507584553955950923e+01,2.469310148268868943e+01,2.545992492246182337e+01,2.461093546000603283e+01,2.583110532472949217e+01,2.594135323565552653e+01,2.677224776093356695e+01,2.599106752131370968e+01
2.588652227414002027e+01,2.530978434841853186e+01,2.553859630823291127e+01,2.570830343957948116e+01,2.439349153105564483e+01,2.684009062324508932e+01,2.456475318497814442e+01,2.520877043266887085e+01,2.390872419537953419e+01,2.534614249833362010e+01,2.442747863121280716e+01,2.516106180541214599e+01,2.388627135453890560e+01,2.419296523266882559e+01,2.396545187380036168e+01,2.528307698856917796e+01,2.498564782083002456e+01,2.567985641182747258e+01,2.473184319150033161e+01,2.646880910418508392e+01,2.503787306031512117e+01,2.645066884079881220e+01,2.535210400406384679e+01,2.645119581718637392e+01
2.683440907964330790e+01,2.504543425448355265e+01,2.554889701925577583e+01,2.459931596608561222e+01,2.564555912424805229e+01,2.467189867243968138e+01,2.617385089897504713e+01,2.613428933148662736e+01,2.561381150641011573e+01,2.492927624727320790e+01,2.520029919972881771e+01,2.447388243727675672e+01,2.536604008560072998e+01,2.428538695705134387e+01,2.628069902658842238e+01,2.433160785565007700e+01,2.664568110109206600e+01,2.534741058097125688e+01,2.648931977178563102e+01,2.743545454226409674e+01,2.630797239225330486e+01,2.509394561391098932e+01,2.622240809222478219e+01,2.527068093444518126e+01
2.529348808622012257e+01,2.509422785240337817e+01,2.515023029470586380e+01,2.561910067052440354e+01,2.420168743209256945e+01,2.526742507153801398e+01,2.580189165903203730e+01,2.516928261368423136e+01,2.422459857562978414e+01,2.555910077958992588e+01,2.521646377859826771e+01,2.478091708787627567e+01,2.532331244534299231e+01,2.470582288840643059e+01,2.425506454377455157e+01,2.460883900045621431e+01,2.526411793187804733e+01,2.596617434311411898e+01,2.511106639353761238e+01,2.619923235483781809e+01,2.585987754827493745e+01,2.514940701370306897e+01,2.559174316439140284e+01,2.556419761176630345e+01
2.545617529730139950e+01,2.489779314379080688e+01,2.460373064059319859e+01,2.411874068701075657e+01,2.426735726419440198e+01,2.377343180467175898e+01,2.464658600501957153e+01,2.523902414080828294e+01,2.496890285088420569e+01,2.529441683236211702e+01,2.470030490092398168e+01,2.420709283227137121e+01,2.562714509722508183e+01,2.441170896387831135e+01,2.565260740353369329e+01,2.608204635715685527e+01,2.481233347406543999e+01,2.565780849791099172e+01,2.582891204844958111e+01,2.513969200268576287e+01,2.490248055688090290e+01,2.529673834118835885e+01,2.497707621910262787e+01,2.511971908049673630e+01
2.303403673546495156e+01,2.575883562288709072e+01,2.455280025386343823e+01,2.517557941330682070e+01,2.432788113104379590e+01,2.450703928106173635e+01,2.399313394044531833e+01,2.437203957033324286e+01,2.465028054276820058e+01,2.494409703933644096e+01,2.445497540056453545e+01,2.489872761574292781e+01,2.393582508483626725e+01,2.496134146308548907e+01,2.459738455082253950e+01,2.498973449418173232e+01,2.571917870223018099e+01,2.576959252232626341e+01,2.546478145802433346e+01,2.679317295189508741e+01,2.528190791313215868e+01,2.632843975079362053e+01,2.463469656959682652e+01,2.454867302055600931e+01
2.470352561644921252e+01,2.448778334187250039e+01,2.463555168499658521e+01,2.377646001901325690e+01,2.514730779958182438e+01,2.441209260903247014e+01,2.523698884929109454e+01,2.502156330573126297e+01,2.416969575486132271e+01,2.318507110630781654e+01,2.513102586430881047e+01,2.448603988307229429e+01,2.527928781775415246e+01,2.447223091464348954e+01,2.440309682414778081e+01,2.505491206008537119e+01,2.636948949148387555e+01,2.588293251101958958e+01,2.626147084333285875e+01,2.558967135572993357e+01,2.513662184853245662e+01,2.601739212499444420e+01,2.675461204025856432e+01,2.529629845901814633e+01
2.437855967431153204e+01,2.442538062180278757e+01,2.534008228547787667e+01,2.542091171740628397e+01,2.492625754867913201e+01,2.414722925191279046e+01,2.476304825499772733e+01,2.473679892823713544e+01,2.482493095542071160e+01,2.460680518481694889e+01,2.468562508407586620e+01,2.463790971669510554e+01,2.462611807156827126e+01,2.402704023318113968e+01,2.488284081833415939e+01,2.534030768010194379e+01,2.509576230157472310e+01,2.537043191502465334e+01,2.516949290107493198e+01,2.438400953088734013e+01,2.601930627191262602e+01,2.537925973252879430e+01,2.544241821714388152e+01,2.519906650152466909e+01
2.401431242944323685e+01,2.507202101643872538e+01,2.394775641403253985e+01,2.474430262881452336e+01,2.413504352817381005e+01,2.425317863527573081e+01,2.422999688589294465e+01,2.452894761348147767e+01,2.473189152136183111e+01,2.449871273308002628e+01,2.449758845414964981e+01,2.331819513116460030e+01,2.456340471649474466e+01,2.479261479915857080e+01,2.503855797783683101e+01,2.512496905518645463e+01,2.359377376173830498e+01,2.368857014217468304e+01,2.643177124464330063e+01,2.541129327422345341e+01,2.608274968085021328e+01,2.500328739544460177e+01,2.522404365868146670e+01,2.431350305661703715e+01
2.378561107012615139e+01,2.500346053478619979e+01,2.424891597336824134e+01,2.563139035444118008e+01,2.406816372650592939e+01,2.529485600652782296e+01,2.373210658708705978e+01,2.494576910029161354e+01,2.376997006485260044e+01,2.492947340637687148e+01,2.411238867241678463e+01,2.470072902106534229e+01,2.400875135067354904e+01,2.441030937333022166e+01,2.459327811636279648e+01,2.516358231764735365e+01,2.515108434702727891e+01,2.587291624336245377e+01,2.563846890119333466e+01,2.618863764886270928e+01,2.501012771474023566e+01,2.559705965182712362e+01,2.473672416739645996e+01,2.616916065686194770e+01
2.512795263076611718e+01,2.392408161483183449e+01,2.548951634065730332e+01,2.419138577031537807e+01,2.453247451422595304e+01,2.357889972759738839e+01,2.443158172898927205e+01,2.385363022816397915e+01,2.522478150751703652e+01,2.519018066967913683e+01,2.503228570049253676e+01,2.291143710492713126e+01,2.411592885502528816e+01,2.509672878357821446e+01,2.596685654946696786e+01,2.502309959583533328e+01,2.561783227878333946e+01,2.635281849155063583e+01,2.682062480183856223e+01,2.690622197390717929e+01,2.466858401779649057e+01,2.422351250435661996e+01,2.407625397673592715e+01,2.443631617743329798e+01
2.485366815544688279e+01,2.585145162519847872e+01,2.557729892199574806e+01,2.518974711205942185e+01,2.435256685055526304e+01,2.421095510794867778e+01,2.456918959511318690e+01,2.387634088491137163e+01,2.310009395148824751e+01,2.515814990691052344e+01,2.389479921588809930e+01,2.403715583187641869e+01,2.522464130387885461e+01,2.414982549017605606e+01,2.498668838910197110e+01,2.474629674184757278e+01,2.490689246767692566e+01,2.584083932334323208e+01,2.594040844833699566e+01,2.604032606607273692e+01,2.431149375952907121e+01,2.527048628689414045e+01,2.485648363551081275e+01,2.445936859824809062e+01
2.540450097655974560e+01,2.573397109354397116e+01,2.607475114513005110e+01,2.597719110034029200e+01,2.536560399965355828e+01,2.490447012488760947e+01,2.554627116922875985e+01,2.533395760018419196e+01,2.512778133933488789e+01,2.453534326349711137e+01,2.391864159722967997e+01,2.366512504253500992e+01,2.405742521728001293e+01,2.400352843093071442e+01,2.530066616557928683e+01,2.423986826289029750e+01,2.539088737703144716e+01,2.525480214849255844e+01,2.588068666873601842e+01,2.592413386139725162e+01,2.492546397346677622e+01,2.370102022188399360e+01,2.525185654720417006e+01,2.440215475697289094e+01
2.372139542914288768e+01,2.607545400724018236e+01,2.440539912111438525e+01,2.531123910613990802e+01,2.481207382542879714e+01,2.600719131621991664e+01,2.676401943400190930e+01,2.824124793947169110e+01,2.661243421497664485e+01,2.853767568654859588e+01,2.574064867575060589e+01,2.527778050449694547e+01,2.523570989987911162e+01,2.529618020654845623e+01,2.441324225162276207e+01,2.512345666851854276e+01,2.463015644069395194e+01,2.557027482131587703e+01,2.520171601649758486e+01,2.557933556880681181e+01,2.376862968569719214e+01,2.454281960252131967e+01,2.385093729543081054e+01,2.451445753891329105e+01
2.655045140666959469e+01,2.413407507194807522e+01,2.485044402481599946e+01,2.535733429001146533e+01,2.412748835366619460e+01,2.371493711152544392e+01,2.735606923634350096e+01,2.747844665561495958e+01,2.835592530603270234e+01,2.842194073120566600e+01,2.642267371449094071e+01,2.538033462881492142e+01,2.601716358703566812e+01,2.541278187955305157e+01,2.637638068341209419e+01,2.565987072349264508e+01,2.521751285860898406e+01,2.566895942322150859e+01,2.567634124954162189e+01,2.606296627091643359e+01,2.475284321565953860e+01,2.414793663476837082e+01,2.476604924180975331e+01,2.455395476360678231e+01
2.416105640448762415e+01,2.478468310366275773e+01,2.468759526858508480e+01,2.597900600020693673e+01,2.305213048878118798e+01,2.424299499733604080e+01,2.827899715304909023e+01,2.999438932852245898e+01,2.998578248243489952e+01,3.055211663963058299e+01,2.903013337564175345e+01,2.667320962344382451e+01,2.403128948240782847e+01,2.485199172129676981e+01,2.473883205187138401e+01,2.499579031118474859e+01,2.518746449178627245e+01,2.511069573907809627e+01,2.533478029506358098e+01,2.491945485767877244e+01,2.500936568427613338e+01,2.435866627254205241e+01,2.387651824087231489e+01,2.385498681922086917e+01
2.460728380573829099e+01,2.476598283673513379e+01,2.502259074749611045e+01,2.473004793363634235e+01,2.402461117258394552e+01,2.375651115618359199e+01,2.746444126592024304e+01,2.842067299232263622e+01,2.941351459232140542e+01,2.865331991662355904e+01,2.826307506557623128e+01,2.536571603151213594e+01,2.441159768037607591e+01,2.433590369508522144e+01,2.443484739994988786e+01,2.414356094773376071e+01,2.496734239999597094e+01,2.531822576390044333e+01,2.568160359519066560e+01,2.455872623217186401e+01,2.535074961655215020e+01,2.465521613169141801e+01,2.437076597697722491e+01,2.447374668381723950e+01
2.455514856394694334e+01,2.530818947077216308e+01,2.494002922759432295e+01,2.561818413943899486e+01,2.461415409069275029e+01,2.547116263777968470e+01,2.715757131552163628e+01,2.723650109594626656e+01,2.587776608703484271e+01,2.629972059628988745e+01,2.521692323548427339e+01,2.666782975799486621e+01,2.548419378795193779e+01,2.585688339204460817e+01,2.527696816060648644e+01,2.567352650684790660e+01,2.475359088248387707e+01,2.563397406653308508e+01,2.580490675345947693e+01,2.527770059795136603e+01,2.392901371838502200e+01,2.543613373150316193e+01,2.443853991145067539e+01,2.473090788386519989e+01
2.528518804004522735e+01,2.550354368287901252e+01,2.562688287224494843e+01,2.312530483616450283e+01,2.615953260237341738e+01,2.719835220642653439e+01,2.819980385603599871e+01,2.659754361066575257e+01,2.748751339136265415e+01,2.518297841436935869e+01,2.669155581914026243e+01,2.696819237933453905e+01,2.736164189314371242e+01,2.640707597423573816e+01,2.559477397806000454e+01,2.552303741540555393e+01,2.545372388606529057e+01,2.588120121334725354e+01,2.605285556858808604e+01,2.492714778833163791e+01,2.579111859364445536e+01,2.463534663680883341e+01,2.524314658929478128e+01,2.466402325214124858e+01
2.473162437270667624e+01,2.416925997170750406e+01,2.523329965631734240e+01,2.501816388880280329e+01,2.837453458879053869e+01,2.918514540989264106e+01,2.830062904202458185e+01,2.822674915689361796e+01,2.847994535447867293e+01,2.708872822618650389e+01,2.732906620711446521e+01,2.674196727591385070e+01,2.641402067140847976e+01,2.718458524868367476e+01,2.758988087047504223e+01,2.767257009949662461e+01,2.651381529644760349e+01,2.526184356282425369e+01,2.495362723709229158e+01,2.453149988659146175e+01,2.482892627567417776e+01,2.491818414448601970e+01,2.513481599787439791e+01,2.355620561505577371e+01
2.409414298972757251e+01,2.586076053792862695e+01,2.425640199669720687e+01,2.515135520582748541e+01,2.714664921632987671e+01,2.848188584860207584e+01,2.856312189489074171e+01,2.757558784337072666e+01,2.860547225445174035e+01,2.779200883743948225e+01,2.751402543372313403e+01,2.742413914722658319e+01,2.768716731894801342e+01,2.773453032478425939e+01,2.822200091283298207e+01,2.725039437437271772e+01,2.624136385496836965e+01,2.526607224246191663e+01,2.521740532175346061e+01,2.610680735217567872e+01,2.521983038100239582e+01,2.399815833576434443e+01,2.488881464982966918e+01,2.519988797575535955e+01
2.415097417397061008e+01,2.544549170703510299e+01,2.429604345196401027e+01,2.659514784747983640e+01,2.915620711934440124e+01,2.903158473062222811e+01,2.905051475879071177e+01,2.945793528168167086e+01,2.896492527377102988e+01,2.883775088579227486e+01,2.833966927688226178e+01,2.805285791358386405e+01,2.773880790217447156e+01,2.880439144083925385e+01,2.824753892487132134e+01,2.917663542369393781e+01,2.589153581179215280e+01,2.579779118301678409e+01,2.489952537380975173e+01,2.533605494317743023e+01,2.440598806475327365e+01,2.449594081134978296e+01,2.416062973269288250e+01,2.466986749037101845e+01
2.575395519388445109e+01,2.511413702395424252e+01,2.560187405207966549e+01,2.734007161582854906e+01,2.948026577573943996e+01,2.884912409118805954e+01,2.891296183629395955e+01,2.932109794295462279e+01,2.922253216408398657e+01,2.909915098956378188e+01,2.906157339917706395e+01,2.962666600665897931e+01,2.988709294281687789e+01,2.948413934556185723e+01,2.928695310042616029e+01,2.798483328012241600e+01,2.729931674705500200e+01,2.593748935805786004e+01,2.654101220588142951e+01,2.504317221181867126e+01,2.564635633772775236e+01,2.499436057382109766e+01,2.387685168269132419e+01,2.478409925401001601e+01
2.572820735934828917e+01,2.698182833948573034e+01,2.733651549924769597e+01,2.919802492405784733e+01,3.022647096765297192e+01,2.814994160582386939e+01,2.974966342184774248e+01,3.033631775493881833e+01,2.858217832632334421e+01,2.986537663294507183e+01,3.003202616901785404e+01,2.818032795199269458e+01,2.804030594864497061e+01,2.899437154754986068e+01,2.856529586946572863e+01,2.725033132718925799e+01,2.543031919639651051e+01,2.677874037777559124e+01,2.523048275232963533e+01,2.581849918151687007e+01,2.453765808710409146e+01,2.480993725629355140e+01,2.517311693962835761e+01,2.390593318236847153e+01
2.623664209180287799e+01,2.574269508948935936e+01,2.669590125285901649e+01,2.819813035734210871e+01,3.058788534123635827e+01,2.771107575796185074e+01,2.908843685229493303e+01,2.964544423653507010e+01,3.014081996389813867e+01,2.932554750236323571e+01,2.937608573592672201e+01,2.974646705677815817e+01,2.844580300927088956e+01,2.797702500339192966e+01,2.819918428679733324e+01,2.593748935805786004e+01,2.643315460633363045e+01,2.663549963875112780e+01,2.736320650473606975e+01,2.538430564534439782e+01,2.479350326597966614e+01,2.459931614094892893e+01,2.467523951964773232e+01,2.379816347635050988e+01
2.519029810965434990e+01,2.717145946880083329e+01,2.612939949513338433e+01,2.709913798483148639e+01,2.670766998140385340e+01,2.779318687979616698e+01,2.786102022986034399e+01,2.963107356152710281e+01,2.869913286001047936e+01,2.930697402943428642e+01,2.901496288372811705e+01,2.850908911438170890e+01,2.832763994847044842e+01,2.800335463314877416e+01,2.655414047434732083e+01,2.679146635186469894e+01,2.627498490310733814e+01,2.795414757666236483e+01,2.679375017868539999e+01,2.687421047852757283e+01,2.552694461945679905e+01,2.533964984101123719e+01,2.486987849015304164e+01,2.462000442326984739e+01
2.636763431443421268e+01,2.614826308437500302e+01,2.667319026024387085e+01,2.683773645942437724e+01,2.749188579191678627e+01,2.780229834805913924e+01,2.826111803747579643e+01,2.776879528068729996e+01,2.688351159810434865e+01,2.676686501629711756e+01,2.863673565831203405e+01,2.673493776806952837e+01,2.737493082681163514e+01,2.711740942479519845e+01,2.682223818600067489e+01,2.598534015665541119e+01,2.660387891248819869e+01,2.707123724247117025e+01,2.637730933067689421e+01,2.550035567093158306e+01,2.660590865443361963e+01,2.588067604788722065e+01,2.629429975387967033e+01,2.429617923582839012e+01
2.469134924082277394e+01,2.401487972464661880e+01,2.417846008217969711e+01,2.530505945992041461e+01,2.708290607455421650e+01,2.577518589028176166e+01,2.599892679445474641e+01,2.593006557549182389e+01,2.609067401603255121e+01,2.658244900433851399e+01,2.563050013315114484e+01,2.671819397769957050e+01,2.594458970388023999e+01,2.563969713760150171e+01,2.551884672867691961e+01,2.640410859556493506e+01,2.571478010206357112e+01,2.596617434311411898e+01,2.570375957939126010e+01,2.513151239787953273e+01,2.500545418498529671e+01,2.567072561655237450e+01,2.440341471263997164e+01,2.348690264842315401e+01
2.549351762690190526e+01,2.468397786735835098e+01,2.568774019619837645e+01,2.451528696130077378e+01,2.645916064821847158e+01,2.661366527061608167e+01,2.663943651117654099e+01,2.636565389604982101e+01,2.568271627360223874e+01,2.620116483753366765e+01,2.696699473141359249e+01,2.583051389120481645e+01,2.569667996684131595e+01,2.633288772513014919e+01,2.602750851051587233e+01,2.566425472943313935e+01,2.595445843477807557e+01,2.577153613772753715e+01,2.457667363205280253e+01,2.478499567338786846e+01,2.449440586338215553e+01,2.359964509308758807e+01,2.391817765555879305e+01,2.507820228961981002e+01
2.489531589428793268e+01,2.565080152032993510e+01,2.553643639673964572e+01,2.546544923689202733e+01,2.383208766883268481e+01,2.684768608481266483e+01,2.675252217292597834e+01,2.755788463193363214e+01,2.586962773396481907e+01,2.598117592204249604e+01,2.481838527411576933e+01,2.617428934534581231e+01,2.554449849599956224e+01,2.624834541420409550e+01,2.627356125432226008e+01,2.653354656313541682e+01,2.703725425130551230e+01,2.753629739793336739e+01,2.544369805504123860e+01,2.526780896438089030e+01,2.537468462872715236e+01,2.537970920668226427e+01,2.470920666298025026e+01,2.601617333747043403e+01
2.543593228171687315e+01,2.402662080947237655e+01,2.549125000507962113e+01,2.577672218862744558e+01,2.597891968327144241e+01,2.660172930943662095e+01,2.808874367316900589e+01,2.731339850400212299e+01,2.739762252383133045e+01,2.837672825825529799e+01,2.684161457248507077e+01,2.648543087848202049e+01,2.719863731211000868e+01,2.709352404947765081e+01,2.751409273135277544e+01,2.722393605582107057e+01,2.707804181906772101e+01,2.699283449976155680e+01,2.713008296746943415e+01,2.607017923985046082e+01,2.595351070677298821e+01,2.489632020234091669e+01,2.614608050045467280e+01,2.529792457994278720e+01
