2.899205981042325675e+01,2.982055457348911887e+01,2.841696818350857257e+01,2.868379301826252004e+01,2.892117918027707901e+01,2.962740221654263451e+01,3.009881573170099500e+01,2.886270251310781987e+01,2.869809689957548926e+01,2.932165063697067353e+01,2.899193480089138575e+01,2.892678885360913910e+01,3.010167697086353655e+01,2.855355364963207876e+01,2.886855152029215787e+01,2.833387885509637272e+01,2.920969046176861639e+01,2.893273877731053290e+01,2.854453559870665913e+01,2.958001521883983287e+01,3.086835517608011514e+01,2.992081292718961549e+01,2.980957445274628981e+01,2.905435382092838381e+01
2.755453051053768831e+01,2.850918774856558002e+01,2.955817477180119113e+01,2.888529428253150400e+01,2.903275904351096415e+01,2.909013752161627053e+01,2.794796932952658608e+01,2.914399783306299696e+01,3.007473331129989447e+01,2.861478328897629808e+01,2.936673341089743872e+01,2.819740038067777732e+01,2.847103435797248494e+01,2.866417148779174795e+01,2.881725074810373144e+01,2.804916323640577502e+01,2.894426098350277243e+01,2.942461690822682385e+01,2.934537357199502594e+01,2.808225281675930773e+01,2.959356360207812031e+01,2.949367764149673121e+01,2.872290400133312005e+01,2.893192555265801502e+01
2.861948545432852598e+01,2.779022759332025316e+01,2.868244026059880980e+01,2.953998216644970398e+01,2.970968927071595544e+01,2.939739009891832211e+01,2.862659992110138774e+01,2.945302144069893302e+01,2.897823021105239150e+01,2.953872427291787517e+01,2.836300804720292490e+01,2.988567271868834041e+01,2.923065148421119375e+01,2.953272229430206153e+01,2.828065533872563719e+01,2.957455331720007052e+01,2.935120897495175996e+01,2.902497648236573013e+01,2.933888150718519228e+01,2.878483140570449450e+01,2.935158236272121712e+01,2.948705456647809342e+01,2.912526762006632453e+01,2.820295103574130735e+01
3.002988487641971460e+01,2.869803884374232439e+01,3.005241483376892120e+01,2.905984825349372613e+01,3.000838505330352746e+01,2.855866206355921122e+01,2.912540656983071585e+01,2.800229670055438191e+01,2.953487693378025369e+01,2.944553098765271670e+01,2.948796238077522958e+01,2.894993946377070415e+01,3.017256400038218089e+01,2.889608960214661693e+01,2.953143606712740166e+01,2.959182362045459058e+01,2.910559692181573155e+01,2.942744465585951730e+01,2.877655530937539652e+01,2.991759087422570929e+01,2.926098172418949162e+01,2.915937294951442027e+01,2.859093641541414854e+01,2.790047844448940850e+01
2.909259146021997822e+01,2.726654428470294533e+01,2.943692190687886523e+01,2.879835613642620729e+01,2.984004003378561265e+01,2.879496584023809191e+01,2.900647066442940059e+01,2.915056147451508650e+01,2.930634765359593530e+01,2.909645257157791320e+01,2.837812196260904329e+01,2.816430271795269391e+01,2.884267821350692884e+01,2.882046603599775381e+01,2.925141024415154334e+01,2.833819215236781019e+01,2.804853760381030270e+01,2.896381917646647253e+01,2.909616364757516749e+01,2.865978155366775582e+01,2.772030135764470060e+01,2.868570954375502424e+01,2.997545203983901274e+01,3.043098940573185018e+01
2.808381816109613283e+01,2.930009919546046149e+01,2.933037778473999424e+01,2.940799838588645798e+01,2.820305866356977731e+01,2.867021844460481361e+01,2.911051345558809089e+01,2.884753344877486825e+01,2.949728745735444591e+01,2.921129450454338894e+01,2.894266072300882797e+01,2.806363913344176808e+01,2.984524486226422368e+01,2.937983495653065802e+01,2.896770386951607179e+01,2.845095961931320971e+01,2.891661801675769539e+01,2.936740247148480876e+01,2.825154516446576736e+01,2.853350347717508839e+01,2.795239583363292013e+01,2.814832758571731119e+01,2.855880622298070648e+01,2.851314416125643447e+01
2.928246980337610239e+01,2.963844793663201926e+01,2.833845270975251651e+01,2.932073881844087282e+01,2.840896393945484988e+01,2.933750098355886848e+01,2.889960412777230658e+01,2.980479415270508525e+01,2.871226327567723047e+01,2.918020572639437660e+01,2.918912869773390639e+01,2.926900754726096920e+01,2.939419951459422009e+01,2.984576616780543645e+01,2.910436963276782762e+01,2.898140273284059276e+01,2.917678363565295285e+01,2.925201714876129699e+01,2.950461630348661402e+01,2.992153213027279435e+01,2.902482101121637470e+01,2.934051573170825122e+01,2.833655338985141725e+01,2.972726624182610067e+01
2.859664781374840459e+01,2.830657908967612002e+01,2.862998850545636742e+01,2.955784015803379816e+01,2.875543897551773398e+01,2.914550241110254092e+01,2.971978300898524594e+01,2.927704725298235644e+01,2.895581131599885794e+01,2.905678951030000690e+01,2.875325047267483569e+01,2.933860982161098718e+01,2.960183114116716752e+01,2.826758949917484642e+01,2.929698216054777049e+01,2.883187580126900684e+01,2.872697808059990621e+01,2.895310603860610854e+01,2.973203553989839065e+01,2.853377395475223466e+01,2.850602971697418297e+01,2.993167939480963469e+01,2.979768115663574690e+01,2.858671476338872708e+01
2.815756361365981775e+01,2.899891422997933432e+01,3.010519686029550712e+01,2.881558628329321436e+01,2.844440855548026548e+01,2.805969812719774836e+01,2.932321281709170080e+01,2.893622055753411360e+01,2.841073484818701900e+01,2.838756810164051103e+01,2.839047775135958318e+01,2.836211534599357265e+01,2.864929189454039715e+01,2.809665058748504407e+01,2.875882109834856237e+01,2.871695350778276179e+01,2.929778326547949518e+01,2.840221904507546924e+01,2.924708246744398821e+01,2.834827400067536018e+01,2.891110565395541698e+01,2.796656677139134217e+01,2.900179814766539721e+01,2.824967049835152011e+01
2.948957653486093022e+01,2.816132010391123686e+01,2.857844352233450991e+01,2.870218675340021264e+01,2.876438994493787504e+01,2.827267085031519400e+01,2.875649268137453873e+01,2.846032437571011542e+01,2.849104312493938096e+01,2.892864292484978250e+01,2.926482997222132099e+01,2.826308060458501359e+01,2.806396495271860658e+01,2.909711552358453446e+01,2.837071949936097326e+01,2.861146800793312650e+01,2.817477122487321139e+01,2.825230460882556827e+01,2.858724410465327992e+01,2.861949241521762133e+01,2.987049034093990940e+01,2.882167901579060754e+01,2.914411551576313286e+01,2.902001642450602503e+01
2.893970731425582699e+01,2.926980117171495976e+01,2.881592211065913034e+01,2.974721938774825958e+01,2.943848210916036123e+01,2.895236321401046098e+01,2.851225687643710671e+01,2.933598132991528473e+01,2.887921866966706830e+01,2.949642734586433335e+01,2.916340183031672950e+01,2.923384816746988690e+01,2.869934450994776398e+01,2.910429740989809488e+01,2.841070052243748023e+01,2.964847905552255725e+01,2.916696093903954079e+01,2.955792317950511006e+01,2.863316324898596577e+01,2.988754227826325405e+01,2.932624852614742395e+01,2.886398061487216182e+01,2.917371729363952682e+01,3.007187736822453417e+01
2.862212292195158625e+01,2.856299642321857846e+01,3.018692538265707981e+01,2.867962191268725292e+01,3.003740102515882882e+01,2.924254511740247153e+01,2.911180297228372638e+01,2.920994706231431337e+01,2.909764940162574476e+01,2.868947524642260305e+01,2.969927105291446878e+01,2.879531959626808657e+01,2.943442215223939229e+01,2.887122788876968116e+01,2.876825563717267187e+01,2.865711730857066186e+01,2.926903434943255888e+01,2.930599698834151923e+01,2.913466618275509745e+01,2.938972303909395123e+01,2.964087119544137749e+01,2.921934243583149282e+01,2.924741103578077173e+01,2.996423655951497267e+01
2.843935844065879337e+01,2.864096141178623611e+01,2.996304880566628981e+01,2.902981084845862370e+01,2.921117011595453050e+01,2.870950904462210929e+01,2.927158823409547495e+01,3.028089276542658581e+01,2.917919281457358238e+01,2.915106030411845950e+01,2.872841931860887144e+01,2.803950478810179447e+01,2.829142332986390329e+01,2.886861736140275525e+01,2.889115862170712035e+01,2.900906180762700615e+01,2.852246490896112618e+01,2.863171063426744922e+01,2.940285620030641667e+01,2.835945938845691217e+01,2.857972427954888417e+01,2.851709289515406454e+01,2.828774025968829164e+01,2.813120876286905059e+01
2.882936622352951872e+01,2.909294184194004629e+01,2.807801592200422647e+01,2.939314640563952707e+01,2.984025693904419541e+01,2.899362743479127857e+01,2.839226892708364858e+01,2.883791602089814887e+01,2.860145047060331081e+01,2.815088224378672521e+01,2.926193422507111563e+01,2.849479571837258618e+01,2.927253248216766224e+01,2.934882779457490187e+01,2.823794743842421440e+01,2.897515249072927190e+01,2.967839575761041715e+01,2.887258623408183666e+01,2.934128177640104695e+01,2.820802881762602965e+01,2.917643309002579599e+01,2.936741069123274883e+01,2.833777135878807485e+01,2.840104545721442264e+01
2.913186967197520971e+01,2.982642903113577404e+01,2.900914086822319859e+01,2.932599106637098885e+01,2.875813181403458429e+01,2.851532358567794745e+01,2.887110088943063602e+01,2.865636372059805126e+01,2.920131764042110945e+01,2.848361281300634573e+01,2.816774974230787620e+01,2.904964742039430803e+01,2.866208691673665498e+01,2.938954884769992759e+01,2.900951416021518980e+01,2.857462234109522115e+01,2.926987484261360351e+01,2.921791175030597287e+01,2.970575861861289013e+01,2.841417901436955162e+01,2.946474329881067433e+01,2.955128627249996498e+01,2.931036397638007429e+01,2.893086171072064872e+01
2.937036124523541503e+01,2.888579509012470226e+01,2.854771025074899171e+01,2.880562217245892498e+01,2.915125320198666259e+01,2.903976175056521924e+01,2.930196572342350692e+01,2.906961637361871453e+01,2.896175221585093595e+01,2.901825355055842692e+01,2.982633742468965465e+01,2.959443071328615815e+01,2.845058479456309897e+01,2.945534572014298647e+01,2.992676357366491402e+01,2.953458146135926654e+01,2.866556968369883407e+01,3.022992424229448716e+01,2.931592196925237204e+01,2.918170729686346476e+01,2.917373158540272016e+01,2.961568391776916087e+01,2.985461537674541432e+01,2.965915575060483889e+01
2.851714728389890752e+01,2.815303178545320861e+01,2.927647558160140306e+01,2.816534481049421856e+01,2.871916789789372615e+01,2.864788306793815309e+01,2.784066522086328632e+01,2.861024910166986501e+01,2.893168625150349271e+01,2.824134416580255902e+01,2.945839438285815959e+01,2.845071490355718424e+01,2.842865624341561670e+01,2.874585675642032356e+01,2.894221542347179366e+01,2.857535198266629095e+01,2.880536830000465898e+01,2.843310411099633939e+01,2.812012693335736913e+01,2.874969912801287819e+01,2.955327041321936576e+01,2.844849150514397707e+01,2.905754867919353046e+01,2.855828559445689052e+01
2.839294447420786582e+01,2.810281538918866318e+01,2.817063901527910730e+01,2.912892170402187730e+01,2.851021358605447631e+01,2.889190469129141547e+01,2.805994999815220581e+01,2.785704158648258044e+01,2.921809200547653518e+01,2.861257165096924382e+01,2.822648937457660168e+01,2.812276825777337308e+01,2.864396301675049017e+01,2.806641032614112419e+01,2.948213289494327682e+01,2.869737920751202864e+01,2.907972951737684753e+01,2.875380610197578335e+01,2.831105985508486356e+01,2.937104561098965405e+01,2.905695983462169352e+01,2.872106523878886719e+01,2.922104779582821266e+01,2.915363649890412034e+01
2.836869291484543965e+01,2.888483808191335811e+01,2.825898066270826803e+01,2.964503447232033295e+01,2.855518010883105262e+01,2.903950042342819415e+01,2.926423134978352891e+01,2.901794501538080340e+01,2.900557925156454075e+01,2.825503271589900578e+01,2.818400493254910089e+01,2.928339073056503139e+01,2.872402528896896001e+01,2.894480013018335285e+01,2.951265243443646114e+01,2.926199839975049599e+01,2.990613964620564502e+01,2.995447308682048515e+01,2.927725517285023216e+01,3.012558623270672342e+01,2.960237277778657017e+01,3.006441644076608100e+01,2.862837744939702134e+01,3.072209858958984796e+01
2.952671119931125077e+01,2.909254201056762668e+01,2.987245571780874798e+01,2.866539835057699293e+01,2.833081529541561849e+01,2.933389668446454834e+01,2.877790184523820471e+01,2.870943426230820705e+01,2.876211935383025775e+01,2.963939940186162403e+01,2.915229167675363442e+01,2.873569637538616917e+01,2.913692065473998127e+01,2.900573950072771368e+01,2.887592852435932400e+01,2.945040469354313473e+01,2.877589423727778239e+01,2.885162758324639753e+01,2.921905014737484407e+01,2.930719555876396498e+01,2.916290329038986329e+01,2.924951297235708125e+01,2.891148699740057282e+01,2.979497810386669698e+01
2.895444778934955821e+01,2.838130859703954911e+01,2.945375488736380021e+01,2.941779649222132775e+01,2.908044169319651928e+01,2.835192523278828958e+01,2.884812316740112692e+01,2.811836177605658804e+01,2.906095810167551008e+01,2.853827466290158554e+01,2.858513077431246074e+01,2.869335655291030207e+01,2.915875596938866465e+01,2.879968606072844750e+01,2.966186251832493781e+01,2.863118283484158155e+01,2.928367226924552824e+01,2.875668634061759121e+01,2.943082919090591076e+01,2.838825870389672446e+01,2.962279406101418999e+01,2.851696552809869445e+01,2.931178138572352054e+01,2.945333500969587703e+01
2.897366753538602779e+01,2.866170879978886887e+01,2.799125280133040405e+01,2.861664444332444646e+01,2.841288837449656057e+01,2.849829004943785549e+01,2.862733028786891509e+01,2.848732831981521940e+01,2.936513644630593944e+01,2.853757722053182988e+01,2.928460804436417675e+01,2.951013785063037176e+01,2.929813134705153743e+01,2.882811225468276461e+01,2.816606594364691318e+01,2.851487707819410389e+01,2.820016123456491641e+01,2.987352296110520911e+01,2.992578393366437695e+01,2.959896867839717061e+01,3.018284314961482551e+01,2.864742718651677933e+01,2.929471080902231961e+01,3.014731874069883588e+01
2.891159432850082567e+01,3.010765417701719571e+01,2.904050228811979650e+01,2.899473624693922602e+01,2.893106401747922973e+01,2.902356922275578199e+01,2.867788634350773691e+01,2.983255158777950555e+01,2.898307862180280381e+01,2.783465609516065342e+01,2.854961048730274342e+01,2.897883583526402163e+01,2.966471387192575548e+01,2.973673389159000635e+01,2.830635996091143625e+01,2.910426742834459901e+01,2.993128587791710515e+01,2.918398961720458828e+01,2.901127586338355968e+01,2.894626420882553930e+01,2.947357980224734320e+01,2.978102169639186059e+01,3.206712704806312786e+01,3.152336725792486050e+01
2.870066528545220308e+01,2.964148808266025981e+01,2.902217503985843905e+01,2.877272311270689897e+01,2.925388505710509435e+01,2.862759555321150629e+01,2.801949449370658840e+01,2.897311898587406631e+01,2.858795038706358582e+01,2.932220182487640159e+01,2.964041317211422211e+01,2.848956837806218800e+01,2.854854446352288733e+01,2.971567296203267006e+01,3.021568385057622663e+01,2.941234356508175551e+01,2.909735094833484936e+01,2.965087116638613907e+01,2.958511490684639966e+01,3.003315192362640573e+01,2.983223786334679062e+01,3.010348937183806584e+01,3.280803412880482028e+01,3.313361583132274291e+01
2.864030511609990981e+01,2.720868872226668600e+01,2.876875991931581211e+01,2.832861700980464548e+01,2.853450812607076159e+01,2.795465919663888599e+01,2.845771073117572314e+01,2.873890222453013621e+01,2.822737477099934722e+01,2.832129412634014898e+01,2.901529599598978848e+01,2.805501799883944614e+01,2.877623633767819911e+01,2.856634910912390524e+01,2.878723838325424822e+01,2.767061612120443215e+01,2.948088550716715872e+01,2.859398983517144188e+01,2.988768522846817177e+01,2.872435417301045391e+01,2.928544986595130695e+01,2.923832365386340371e+01,3.178413086894551043e+01,3.065235909960904337e+01
2.791952362549255895e+01,2.803091048060804269e+01,2.795992180517737324e+01,2.806047849076952616e+01,2.924150623896389334e+01,2.840087055478051070e+01,2.836503115877462733e+01,2.874118583653324777e+01,2.745473327438958222e+01,2.808243038170462569e+01,2.854595222547533240e+01,2.856172101107307526e+01,2.847541705173586024e+01,2.923066102631327112e+01,2.895202938566154671e+01,2.826107926229195755e+01,2.946885437166343991e+01,2.878076398339328534e+01,2.971200546070292603e+01,2.900715345253377109e+01,2.887640554802987936e+01,2.942172315188832954e+01,2.960064710065324789e+01,3.196001791995547592e+01
2.823400658019357934e+01,2.928461197106150848e+01,2.820485284257784997e+01,2.957888581607807055e+01,2.913147518529734725e+01,2.846020436870315962e+01,2.697576988726177660e+01,2.881536949191399799e+01,2.786543819131776445e+01,2.757774411967227479e+01,2.788816908848122011e+01,2.940787305679526753e+01,2.848688238668057693e+01,2.926775989825313218e+01,2.890211360085646675e+01,2.879781102664463788e+01,2.808396101017206092e+01,2.994840281289634731e+01,2.937002069960641393e+01,2.986151244074477518e+01,3.028870960966429493e+01,2.996552635380754737e+01,2.995466381964706670e+01,3.019356890560618467e+01
2.829970064994904533e+01,2.873759719141349933e+01,2.855902540605592321e+01,2.870212784006707807e+01,2.914930159367077067e+01,2.825441880451222687e+01,2.855512551224012441e+01,2.882236111468125728e+01,2.834077974427265190e+01,2.839306447407420819e+01,2.823679014141839616e+01,2.964742653743627443e+01,2.901160057486600863e+01,2.801422877436357339e+01,2.974783469760575372e+01,2.910173040143422440e+01,2.899314569830625032e+01,2.944882132796061569e+01,2.861420651794077230e+01,2.966587353793477178e+01,2.945351156400505488e+01,3.012645719143529277e+01,2.984143103282224274e+01,2.917054708963621579e+01
2.785412272641417530e+01,2.811947340825270203e+01,2.744351478755726248e+01,2.634485890253841944e+01,2.769084593339385947e+01,2.866776471940482907e+01,2.805842748736563408e+01,2.760220741324354776e+01,2.734120552049506614e+01,2.766123156853916498e+01,2.878865929955782121e+01,2.799427141287196719e+01,2.852296248582308635e+01,2.880256063123943022e+01,2.928383318182875428e+01,2.845256597523376740e+01,2.925703494295606788e+01,2.801775313588984773e+01,2.872934320948752429e+01,2.839964667256424491e+01,2.872388671199820465e+01,2.798653408703205514e+01,2.992510652530864945e+01,2.824954781637575252e+01
2.674676165170961895e+01,2.711670591543258979e+01,2.762083350093280387e+01,2.822040748064335958e+01,2.835582705799225778e+01,2.827592016009293729e+01,2.769548633583224273e+01,2.701157998421246020e+01,2.655777274579293135e+01,2.765056668493679126e+01,2.862437482625404073e+01,2.958595333975932817e+01,2.850901412406705049e+01,2.929240118896876766e+01,2.846382659728487852e+01,2.923187252506119194e+01,2.801583725134702263e+01,2.859519067684277616e+01,2.867293422098788369e+01,2.866616507739547615e+01,2.869162137034470561e+01,2.969088589559760294e+01,2.825491766724553599e+01,2.895015592426818785e+01
2.743881061354704798e+01,2.739377234158826013e+01,2.919178350552994061e+01,2.838440084471164937e+01,2.855859255668764263e+01,2.786683873049815929e+01,2.819287226995089668e+01,2.816190772585082414e+01,2.817774431762614995e+01,2.745660773494768137e+01,2.875645833477858559e+01,2.908285501634281900e+01,2.863931582813455634e+01,2.853676703879955312e+01,2.897143148794401668e+01,2.966205526834437478e+01,2.953445707253109731e+01,3.024975703361434398e+01,2.777330699106352085e+01,2.848857132688652882e+01,3.040290681878411760e+01,2.890979070202951107e+01,2.948575256946867285e+01,2.918558598339598120e+01
2.667039942084232962e+01,2.712615909371737644e+01,2.846942610674392427e+01,2.941337707894149389e+01,2.817019596820324523e+01,2.737681726973158902e+01,2.800826447919860129e+01,2.833195252154115451e+01,2.671474859904895993e+01,2.793241683745912951e+01,2.746764574328369690e+01,2.961400077246764795e+01,2.989397838160368792e+01,2.876413772537301838e+01,3.022989250163772113e+01,2.931282129056609165e+01,2.918038623348166993e+01,2.951088136899767278e+01,2.905565757071008193e+01,3.017406567719342547e+01,2.812844222850367260e+01,3.026434231052309087e+01,2.932446442967284383e+01,2.992201382421046674e+01
