2.839121140117305231e+01,2.819504645690778943e+01,2.865082457182666076e+01,2.868369539111529321e+01,2.866939579597379861e+01,2.916441722202517894e+01,2.871727585313760756e+01,2.680205798122312899e+01,2.848592325939949887e+01,2.734455612874216968e+01,2.967088355164815994e+01,2.741136269920752966e+01,2.924448407875701150e+01,2.770576289534261605e+01,2.822222787842730440e+01,2.880409784920544780e+01,2.787747891987049798e+01,2.784366064838457078e+01,2.832557181818322078e+01,2.915257370774253332e+01,2.855142208830540085e+01,2.782443646522654035e+01,2.881811171981945563e+01,2.880972621477030771e+01
2.834707638788671602e+01,2.821434895179237401e+01,2.654520412495583059e+01,2.838235255235758814e+01,2.832515298042994800e+01,2.885336301666802683e+01,2.887706052579642346e+01,2.690781683204181718e+01,2.787499643705501740e+01,2.818773178839830962e+01,2.833482395917781105e+01,2.822046773743932135e+01,2.851129143329626459e+01,2.826953069694894793e+01,2.779069864651171429e+01,2.743293124763300739e+01,2.789612544250570636e+01,2.771347244152622125e+01,2.872497458731646702e+01,2.743349912173897565e+01,2.847871829351015549e+01,2.927007476980094225e+01,2.802219534929758993e+01,2.772698217285295641e+01
2.808383000570648846e+01,2.903535195919681655e+01,2.915724873573515197e+01,2.860708726633959031e+01,2.859638246942671458e+01,2.875915111652926726e+01,2.821521178314145573e+01,2.821717470941331385e+01,2.837411902212073755e+01,2.832954003420610434e+01,2.778054555238543344e+01,2.729558242705024895e+01,2.805320482162210283e+01,2.837521916749773254e+01,2.771053935423651637e+01,2.822313243466055610e+01,2.855723461565816024e+01,2.803119378895598857e+01,2.811855220947853695e+01,2.944627823808798439e+01,2.915157103039302910e+01,2.951517043777573690e+01,3.048773737133501527e+01,2.937048843900515749e+01
2.803716611200883335e+01,2.795904904213040254e+01,2.890566916519946972e+01,2.838151441047978096e+01,2.825342708584071261e+01,2.813451495098257737e+01,2.937149326721942089e+01,2.950152875756339199e+01,2.773186307665287131e+01,2.765032080411208426e+01,2.833503286102632046e+01,2.798965441808309151e+01,2.905656665436845287e+01,2.893811868835234691e+01,2.798853381585468014e+01,2.824494099472593689e+01,2.814994817384962289e+01,2.766066428479649630e+01,2.819976296529102910e+01,2.871580602620571199e+01,2.887424909394530914e+01,2.981728623453750515e+01,2.906057869844994457e+01,2.924924099167589020e+01
2.673880330384594117e+01,2.911942921482864222e+01,2.836978451264042178e+01,2.712222248345955222e+01,2.821079953614628266e+01,2.863535949938102476e+01,2.826870966157309795e+01,2.805514547634362543e+01,2.764583097240688403e+01,2.822157460961130937e+01,2.842772275078436905e+01,2.860387225810580958e+01,2.851891173054303863e+01,2.813912128259875089e+01,2.911941538721197276e+01,2.840401895867563553e+01,2.847634223588534041e+01,2.750714240753109152e+01,2.778284679232353938e+01,2.774060726513283726e+01,2.876109752139365128e+01,2.893551039643676859e+01,2.958881342499950051e+01,2.922791123154365778e+01
2.856324218553982064e+01,2.863413249883257095e+01,2.850424264043920175e+01,2.837916431202592094e+01,2.804549809337601118e+01,2.770351501039817776e+01,2.797018626674309871e+01,2.810840059683789605e+01,2.783935447834886645e+01,2.812603447017301050e+01,2.753270526520657313e+01,2.848379671910623756e+01,2.954567769395254118e+01,2.888673285009747360e+01,2.940063964216136583e+01,2.831913410770670225e+01,2.672461070062576027e+01,2.754511546843372116e+01,2.792850933339457242e+01,2.896081560265145072e+01,3.013671822095022890e+01,2.955571501215149510e+01,2.963643234908408886e+01,2.832680847267732815e+01
2.996228555362506540e+01,2.944658359276581905e+01,2.836470384206211293e+01,2.936148634593735096e+01,2.884674507506935015e+01,2.820988526959348519e+01,2.837791341608010498e+01,2.780719211791961243e+01,2.709008848799749103e+01,2.887926082233911984e+01,2.906755141716536173e+01,2.861763403931865923e+01,2.909499386547764743e+01,2.866781753523116549e+01,2.934243367325689178e+01,2.922807526745566520e+01,2.776929339465658586e+01,2.785501393018017779e+01,2.789721687310964171e+01,2.906124285411851815e+01,2.831348750037147965e+01,2.977644475794960499e+01,2.897213736030317932e+01,2.917108319126248261e+01
2.862513562785039767e+01,2.747185780237447261e+01,2.804097530900583024e+01,2.836973570597905336e+01,2.900109978101198749e+01,2.804476548195958685e+01,2.770523346080653937e+01,2.783882704158878596e+01,2.847362477921905111e+01,2.839095305308859452e+01,2.828669691849160017e+01,2.851393144919751421e+01,2.896022775906811830e+01,2.886212688841607132e+01,2.901141645618122311e+01,2.835876286833763515e+01,2.752787864911647375e+01,2.683675250112486310e+01,2.815194208670658327e+01,2.877141212668169601e+01,2.912986089934099709e+01,2.979366201781112977e+01,2.965139285825523530e+01,2.961166991850677732e+01
2.881315387461881983e+01,2.863535949938102476e+01,2.820050424272250211e+01,2.830107267760234890e+01,2.849715800997091719e+01,2.886511077075368803e+01,2.883688971127355671e+01,2.882692108549701970e+01,2.847375798471847475e+01,2.775763826228961761e+01,2.811270740892138065e+01,2.844163498276105884e+01,2.888876041369070435e+01,2.817743282578135222e+01,2.916945530448725776e+01,2.965068086471933384e+01,2.660355797798234789e+01,2.709810513359548168e+01,2.826564411506041097e+01,2.859889354119837890e+01,2.914752851993256400e+01,2.803570302995348129e+01,2.923714224379665438e+01,2.888236148890604227e+01
2.869920497711331109e+01,2.981711929823558194e+01,2.843550521270617537e+01,2.874742408258521209e+01,2.864604126431709119e+01,2.923472282326542881e+01,2.847160760506568522e+01,2.939878669068923500e+01,2.838979760254630946e+01,2.795007940510691924e+01,2.796088460971026279e+01,2.850079814195612471e+01,2.780762437134194442e+01,2.866687768945951120e+01,2.895722277470343897e+01,2.800488106582656656e+01,2.791253143848661011e+01,2.677865275783358356e+01,2.813874008690191886e+01,2.780623507519425175e+01,2.815679320075975056e+01,2.779433139049262991e+01,2.864745666114811229e+01,2.793569383515222171e+01
2.897399521684297952e+01,2.872103148995859101e+01,2.847491846683630001e+01,2.943013909572067632e+01,2.912573925714605139e+01,2.974203683389600883e+01,2.892382747607962301e+01,2.890169534132303397e+01,2.877411394657531218e+01,2.854762062867717987e+01,2.872560902682192818e+01,2.897594588533939941e+01,2.877085190225670885e+01,2.935127533732475058e+01,2.865018436856166772e+01,2.839689453040864464e+01,2.855482924272621403e+01,2.723815345887976491e+01,2.818418892125146158e+01,2.910834076380439228e+01,2.973909948933351188e+01,2.981844732704962553e+01,2.977482021128901124e+01,2.921399092576592693e+01
2.907003250426021168e+01,2.919136515518397346e+01,2.929574650494527077e+01,2.910491618266007663e+01,2.955920771001899539e+01,2.876088129941700799e+01,2.918232331539508095e+01,2.892450854517187508e+01,3.019524903840948582e+01,2.977413814447584173e+01,2.894178332861798708e+01,2.752408544618413089e+01,2.868868747327252322e+01,2.844926367860637129e+01,2.834568758969476221e+01,2.789170506534884453e+01,2.766615310475430078e+01,2.701105931519043679e+01,2.852009616707385931e+01,2.928295183799326651e+01,2.867669694559572235e+01,2.893522170132564497e+01,2.913153271345362327e+01,2.911129165653744622e+01
2.886951335171306710e+01,2.756136029334317072e+01,2.817883897257502213e+01,2.837097529601328461e+01,2.944966868322427445e+01,2.931000071551437713e+01,2.848974783027205149e+01,2.885693291709452524e+01,2.908312223939378782e+01,2.890070926674451357e+01,2.863483836542144445e+01,2.812440402775354187e+01,2.836984246213722827e+01,2.766954623407622194e+01,2.716502880346467919e+01,2.779329629937313939e+01,2.826678089112169801e+01,2.789237513207251595e+01,2.829612824057875287e+01,2.810337350419445102e+01,2.916350498401197910e+01,2.911595072914241200e+01,2.834651407307092086e+01,2.838185768249456942e+01
2.868807701113348685e+01,2.817951361799526921e+01,2.851050712250196284e+01,2.873217952287325261e+01,2.903258851352353531e+01,2.870597314820099655e+01,2.898692939791123990e+01,2.873568921595642678e+01,2.901689982057717998e+01,2.871999662611011672e+01,2.851242913147740410e+01,2.823446135490382858e+01,2.887811117254909732e+01,2.878768692416917929e+01,2.865090579461900688e+01,2.791268618160279402e+01,2.710404185440290803e+01,2.794736225192025358e+01,2.775916114791220934e+01,2.777567737675309445e+01,2.925397780461150887e+01,2.891438328630806609e+01,2.894278148506316484e+01,2.898990573888198696e+01
2.878404952679670714e+01,2.873544013519625651e+01,2.887806246111546216e+01,2.738152931133384982e+01,2.952667705065454129e+01,2.928680347299342657e+01,2.945271584811223420e+01,2.907456217490386052e+01,2.960577519938027535e+01,2.922875030202919788e+01,2.873773232671135247e+01,2.946006016629979740e+01,2.873773232671135247e+01,2.766920968711656315e+01,2.842871558434359258e+01,2.882232888297977524e+01,2.800790509035141440e+01,2.813312292658309843e+01,2.825471412512138158e+01,2.849165298793298007e+01,2.831186637653456728e+01,2.875604060407351881e+01,2.883084183537215495e+01,2.863869235296658644e+01
2.785279313716273464e+01,2.912198772125299229e+01,2.879490910809369097e+01,2.813275585168992166e+01,2.904738213910729883e+01,2.875649027776375988e+01,2.835584636577613082e+01,2.880357744706316225e+01,2.854410107386348727e+01,2.909259739947407297e+01,2.844201353665602028e+01,2.983234275990457718e+01,2.918628314715056149e+01,2.872557718608089772e+01,2.807604258325460478e+01,2.864859239150462145e+01,2.675339049206900199e+01,2.735165235134360273e+01,2.873138314356424416e+01,2.891874006590813906e+01,2.856274595051633014e+01,2.830757686127481065e+01,2.867141623335635359e+01,2.899977885234244468e+01
2.837342769119732111e+01,2.915308469376572020e+01,2.896718722879074903e+01,2.985851775754224491e+01,2.913145411784336147e+01,2.855596115306428828e+01,2.892565723160390689e+01,2.935918473561736164e+01,2.950186853021233446e+01,2.865719157786810456e+01,2.937197335016600164e+01,2.821082394623709888e+01,2.850738581899111068e+01,2.867635032175058996e+01,2.821529609681800821e+01,2.898639903548257735e+01,2.838173203438486780e+01,2.768376866886472953e+01,2.752141202055082658e+01,2.866744951052453416e+01,2.842997631560041327e+01,2.869900897809816342e+01,2.964209734146868414e+01,2.880841945670772475e+01
2.959167283417770022e+01,2.890089535291360789e+01,3.007934218496092171e+01,2.918289417933664254e+01,2.928263511428855281e+01,2.981726980711334818e+01,2.864335717834615025e+01,2.925544961079145878e+01,2.848281748912512512e+01,2.885144067759659947e+01,2.831204286803716741e+01,2.885144067759659947e+01,2.824792200774845696e+01,2.782120263011125871e+01,2.828273602466350667e+01,2.861346612428457092e+01,2.601475494905650976e+01,2.767045818662262491e+01,2.822644361435880000e+01,2.894461893576283273e+01,2.862332737472007693e+01,2.895654989830723025e+01,2.946856482266491639e+01,2.903494079008913786e+01
3.015778280384381560e+01,2.951161478692881701e+01,2.886986282637752765e+01,3.007164668255200013e+01,2.897055328986061795e+01,3.067059592182113192e+01,2.950358045919318783e+01,2.926532644209913769e+01,2.873932070088363844e+01,3.000549860616445130e+01,2.976745042054369605e+01,2.936441008778564310e+01,2.896368480716449767e+01,2.854272809780951548e+01,2.893652108396054246e+01,2.804068558611538720e+01,2.695155667330726601e+01,2.734482868697665481e+01,2.817019896811842727e+01,2.818865698141928533e+01,2.862706546597610213e+01,2.892535468270597221e+01,2.940251362677247471e+01,2.955181615538350570e+01
2.898574388456700035e+01,3.009750395953039970e+01,2.993591700997683347e+01,3.016920718115932232e+01,2.965321815343128264e+01,2.992359720950508972e+01,2.885393980826125926e+01,2.894807024011208796e+01,2.884284216422656755e+01,2.904889345819293567e+01,2.922991885771676834e+01,2.880534359483027629e+01,2.888658851921951509e+01,2.791313458416726689e+01,2.863055077832797224e+01,2.854133565839862285e+01,2.682380522307153115e+01,2.671940379826105527e+01,2.793272140927120972e+01,2.852475751266280213e+01,2.906630329276697466e+01,2.982961921489453516e+01,2.897792102745222564e+01,2.948976472906730351e+01
2.938807537144236903e+01,2.901657877091253113e+01,2.950909800565432306e+01,2.948652125380345979e+01,2.984970298033107383e+01,2.965310070805310261e+01,2.960703949083574571e+01,2.940295521839868798e+01,2.913390466115009758e+01,2.928477646873380991e+01,2.965970852227218302e+01,2.844551269080284328e+01,2.808220367489246883e+01,2.790285040374999426e+01,2.809895713430199748e+01,2.789576728194208499e+01,2.802045921543901841e+01,2.800590957781764700e+01,2.816432337688110010e+01,2.863894245574942943e+01,2.916708283345218433e+01,2.859305174818757678e+01,2.954923808455129119e+01,2.880383199051811971e+01
3.000618278062620448e+01,2.870347436511400474e+01,2.990630390589819854e+01,2.921699683457688934e+01,2.955004821564733675e+01,2.979012109522676610e+01,2.956542440458855481e+01,3.008922838708690506e+01,2.893314335831365725e+01,2.877601273717681352e+01,2.920103334852109356e+01,2.908874671855841143e+01,2.871173133441823211e+01,2.789602234953076731e+01,2.841666892444573023e+01,2.825241344076050609e+01,2.744723265036674320e+01,2.678528802397846675e+01,2.848261341526836077e+01,2.796231083912766735e+01,2.922284325086815215e+01,2.905649828558205172e+01,2.954338613928297264e+01,3.002094318776397586e+01
2.935121080479086686e+01,3.035289393810091951e+01,2.965877603646447369e+01,2.886414861178695901e+01,2.898668794290796313e+01,3.017101644299765439e+01,3.016681346912486106e+01,2.972590017783056737e+01,2.922226692577277163e+01,2.913224259198096888e+01,2.913441695951200927e+01,2.973784608114101502e+01,2.769332617491335213e+01,2.812529400530183921e+01,2.820376701378683038e+01,2.730454115673160231e+01,2.756838803661202064e+01,2.751887756907524363e+01,2.819210417670365132e+01,2.866613446266558185e+01,2.828071962897121239e+01,3.002768554921522082e+01,2.958703549259428200e+01,2.885172049577442976e+01
2.852939811932543535e+01,2.967478688976677859e+01,2.946207229151735874e+01,2.920072397906375272e+01,2.968445859992868918e+01,2.959683559024375654e+01,2.970644531814338052e+01,2.921072193706709186e+01,2.918325987102770114e+01,2.835440696495220436e+01,2.937218612088969394e+01,2.941272661080677153e+01,2.738934402119491551e+01,2.823058538249546245e+01,2.910632599532715403e+01,2.777755030711574591e+01,2.688707409555200911e+01,2.655980167379937029e+01,2.860253456977039832e+01,2.887418287870309541e+01,2.863950879540522010e+01,2.889930733642626137e+01,2.902394628502213436e+01,2.896532517005186946e+01
2.804171998526061316e+01,2.909935160703480506e+01,2.841616367840686053e+01,2.954512805575285483e+01,2.877382554133907888e+01,2.930068752753703620e+01,2.833347149772112061e+01,2.970732496418230539e+01,2.829026212740160418e+01,2.945386138581500290e+01,2.837768911666609029e+01,2.952641180204528837e+01,2.797933532703069659e+01,2.708827465024711501e+01,2.816359918050454780e+01,2.740211422450084910e+01,2.781875820677220190e+01,2.658752362028985772e+01,2.782231835167272038e+01,2.790441588327041700e+01,2.952307497149570281e+01,2.930855716176205306e+01,2.899386559348420178e+01,2.918459815927252521e+01
2.881239188477672997e+01,2.868405940523069830e+01,2.861272110597974461e+01,2.829731332171314762e+01,2.911462559608929723e+01,2.882366513928724316e+01,2.897828804326962882e+01,2.897830450553692572e+01,2.879054390030916011e+01,2.832034300703622876e+01,2.967200974414339498e+01,2.827183549024613285e+01,2.819254342049021034e+01,2.716444151285799080e+01,2.867856044800737436e+01,2.655980167379937029e+01,2.726277218887986464e+01,2.690159435539862898e+01,2.835195389481623351e+01,2.816518810614672930e+01,2.949175286529111872e+01,2.910357221598349042e+01,2.871148279580421558e+01,2.823654425174237304e+01
2.958952444858493891e+01,3.039754849388293678e+01,2.823194247378376076e+01,2.900610465902047963e+01,2.838084500463270388e+01,2.929145313899743996e+01,2.875884273190138174e+01,2.887359020854898972e+01,2.810476068189456100e+01,2.839050977371232420e+01,2.849361785937031755e+01,2.947391808113968636e+01,2.781675248570536496e+01,2.807085688932181711e+01,2.805377708010087190e+01,2.814252050241640291e+01,2.702883899860273686e+01,2.781723318238505271e+01,2.998201690522620311e+01,2.821325738526849136e+01,2.898480946571277173e+01,2.924307303986876150e+01,2.959299197922990743e+01,2.864060964503971718e+01
2.831307137760791193e+01,2.897143322769431961e+01,2.901774533325800576e+01,2.851830501290953634e+01,2.879662165367750504e+01,2.849062267600123732e+01,2.899612663442161420e+01,2.905846582009570511e+01,2.802391540382348012e+01,2.918740000214347674e+01,2.885607853465324979e+01,2.750036462757788058e+01,2.796943201427552594e+01,2.788458758924815584e+01,2.815961584651381600e+01,2.768200697138945543e+01,2.719324213995503214e+01,2.820505611458065687e+01,2.809239397479859690e+01,2.932937017805437563e+01,2.891482431013542964e+01,2.957565829316962436e+01,2.864336826341371989e+01,2.919442088119620848e+01
2.832953310610582776e+01,2.813629231643704998e+01,2.745704361704878238e+01,2.835411787626173918e+01,2.854944664769703877e+01,2.790127554492545414e+01,2.910607590372217146e+01,2.745179553741621703e+01,2.952217206729653753e+01,2.868382257126791046e+01,2.826795715653730667e+01,2.843432076596656088e+01,2.838668625475304452e+01,2.886656166155069059e+01,2.739839730263793172e+01,2.793240953110165492e+01,2.779161021961573397e+01,2.826881205267096675e+01,2.838214177811846639e+01,2.786476500472792850e+01,2.916190738969618224e+01,2.884882044082894481e+01,2.868457187465759262e+01,2.892293073858581920e+01
2.845749430273610869e+01,2.829844720026778759e+01,2.786965929676915721e+01,2.823325174815926175e+01,2.903204070599832676e+01,2.914183054622054669e+01,2.834987713455063840e+01,2.785097084336393891e+01,2.779223752888748322e+01,2.827325110205589453e+01,2.868158286397448364e+01,2.867619863910368849e+01,2.894831177952767121e+01,2.877533222531315005e+01,2.697591295950996937e+01,2.735722682138896289e+01,2.748528338078273237e+01,2.648125665146534402e+01,2.792834879477487675e+01,2.949290743472408849e+01,2.791080919638420710e+01,2.930558880099465568e+01,2.850448712114200589e+01,2.788683975790621616e+01
2.740589509438780169e+01,2.867799148635702977e+01,2.990816940067713858e+01,2.886936383014403873e+01,2.902331670227005134e+01,2.856789779857376743e+01,2.908236602646042002e+01,2.905531884064123460e+01,2.820324941135584140e+01,2.897120640303813843e+01,2.775918872799240944e+01,2.871903903536406233e+01,2.765109841550867031e+01,2.837980888835159021e+01,2.817321086833766230e+01,2.867366150697944249e+01,2.809296791212170774e+01,2.862919946613089905e+01,2.865226445242473119e+01,2.895011753086828321e+01,2.865328266079205832e+01,2.803647341046678321e+01,2.925160020578664444e+01,3.013171200971999042e+01
2.773710160467624064e+01,2.762155029991873789e+01,2.722398167774190370e+01,2.699686654543830855e+01,2.911445541155234196e+01,3.010922952154470522e+01,2.825600584437324869e+01,2.790903758237840293e+01,2.804496147978454701e+01,2.838025410088539502e+01,2.771639086509162553e+01,2.796766672234770112e+01,2.788562374504465424e+01,2.920288522828468558e+01,2.776120704224757674e+01,2.788206901284559081e+01,2.753238519042037069e+01,2.743546227380454638e+01,2.799096559354723013e+01,2.975700481883654902e+01,2.995291813467798647e+01,2.914634026577078885e+01,3.004379679822750404e+01,2.896588774105714492e+01
