2.782577809132169477e+01,2.926582100408967335e+01,2.866513220755740576e+01,3.043752389845542439e+01,2.859454510397034710e+01,2.979429285143748984e+01,3.159167638115570753e+01,3.006593528397172577e+01,3.004268135425189712e+01,2.951667295976898231e+01,2.947953412700633180e+01,2.981496391901214338e+01,3.016896090996169733e+01,2.968155308140114812e+01,2.983117975631887475e+01,3.033575572023073619e+01,3.012990495318354078e+01,2.912845986747470306e+01,2.967112800334678013e+01,2.904843226269622392e+01,2.910913972219907464e+01,3.066569764116144370e+01,2.950945237521233366e+01,2.866109906447724143e+01
2.992551498311780733e+01,2.865191521876096203e+01,2.952902307915741176e+01,2.901220935316382565e+01,2.866817860194043988e+01,2.959017227629738045e+01,2.984374882804672779e+01,3.002939427701238628e+01,2.956209673646026204e+01,2.888828724888054467e+01,2.878819920711305258e+01,2.859140811180475339e+01,2.904382688503187637e+01,2.824120890069752932e+01,2.956665358714053582e+01,2.867586424121446953e+01,3.007722480853033176e+01,2.934639593814131331e+01,2.870400998798805858e+01,2.949118956901816091e+01,2.991147143561846633e+01,2.991936401815530644e+01,3.033145572437183546e+01,2.924392131347826762e+01
2.807806517280124581e+01,2.796313993217319194e+01,2.910802330042452013e+01,3.039009041404631262e+01,2.875588325642576137e+01,2.931189144012569159e+01,2.807686370559332545e+01,2.933877462387471269e+01,2.853780189154707614e+01,2.907131932571223842e+01,2.887470444854807283e+01,2.852236600567641744e+01,2.814614264094512919e+01,2.881097785667537892e+01,2.803010054905575998e+01,2.887777612205042033e+01,2.942432621466303999e+01,2.859776318415771357e+01,2.854831483907520351e+01,2.766788441106086793e+01,2.946170694370232468e+01,2.928816357494025624e+01,2.836289713163472470e+01,2.851438617954522670e+01
2.797216691758819707e+01,2.762814533521236626e+01,2.859886971655612342e+01,2.851675052081543527e+01,2.946000820476791660e+01,2.837877500171049405e+01,2.895850770679231800e+01,2.947873645797955078e+01,2.973754458063285711e+01,2.937321973278136511e+01,2.917836758325580604e+01,2.974285643073221763e+01,2.916802846687062356e+01,2.916686021794305361e+01,2.864831976135917557e+01,2.901175712268627649e+01,2.919788263206100964e+01,2.903294380260712160e+01,2.960170133215893884e+01,2.982583425776516606e+01,2.893948233197454556e+01,2.979209474706982519e+01,2.873901796121162988e+01,2.930797723096583240e+01
2.891106625141316044e+01,2.985514022977895365e+01,2.908041881910168058e+01,2.974802801538493213e+01,2.945296659523381777e+01,2.984760633649921147e+01,2.946048663287655245e+01,2.882439078203105964e+01,2.964714948019678786e+01,2.886887557039932517e+01,2.948671807261638378e+01,3.020051629400899174e+01,2.866205783885857272e+01,2.938877016427738909e+01,2.892436911596121263e+01,2.949284221486101387e+01,2.916620755630697204e+01,2.930317737481294671e+01,2.900057562096117181e+01,3.008340365692328078e+01,2.848967941469675225e+01,3.023382120878778778e+01,2.940184954315623145e+01,2.962507203169246850e+01
2.925846244189705203e+01,2.856605000047420617e+01,2.893659102982104514e+01,2.874176756629719875e+01,2.906217282341236796e+01,2.842326136971382766e+01,2.983330565732904915e+01,2.949870603021815896e+01,2.976265358125141347e+01,2.919679724324089420e+01,2.914262385785315246e+01,2.832443707688565837e+01,2.967960876537148351e+01,3.021340909098341854e+01,2.917066939609139808e+01,2.870977646565512487e+01,3.039270972915198854e+01,2.923378116949186278e+01,2.949443620974187752e+01,2.947279135718616772e+01,3.012394480719416379e+01,2.839680811094774526e+01,3.144927680344176224e+01,2.921787238279313215e+01
2.834248203778435027e+01,2.980493799628220586e+01,2.852682236660217541e+01,3.012375663488046484e+01,2.956504022755467531e+01,2.868432167049138570e+01,2.807234335030801731e+01,2.900485736437224205e+01,2.932434962847145243e+01,2.883743636883372119e+01,2.859038786196521187e+01,2.954173492037875803e+01,2.845251041202953957e+01,2.943007788036908323e+01,2.964813882783653298e+01,2.837948566768119463e+01,2.798895892940748809e+01,2.930431564009700196e+01,2.883660750428492747e+01,2.973673753900692418e+01,2.957667380906423205e+01,2.984246915936921596e+01,2.870595258425981910e+01,2.883924623325805214e+01
2.922677580697217081e+01,2.909864343989988811e+01,2.876222009144686353e+01,2.924245258138967074e+01,2.949782115607706601e+01,2.908840519549613646e+01,2.982340189219223703e+01,3.006461602761692120e+01,2.934874127022789025e+01,2.864318941221301884e+01,2.868871836958123822e+01,2.972149598225212230e+01,2.953281449436667572e+01,2.863300921807234545e+01,2.996049362710664354e+01,2.974829606020608708e+01,2.881626501081905189e+01,2.893276314311742681e+01,3.014139435485515151e+01,2.974673865684064822e+01,2.995497889404634861e+01,2.902193668462189180e+01,2.994829409052880465e+01,2.903028739114250811e+01
2.920686677085484462e+01,2.964235389400454324e+01,2.917325726896899596e+01,2.928905426337001927e+01,2.995923670220486201e+01,2.937915839093432169e+01,2.869816974128099218e+01,2.977318289324836087e+01,2.914795222260522678e+01,2.965242585112179086e+01,2.937539789726787376e+01,2.882334912421794115e+01,2.915519132912271516e+01,2.995613318917537526e+01,2.974879032264107082e+01,3.021138451837305183e+01,2.909622883267365978e+01,2.869497794317430817e+01,2.933832929939023870e+01,2.947398878499006969e+01,3.050940290110298747e+01,2.954580293600781715e+01,2.915664314110443911e+01,2.953251661727711053e+01
2.985860001492176252e+01,2.866075982619537399e+01,2.893565674902163209e+01,2.899896959967372823e+01,2.840453267472116750e+01,2.873995457470948622e+01,2.960204078419855023e+01,2.831347750942666153e+01,2.990792419840266803e+01,2.885310967432110374e+01,2.968039913467208635e+01,2.959160080946259086e+01,2.940621857416687135e+01,2.964872868045841869e+01,3.054451612938061089e+01,2.966358222563292202e+01,2.880664952139846946e+01,2.963047840674784084e+01,2.951107994922335820e+01,2.976308316039080637e+01,3.055150396458941486e+01,2.971189321641401193e+01,2.931561502326746904e+01,2.904560806544657225e+01
2.883804184601888210e+01,2.875588568211060192e+01,2.889611643125658702e+01,2.927702287187895536e+01,2.856486511101837777e+01,2.878542878014252437e+01,2.825021293998003102e+01,2.822251662544078954e+01,2.828913835303814039e+01,2.837709319679868258e+01,2.847974836926823627e+01,2.903427330044922883e+01,2.872475084924627708e+01,2.841602484012008745e+01,2.879447805614807976e+01,2.950512175041717455e+01,2.898734945601728441e+01,2.933008942764928406e+01,2.946362610130262283e+01,2.911746038925633684e+01,2.916716667916699635e+01,2.881950593496895863e+01,2.962177389955928675e+01,2.974531377422761125e+01
2.825993493679521862e+01,2.897365329531874067e+01,2.849807755086828820e+01,2.944412235239468600e+01,2.878085723015249187e+01,3.011190391916994713e+01,2.888777724197780117e+01,2.838880912303795867e+01,2.933916219001184800e+01,2.885527554840251696e+01,2.848747034109157994e+01,3.003183249119547327e+01,2.862129036505871227e+01,2.963993729918485087e+01,2.978133758274589127e+01,2.906121247210745651e+01,2.892966170568342932e+01,2.833638045184517296e+01,2.955138788963057550e+01,2.970434552073874102e+01,2.917236231918502654e+01,3.004183843240366514e+01,2.875228365666691843e+01,3.012921867855862956e+01
2.987717567225234916e+01,2.951125633535377801e+01,2.928251842277938977e+01,2.891123260309814214e+01,2.991630314662256751e+01,2.979030051937479584e+01,3.010349041416037608e+01,2.911339547240993397e+01,2.920235584940087392e+01,2.968804408917361570e+01,3.012529719961139563e+01,2.976765169310959891e+01,3.008763781952541194e+01,2.887555840000510443e+01,2.969276241927695992e+01,3.029427412532720609e+01,3.094950825016928775e+01,3.038440078290477686e+01,3.028653517716509214e+01,3.041024317964576085e+01,3.094031310348509578e+01,3.033913703574404508e+01,2.973804141628943398e+01,3.011462690076359650e+01
2.960196339426238410e+01,2.977993611261734941e+01,2.958428826692380653e+01,2.898442112463447984e+01,2.946412527723168751e+01,2.850693416078985365e+01,2.914155724234905165e+01,2.933647981562012319e+01,2.928801613508414903e+01,2.939511496254260692e+01,2.877722281432505724e+01,2.873921483153696954e+01,2.941364654170502035e+01,3.052068031985095331e+01,3.062386214075871749e+01,3.028134550453449947e+01,3.040917182860141565e+01,3.095763079952450880e+01,2.989356419664312625e+01,3.079097164035039214e+01,3.065101939854838520e+01,3.070698785467044445e+01,3.046194771009521673e+01,3.039427663699945015e+01
2.916817626968196464e+01,2.869871609784365774e+01,2.848149474630645273e+01,2.917314370205377827e+01,2.913564904745396689e+01,2.922768671120604722e+01,2.862976782627043804e+01,2.875200819395593044e+01,2.924700455874136651e+01,2.867657576868333535e+01,2.860270585790095765e+01,2.895974645651995161e+01,2.810112040124738542e+01,2.947768012390127979e+01,2.946017402398541662e+01,2.914497395313782135e+01,3.034353810026863130e+01,2.943335843536607399e+01,2.938710502899584753e+01,3.058637449892177074e+01,3.114146941723691953e+01,3.066472634601484515e+01,3.038341167404036014e+01,2.997313512737372321e+01
2.833998117825274221e+01,2.859495186406104494e+01,2.927552535639733833e+01,2.908819821147812945e+01,2.913113651326568743e+01,2.911546456026468377e+01,2.887823003398762012e+01,2.926714389722178566e+01,2.932042281960838181e+01,2.945393367473570834e+01,2.891741032698604386e+01,2.877582609552069925e+01,2.987052392978961279e+01,2.930587776204737338e+01,2.974357506140984242e+01,3.071267013923772993e+01,3.086093274419948784e+01,3.020997167108100712e+01,3.117758690532150467e+01,3.092485163999629094e+01,3.081184145100087335e+01,3.098664850079211419e+01,3.140572299184896110e+01,3.112345960354070940e+01
2.960427829538866717e+01,2.886937180952571680e+01,2.954085009324717248e+01,3.025285233586788536e+01,3.021833760014413883e+01,2.944103193508556160e+01,2.921929828902597137e+01,2.980282144081206752e+01,2.984733851948681149e+01,2.948630217922141128e+01,2.973826793850309969e+01,2.938652797799358041e+01,2.973365987155074208e+01,2.893372390816762163e+01,3.009695006021559038e+01,3.004507929380457654e+01,2.973065605437574277e+01,3.051178012345320667e+01,3.019703058313086785e+01,3.015124625818458526e+01,2.956243944270710244e+01,2.996265069347060717e+01,2.913258042948319826e+01,2.986265999840992436e+01
2.884492771440858405e+01,2.904163228970588762e+01,2.945781953822950072e+01,2.920255324296124400e+01,2.851861412601255097e+01,2.932975605617616566e+01,2.872226890643952402e+01,2.944766686873566641e+01,2.996702489311388717e+01,2.925219951504294613e+01,2.929936416094540164e+01,2.908783626778136977e+01,2.992009037369621183e+01,3.068047470006376898e+01,2.964357975430237957e+01,2.969751282752122279e+01,2.950665534649135680e+01,2.903842357018515941e+01,2.951020159353191730e+01,2.996057436080570824e+01,2.935105141992477229e+01,3.024573087853366360e+01,3.010871379289670813e+01,2.921626095286001146e+01
2.879875178885930609e+01,2.910710926099392282e+01,2.788613839419411988e+01,2.890773671091591268e+01,2.838510947509234938e+01,2.869697594921700556e+01,2.835497432425160014e+01,2.930427818890768776e+01,2.884891070308907501e+01,2.806865536893133140e+01,2.888448454254563558e+01,2.963378620105066830e+01,2.952389775450518528e+01,3.019883384263476955e+01,3.208804966931165836e+01,3.260487639597238285e+01,3.179743788685181016e+01,3.013004695837713598e+01,2.950057813007038021e+01,2.961670244909907979e+01,2.918030772002089179e+01,2.908284822609613229e+01,2.917320422544486291e+01,2.909802448601664082e+01
2.965528171986233019e+01,3.015566884432820416e+01,2.987792401677273801e+01,2.950939352995538911e+01,2.858596664187530223e+01,2.918007771068670309e+01,2.885081379991567019e+01,2.888340007300467960e+01,2.909402678782282692e+01,2.904601735309819333e+01,2.960044447642093246e+01,2.926547131579820871e+01,2.933122292995346925e+01,3.058936477942381771e+01,3.367245300273509656e+01,3.428930384739493320e+01,3.294553624086859145e+01,3.093657549058946188e+01,2.882552579145533400e+01,2.967460016467867945e+01,3.045028378113818235e+01,3.043491740834275561e+01,2.989595608931563220e+01,3.070095663883950010e+01
2.938424894525439868e+01,2.998841991328316681e+01,2.915079439182022725e+01,2.949604086110383605e+01,2.908801759145035248e+01,2.872011882620876122e+01,2.963392618886479113e+01,2.906981807868430678e+01,2.928048876668594858e+01,2.960116494363779793e+01,3.015831730257934851e+01,3.041670900439493153e+01,3.009906914514630216e+01,3.153049929501116821e+01,3.430850016241652156e+01,3.455847641901658562e+01,3.332649373495644340e+01,3.247576262664279056e+01,2.898512978793434058e+01,2.927209463593175087e+01,3.025275519579633965e+01,3.034022276628934378e+01,3.002868744208893759e+01,2.941896827851655871e+01
2.951196470154343388e+01,2.892251223321017051e+01,2.965014320019952265e+01,2.814324350867377689e+01,2.871401441646185049e+01,2.942745548422527690e+01,2.922445591395148767e+01,2.949057317992918570e+01,2.948412257310025097e+01,2.904790286863567417e+01,2.947753019427040044e+01,2.877204752829914014e+01,3.016041333174689498e+01,3.139897127963024559e+01,3.414134726872634928e+01,3.418339525648718791e+01,3.352440886407765674e+01,3.014668249372397213e+01,2.905275883949366289e+01,3.011999481373999288e+01,2.920659071038858201e+01,2.856393455515251389e+01,3.047737852511295387e+01,2.922448225893174367e+01
2.981413499434626146e+01,2.921969752243035146e+01,2.836238594267973667e+01,2.908590645578311751e+01,2.751372758676171770e+01,2.870970727855950599e+01,2.846089587659452036e+01,2.924923348396549727e+01,2.885789452865344629e+01,2.978285676951355754e+01,2.917796770986643651e+01,2.940559701483874733e+01,2.932668268040737303e+01,2.970905546211594128e+01,3.468338445963354388e+01,3.411123881219350551e+01,3.227825518769742530e+01,2.995458697383486424e+01,2.977105076092294667e+01,2.967107772411077349e+01,2.965354880279113559e+01,2.920932056152145151e+01,2.961593767761598883e+01,2.901624400934542791e+01
2.842022581952562632e+01,3.057741391289118837e+01,2.919501756453178132e+01,2.928535026998389412e+01,2.940238949121078349e+01,2.926415887945483973e+01,2.992266052529993203e+01,2.951948743008540532e+01,2.933080820368536479e+01,2.910294674944225335e+01,2.936010138043940287e+01,3.086352247569499241e+01,2.980012638560606320e+01,3.124089514250272259e+01,3.403341922526408325e+01,3.476947202960081995e+01,3.191571884916987756e+01,3.114300320104916864e+01,3.012099757830367253e+01,3.066133955861431559e+01,3.065268995822594889e+01,2.955423177935347212e+01,2.987402936995550817e+01,2.954530208977968186e+01
2.929606387169036452e+01,2.931090881145763660e+01,2.999045072250982003e+01,2.972466477360120507e+01,2.915079439182022725e+01,2.930176625122521727e+01,3.040435123661734451e+01,3.029108038060962826e+01,3.021056804588346267e+01,3.009420225210186572e+01,3.119058080044663939e+01,3.227903246625101019e+01,3.267839655186054415e+01,3.211737875517002294e+01,3.353075115364032399e+01,3.223939782855063640e+01,3.236145990300587982e+01,3.282763919709594802e+01,3.222582770316427059e+01,3.067988088010253023e+01,3.017023041087253432e+01,3.009904050045855683e+01,3.061263036608795574e+01,3.038389961904914571e+01
2.862469703157876211e+01,2.844850281606903764e+01,2.968292376372824037e+01,2.948304772274036623e+01,2.955904591710378781e+01,2.919355160348465006e+01,3.008678986051779702e+01,2.888412726273747921e+01,2.989944266086257585e+01,3.023475883299471434e+01,3.207149252431128161e+01,3.178041583013958871e+01,3.198367524983655130e+01,3.156987236422310161e+01,3.109675262705013665e+01,3.148790128631696916e+01,3.195377675089537206e+01,3.217278857613177934e+01,3.234350206826280782e+01,3.168729928823620412e+01,3.185585875817560009e+01,3.024251952828086587e+01,2.931757003469260781e+01,3.046317089747964246e+01
2.889286170638166595e+01,2.814899504469775593e+01,2.820638649071565851e+01,2.874353629429060675e+01,2.874488570344482241e+01,2.883374147394516740e+01,2.902506518765466126e+01,3.004928576732754664e+01,3.068872490063716896e+01,3.108817925435329244e+01,3.235665468854364235e+01,3.200147525603352960e+01,3.275527801016113472e+01,3.151443406471116759e+01,3.176013947929868664e+01,3.178545309470990787e+01,3.165410622506931304e+01,3.127084918743520348e+01,3.198875796285256001e+01,3.206117007503740979e+01,3.040920155746840692e+01,3.019323869530910542e+01,3.054975939968204557e+01,3.016389689769329152e+01
2.827273643856966601e+01,2.825103217227933783e+01,2.947899777959696621e+01,2.850565451779283421e+01,2.924990586412070570e+01,2.947563045040084262e+01,3.013941146163625717e+01,2.935233158987523439e+01,3.035993531375180510e+01,3.250918794585413707e+01,3.302083967210290893e+01,3.196008656846385065e+01,3.340911124597886328e+01,3.161170233474604174e+01,3.233700808191849774e+01,3.177996796748885799e+01,3.213181210852667391e+01,3.284560807820662376e+01,3.211869547661581237e+01,3.268136778393522945e+01,3.080436209939102810e+01,3.117565098411694180e+01,3.107818841313263647e+01,3.134368288118332657e+01
3.000998484687272594e+01,3.046852768955500324e+01,3.059052195922862438e+01,2.923620083168674455e+01,3.065540095137816934e+01,2.995230912527779310e+01,2.983632512042493090e+01,3.113559912854321965e+01,3.303594021234584943e+01,3.308631048966742583e+01,3.326879433925819285e+01,3.319246740419697517e+01,3.374440332151391431e+01,3.305760050416148488e+01,3.339376336045563676e+01,3.273464019032616079e+01,3.319444548053189692e+01,3.378287336623895953e+01,3.326107253416080312e+01,3.346782017124905906e+01,3.171255582756356262e+01,3.072846400802910694e+01,3.119298652704281949e+01,3.097107230685816148e+01
3.027706061545603689e+01,3.072239244235373690e+01,2.908965371454172555e+01,2.938667466202224432e+01,3.099616699987086577e+01,3.039241673224557871e+01,3.100444522866018815e+01,3.100525490753796021e+01,3.163547849830945324e+01,3.293436947481609423e+01,3.531186058534575523e+01,3.443490268644984553e+01,3.369950723819107452e+01,3.431211051316932981e+01,3.459518559722891951e+01,3.519149726164516778e+01,3.306809024933073715e+01,3.235800311569585119e+01,3.393051500576530088e+01,3.359777681983263165e+01,3.160243764179796244e+01,3.080957870252643716e+01,3.050393967546892782e+01,3.105319370034237636e+01
2.891547862974073269e+01,2.878670756901959749e+01,3.107414099276900288e+01,2.923009298713509452e+01,2.984863942770397216e+01,3.069811168218245712e+01,3.133349791090523695e+01,3.229938002246154838e+01,3.239048487581914060e+01,3.180752980962301990e+01,3.150862318973673837e+01,3.237972417907576528e+01,3.419759640344483387e+01,3.480007807075764958e+01,3.395598751839520446e+01,3.455366208892763780e+01,3.391814347297253107e+01,3.373094499157559767e+01,3.305141043128196543e+01,3.325653627950873670e+01,3.288688635749298328e+01,3.219481964346380209e+01,3.098084168350334267e+01,3.107041476499767896e+01
2.908465255600185628e+01,2.969513713490948703e+01,3.020464906701965901e+01,3.038184346972457206e+01,3.120255393024359591e+01,3.232607475263131391e+01,3.238179053424039466e+01,3.298005390038878204e+01,3.256880934606795108e+01,3.300123848905167279e+01,3.264493786737648406e+01,3.235586143024687544e+01,3.397080599030994108e+01,3.396065977454782114e+01,3.349917798855051387e+01,3.471683132020172025e+01,3.287564894132202653e+01,3.351201013545488649e+01,3.342499396412728174e+01,3.418236694565774769e+01,3.340132468928152321e+01,3.230729007345388482e+01,3.095322260414354787e+01,3.167165865245152645e+01
