2.993315931110339534e+01,2.850567834579936743e+01,2.960801058512845430e+01,2.849716052415726608e+01,3.073319746920384432e+01,2.818871678240327583e+01,3.039565604612920424e+01,2.830817977004693375e+01,3.135504255279278141e+01,2.917219406881366695e+01,2.945744444200420276e+01,2.858925687633120560e+01,2.948558344429841327e+01,2.846271305288485109e+01,2.914803887960437123e+01,2.956071816755297732e+01,3.033024823698593764e+01,2.855552835197659078e+01,3.055009403180281424e+01,2.868952914840843960e+01,3.140218951822851068e+01,2.887096164229831174e+01,2.869721029379360289e+01,2.874330100160517532e+01
2.778908795004309695e+01,3.091929206587116141e+01,2.884591087316721314e+01,3.017363283322458756e+01,2.875099667903043610e+01,2.953736523957667259e+01,2.879883377794186572e+01,3.022590249047954103e+01,2.966237480170076424e+01,2.864414786329547269e+01,2.802718431125140341e+01,2.923161076452953466e+01,2.873376562782721066e+01,3.055839603193783205e+01,2.882158980835765760e+01,2.867430197625060373e+01,2.822284719918644669e+01,3.042017233326322412e+01,2.903062049381691168e+01,2.991618387892037845e+01,3.000778599680057823e+01,3.034762658359215948e+01,2.946845150151642656e+01,2.991570233972163351e+01
2.902081213410974669e+01,2.929844644092946737e+01,2.879894068787746164e+01,2.638793863976303555e+01,2.872120986392127406e+01,2.963294606338735093e+01,2.850059849821980151e+01,2.837435055539145878e+01,2.874757749358855108e+01,2.812654637404011737e+01,2.929850400283339695e+01,2.864158090870853357e+01,2.938974789165467882e+01,2.913510348341350209e+01,2.866005314862735531e+01,2.940381944763328192e+01,2.838635698865221002e+01,2.871332114391998402e+01,3.002152874200407950e+01,2.926761483405869058e+01,2.922847773315669428e+01,2.850365663412571848e+01,2.832543412011352757e+01,2.695923958988873892e+01
2.930838690143349368e+01,2.952843616512683411e+01,2.986467522376580064e+01,2.824558402031658488e+01,2.888076288617548926e+01,2.857960347193392181e+01,2.906512307050741128e+01,2.884003768763852804e+01,2.923395722773187799e+01,2.918287225791311812e+01,2.848727641343674577e+01,2.855787714106838848e+01,2.809807111378938771e+01,2.821087170402381616e+01,2.917450026954139730e+01,2.923632320442561650e+01,2.789378130967401148e+01,2.905640733603041781e+01,2.846898405330892956e+01,2.921457343393018391e+01,2.969153873673781163e+01,2.892850842619549212e+01,2.951384588570795131e+01,2.883728505487937355e+01
3.027245397645083358e+01,2.833721248906806522e+01,3.080912107312479975e+01,2.856995808399597081e+01,2.987321443668122356e+01,2.934902028489119630e+01,2.870127287965885898e+01,2.837092315531953091e+01,2.949592176405394639e+01,2.786161953114554990e+01,2.990834100808871199e+01,2.824821637165683796e+01,2.984118599770692981e+01,2.915209340595527010e+01,2.934595283121467446e+01,2.907532399390498767e+01,2.882555381771339853e+01,2.905803763046600352e+01,2.942453437676249450e+01,2.884652337355043983e+01,2.911844089268271318e+01,2.873561285371135909e+01,2.877380397171447157e+01,2.889826487816259259e+01
2.865267293667437798e+01,2.853137270957563487e+01,2.947786477987983744e+01,2.916422400166419493e+01,2.794730475777458878e+01,2.925023339532071986e+01,2.855595097935668036e+01,2.952909375949070636e+01,2.893262202079347389e+01,2.981018811898115928e+01,2.909522088489831049e+01,3.003587154595271613e+01,2.907528308391687233e+01,3.026839854944711306e+01,2.912318786270981263e+01,2.876187500893786364e+01,2.846312173446000315e+01,2.947207430231742364e+01,2.808573269204316603e+01,2.932359526837137764e+01,2.966925048516520746e+01,2.961570751735473550e+01,2.822621910265542056e+01,2.922672243898716715e+01
2.922001199998919674e+01,2.946268813362490846e+01,2.894934331189546128e+01,2.858120839131760249e+01,2.836720180466591046e+01,2.880756972112334324e+01,2.945648635506302071e+01,2.970542584003027287e+01,2.824952970406513941e+01,2.934606376803560579e+01,2.919705017531458680e+01,2.895599058533474590e+01,2.924111723212723746e+01,2.812153597529743365e+01,2.863077171210295546e+01,2.960661982375029311e+01,2.804268391159962448e+01,2.925961167530113016e+01,2.926061076016009110e+01,2.893708888818730429e+01,2.980929092726870522e+01,2.843575979365203921e+01,2.892843692956051882e+01,2.957454786482071540e+01
2.866701313027681408e+01,2.887573440440394279e+01,2.866275404556586182e+01,3.007312501953060746e+01,2.844089572332944726e+01,2.893280047793138010e+01,2.919603461574854464e+01,2.917720757946915455e+01,2.930271016462108946e+01,2.961521197150204898e+01,2.901303606873017316e+01,2.996539146449964619e+01,2.877264785256653568e+01,2.941687616105747338e+01,2.866271990923542035e+01,2.981435802946822378e+01,2.986636182047084276e+01,2.935712519495825745e+01,2.954453581510307458e+01,2.906055149794110548e+01,2.933253313156495778e+01,2.982945204661450589e+01,2.967460411784423968e+01,2.946020887847373615e+01
2.941725362743483174e+01,2.789599728357103459e+01,2.919976247373034539e+01,2.999855786374689615e+01,2.962971834950405992e+01,2.914638766307569995e+01,2.985533561569423000e+01,2.809410774873998662e+01,2.957007602176116734e+01,2.927144197568014761e+01,2.910285549319104348e+01,2.949465328426117594e+01,2.957746035425378750e+01,2.925728308220487861e+01,2.999728495223820346e+01,2.880785711984731279e+01,2.969139571600913996e+01,2.902203556110850968e+01,3.011066903647088111e+01,2.927386566617138897e+01,2.966812814402527465e+01,2.914355122654899333e+01,3.072374295467051297e+01,2.947592137614049079e+01
2.934308399541845347e+01,3.071743750184248256e+01,2.846761229070534682e+01,2.961344310503994848e+01,2.816898348449677769e+01,2.952784069422818902e+01,2.938768594917462451e+01,2.980074288622012091e+01,2.952720013900108142e+01,2.945196553062964995e+01,2.896010979133433239e+01,2.983951411105186935e+01,2.888284066422500018e+01,3.006866919144596295e+01,2.968402075817965624e+01,3.008583875933413765e+01,2.844239384673852555e+01,2.868619198168261164e+01,2.948481206834065915e+01,3.070795226506288600e+01,2.871608235684379906e+01,3.049481878579223348e+01,2.888625179457602599e+01,2.890277083315976370e+01
2.843680635133074475e+01,2.786291288532271437e+01,2.989982466732755029e+01,2.883473560189986529e+01,2.823749070704820952e+01,2.892274339381634718e+01,2.919796686645742056e+01,2.854712058078928294e+01,2.906050150554750644e+01,2.922195850298288633e+01,2.873146928458845650e+01,2.884474254035779950e+01,2.965729369883081290e+01,2.874034408780278227e+01,2.938663488148250735e+01,2.982750639643990098e+01,2.923838755973974912e+01,2.948103527982942751e+01,2.850002878461401679e+01,2.891924566218068549e+01,2.976930971357069211e+01,2.896337038119639828e+01,2.911591169481596353e+01,2.969810373297661954e+01
2.919609528931221121e+01,2.979076280412130018e+01,2.901321915851656286e+01,2.873216665262941660e+01,2.910354799352927557e+01,2.926396568797412101e+01,2.867221400082337368e+01,2.952224907434265333e+01,2.896751337091643563e+01,2.979274164392467128e+01,2.898115684395213520e+01,2.877135640507719927e+01,2.927992536265941226e+01,2.856227092923410282e+01,2.824000364403570984e+01,2.881062249154285837e+01,2.891383044522598311e+01,2.893232413171165263e+01,2.882843762888762740e+01,2.943322986926040130e+01,2.879332258240810916e+01,2.959319672856992156e+01,2.907711284374170191e+01,3.019106490320422154e+01
2.932764546564703778e+01,2.792064000905452303e+01,2.988823980385575396e+01,2.923576760597501334e+01,2.908006846274685131e+01,2.869755879836594659e+01,2.949641481762893136e+01,2.909825087678103728e+01,2.962416056202630443e+01,2.933907401983856289e+01,2.987598329195026281e+01,2.824990866308473869e+01,2.921140130215269437e+01,2.871304587503368566e+01,3.011373778443015681e+01,2.964095353123371979e+01,2.972140852952458090e+01,2.972050290407366901e+01,3.003334055911807354e+01,2.887395814863111809e+01,3.014916107211354301e+01,2.979026522727389192e+01,3.051515388186879818e+01,2.901035980662260272e+01
2.834779937199999722e+01,2.962293132968420650e+01,2.880264689019719526e+01,2.831039957376276561e+01,2.943032870310992166e+01,2.981365048331758771e+01,2.876603696136601229e+01,2.958721245392405308e+01,2.876892714987712907e+01,2.948319657687289919e+01,2.842482837006042473e+01,3.016557498851557284e+01,2.892256589506604314e+01,2.965687384843630525e+01,2.930989392194675247e+01,2.956410918921477560e+01,2.906809528717644753e+01,2.988930854321000652e+01,2.853917559305710938e+01,2.938017214294563928e+01,2.872204947632127414e+01,2.991996986459520258e+01,2.936185428970998146e+01,3.028424577351836433e+01
2.958896813663761804e+01,2.804550104819293210e+01,2.852764099299719192e+01,2.838831955924331396e+01,2.848228454099267992e+01,2.866607429557296882e+01,2.957259893696112840e+01,2.942029054369754704e+01,2.966723955410282088e+01,2.900026552993216455e+01,2.935839616877649405e+01,2.928293984593500454e+01,2.885952082391355589e+01,2.847552880235758721e+01,2.938610811116893728e+01,2.979819315806429358e+01,3.009689443072022641e+01,2.874787357651416642e+01,2.946832047365302287e+01,2.886277390352239536e+01,2.982506249017387745e+01,2.959053837504461626e+01,2.990743819494394984e+01,2.975615204825118099e+01
2.906067379791107896e+01,2.862825775363518233e+01,2.847788625263802942e+01,2.877472434714354677e+01,2.820431856842549223e+01,2.936122305035002000e+01,2.868214984757662478e+01,2.917950540279622373e+01,2.997840982083198469e+01,2.854178696712045848e+01,2.907425548038594343e+01,2.919970273539360051e+01,2.888310501330926172e+01,2.891134967465779937e+01,2.892401721167902906e+01,2.984557170330515419e+01,2.936686939579362843e+01,2.997429423678244120e+01,2.983264098997108249e+01,2.967681219472024168e+01,2.871472407717413944e+01,3.020948365504318645e+01,2.975600836462319876e+01,2.939279266451183048e+01
3.040827312144466532e+01,2.862637129309905504e+01,2.959286638535417069e+01,2.912271298548728282e+01,2.960095069731607964e+01,2.924837765048954452e+01,2.913160322850308148e+01,2.928571999212289256e+01,2.926793477681127342e+01,2.881517305298291376e+01,2.933188753935894511e+01,3.003877331941964712e+01,2.852320432599810829e+01,2.812222990862221650e+01,2.971005603858208133e+01,2.923881403900503528e+01,3.031909185849900723e+01,2.933893013159166685e+01,2.995123040988835328e+01,2.947430318304117236e+01,3.015736324528052137e+01,2.942895422099263669e+01,2.990760439682708238e+01,2.966229704908948861e+01
2.858974973960363286e+01,2.870709480160832072e+01,2.959441554350684100e+01,2.888329151490592039e+01,2.848801581957877715e+01,2.905175538841490379e+01,2.819693166262737805e+01,2.937049845031930317e+01,2.829856607698962989e+01,2.951098119646940177e+01,2.879664749779743715e+01,2.983868589270866778e+01,2.845529858020000802e+01,3.046094919608560758e+01,2.899209526296039030e+01,3.028074056244253143e+01,2.950056431848128113e+01,2.863032130335392367e+01,2.899433758840814335e+01,2.904399857395821982e+01,2.915848699413407985e+01,3.015260789659265583e+01,2.954799224329264007e+01,2.999605657066058484e+01
2.862778636218655492e+01,2.923524112528303931e+01,2.962857523830552964e+01,2.941472180026318028e+01,2.862808293201476317e+01,2.902064125515317983e+01,2.877894399796707603e+01,2.859544293047821384e+01,2.927163880378390104e+01,2.890416477606424905e+01,2.896670762020909251e+01,2.843723270482524867e+01,2.928944186367795055e+01,2.872056263927476039e+01,2.973839565986247635e+01,2.935864846122683502e+01,2.954378648125697282e+01,2.960908453192558909e+01,3.009316503908064533e+01,2.943012835164785201e+01,2.907690410317081842e+01,2.905587151462333395e+01,2.977916870790886605e+01,2.996552429758048675e+01
2.997652383231360318e+01,2.999560141236082700e+01,2.908218749107777512e+01,2.846004009622453168e+01,2.854435108996892723e+01,2.995995511761157104e+01,2.900005326603769618e+01,3.049971339019123207e+01,3.009307703140848389e+01,3.013936978896219898e+01,2.906509451691601953e+01,2.883487556351582271e+01,2.915014334877224655e+01,2.867391597723258201e+01,3.009503529755886575e+01,2.919280514002508653e+01,2.926460172319104913e+01,3.018669464646791312e+01,2.949369487110374166e+01,2.924271083101319846e+01,2.938646934340283678e+01,2.929671908110094591e+01,3.003670123069417741e+01,2.912774913071939409e+01
3.039681601567315283e+01,2.817586613093482129e+01,2.864056972265098011e+01,2.834805915703441315e+01,2.951022513074451581e+01,2.957791700228744958e+01,3.144062427986835928e+01,3.298782935110875769e+01,3.464059125817414042e+01,3.352510328552114061e+01,2.974119419167459455e+01,2.806094007537734569e+01,2.986030058896642458e+01,2.857910432745904927e+01,3.086611702282169745e+01,3.136067016389148421e+01,3.276445778638208139e+01,3.197891626714795166e+01,3.058339507411159275e+01,2.892234289145670800e+01,3.067506242330176747e+01,2.961780408162093181e+01,2.954848398488502426e+01,2.865218086311921297e+01
2.843600742945108095e+01,2.992932673816488887e+01,2.922547160440188918e+01,2.949012196075977954e+01,2.867711122116895694e+01,2.949519262764835048e+01,3.246824224036419082e+01,3.396783659618444062e+01,3.402311484759849236e+01,3.351003049945313705e+01,2.929668562815692212e+01,3.003023175622553254e+01,2.964300087500549807e+01,2.999265306018600086e+01,3.103249668287259055e+01,3.233066737552809400e+01,3.189419792167745982e+01,3.155600603436079155e+01,2.937801557796802854e+01,3.020118298737600071e+01,3.005697239146991251e+01,3.056600965306660100e+01,2.989239250379660007e+01,3.001899966687039978e+01
2.920574827347383007e+01,2.934150486908998801e+01,2.878514111857020907e+01,2.864264455866123171e+01,2.887458076069651725e+01,2.866523069449175409e+01,3.299680529650510152e+01,3.517030571514249004e+01,3.345774253422189304e+01,3.320895156912627044e+01,2.977392702969768834e+01,3.007280966831888236e+01,3.008992713362863469e+01,3.020063147539616466e+01,3.194739711752606581e+01,3.210914592165369186e+01,3.353979735262402073e+01,3.318996262865420022e+01,3.072007282421952823e+01,2.999535451917279261e+01,2.953601285527906839e+01,2.935408928644983462e+01,2.892327718986882701e+01,2.878211416689021007e+01
2.874590770264256889e+01,2.874529464880203022e+01,2.971341401541508276e+01,2.835209447839497443e+01,2.934932937327772606e+01,2.950247379088597199e+01,3.132119573874007301e+01,3.380945263345716967e+01,3.427869822534665900e+01,3.277911491765144092e+01,2.950909618704480408e+01,2.922013269793217205e+01,3.064707921317227601e+01,3.045995379329457364e+01,3.218298135114196157e+01,3.254457743388684321e+01,3.427458235048055712e+01,3.462163533147264616e+01,3.132058809294875346e+01,3.108458014702108585e+01,3.007122698325019883e+01,3.016257446568613432e+01,2.869026171400753356e+01,2.921929358663152243e+01
2.950896290087649732e+01,2.839861735062760317e+01,2.962134292538576119e+01,2.946516572635556486e+01,3.068200253968831248e+01,2.981046546626259897e+01,3.208703972466156529e+01,3.415764272530628887e+01,3.412445331047456420e+01,3.251682056641675445e+01,3.247457715134265754e+01,3.087524215580128839e+01,3.224979039727048757e+01,3.091213967434356391e+01,3.243199088027841981e+01,3.255950256129000309e+01,3.395565671828501308e+01,3.331620673620926709e+01,3.194583033932428862e+01,2.993780922001428735e+01,3.149193068544735752e+01,2.988033641662656237e+01,3.084201839397826461e+01,3.070972299987477072e+01
2.807901252417980231e+01,2.992581330309826626e+01,2.960472655107338369e+01,2.990638321567843150e+01,3.156880618854239628e+01,3.293097395056452115e+01,3.310009061528847951e+01,3.412227238752586800e+01,3.324480189265142371e+01,3.312190605883091621e+01,3.239125654645846453e+01,3.305671518276636789e+01,3.143059983552728909e+01,3.250821913413051334e+01,3.159109200993668765e+01,3.428582013290207442e+01,3.295929047853161364e+01,3.378372057578928889e+01,3.178159579575037696e+01,3.175226890923704559e+01,3.071935466984473351e+01,3.084917873486756434e+01,2.887324606478466649e+01,2.974224972720071491e+01
3.021958673635782588e+01,2.914087850224268550e+01,3.198436080760166078e+01,3.174201692484098203e+01,3.328858090141108050e+01,3.245799105259220596e+01,3.361629126432785597e+01,3.335836918673277296e+01,3.277661813076991848e+01,3.269537730056316605e+01,3.312846492805135767e+01,3.320782315214722757e+01,3.316970098481738205e+01,3.254313057164313250e+01,3.306498947963115143e+01,3.299021407708880815e+01,3.368006485848570719e+01,3.356514570621743587e+01,3.388614109996200341e+01,3.163205549387544124e+01,3.274849576169549437e+01,3.245146821257691272e+01,3.037253618411983780e+01,2.988653693038241954e+01
3.046413322517707911e+01,3.116941454893071750e+01,3.107816270816522319e+01,3.248088682825772366e+01,3.354010813416931569e+01,3.340072470591690035e+01,3.444227505191918226e+01,3.428244687277873481e+01,3.454242152642120800e+01,3.383059926038612275e+01,3.387730116804868885e+01,3.434179359946563181e+01,3.336787887875527758e+01,3.328606415505595351e+01,3.319449919541483496e+01,3.363610304800664608e+01,3.226866385673082505e+01,3.362467149145561507e+01,3.300100664337304579e+01,3.366127951380423156e+01,3.287453815907497301e+01,3.159942335682370640e+01,3.098785117176299764e+01,3.031930494019724165e+01
3.138310195802586122e+01,3.079320601353930442e+01,3.166771769762050326e+01,3.215335244427143380e+01,3.410192671052931246e+01,3.267967739856652543e+01,3.364411545836770756e+01,3.302380303565297481e+01,3.307450794166209107e+01,3.321846150863319735e+01,3.331413543734811356e+01,3.387627085200767851e+01,3.470035579216840915e+01,3.319519306622970589e+01,3.380714081652064351e+01,3.230293488388667811e+01,3.324310029979397996e+01,3.188810939457465565e+01,3.367748909003643121e+01,3.226108906570908630e+01,3.449861222303604791e+01,3.345228787162665185e+01,3.140378135679145544e+01,3.108709167538785323e+01
3.108193913972536393e+01,3.207373927427522631e+01,3.099092709155218017e+01,3.308362548316017637e+01,3.362798447813310077e+01,3.309650404585227079e+01,3.251677960307938520e+01,3.279432574749881724e+01,3.118719836061296746e+01,3.260029745281741498e+01,3.189671719238282321e+01,3.355244816815445574e+01,3.401696601733340231e+01,3.326534717129408136e+01,3.287135446359525304e+01,3.376476105557816254e+01,3.300946992809400626e+01,3.371909704568395227e+01,3.212337761682238124e+01,3.382062220629842386e+01,3.432757439985988412e+01,3.406896419696897738e+01,3.231095534375543821e+01,3.105029500435824730e+01
3.040222827626274693e+01,2.963126180823610412e+01,3.292765478547840985e+01,3.192689503434320386e+01,3.254145814204764520e+01,3.191144218421095502e+01,3.260766468456262146e+01,3.177443056023065537e+01,3.260074675166214320e+01,3.295120292556509867e+01,3.131879214836430947e+01,3.229829527180737614e+01,3.203662997860800488e+01,3.414146965686836666e+01,3.296495429067704208e+01,3.387205304453897270e+01,3.392738498673446657e+01,3.384621116898335913e+01,3.367594857953349674e+01,3.398945153343811398e+01,3.308909155742736630e+01,3.339007938200842318e+01,3.278229857679122006e+01,3.186036504681203496e+01
3.049130367945969056e+01,3.090518595978250005e+01,3.271850326501407835e+01,3.222800017610018131e+01,3.243969290324457688e+01,3.229876568785311974e+01,3.204873554774144395e+01,3.233376171606897742e+01,3.077987110309084073e+01,3.300864576682238294e+01,3.234510985793883719e+01,3.256940398136742942e+01,3.349128135449819865e+01,3.318619143649533498e+01,3.401897966569276832e+01,3.332588291010114290e+01,3.237237275127512248e+01,3.311726657799238183e+01,3.310702480993313657e+01,3.226176458662189361e+01,3.261665811221490685e+01,3.295252286211211867e+01,3.338391537382977958e+01,3.303318723313168448e+01
