2.296969154667209523e+01,2.403149284918208650e+01,2.394899197337304031e+01,2.486874124059579572e+01,2.228403202022485630e+01,2.541281967889324278e+01,2.347134723019411240e+01,2.400193515128091803e+01,2.378559327551477054e+01,2.361709788212004923e+01,2.271152911187107293e+01,2.437824903362241002e+01,2.300020950058438984e+01,2.556941344291010410e+01,2.352245225165285092e+01,2.307096379375980177e+01,2.383630142956769760e+01,2.411673583652998332e+01,2.310399400612686804e+01,2.635175390893920166e+01,2.400493541022387944e+01,2.666643132970483521e+01,2.542830911534872484e+01,2.622902857855837055e+01
2.250774021435108807e+01,2.346895337827641015e+01,2.580024775512555379e+01,2.452933477217038671e+01,2.458286424612930432e+01,2.334955862660484627e+01,2.427294487655836974e+01,2.380518873274172620e+01,2.440434289020072356e+01,2.441342536069180369e+01,2.225746131890991819e+01,2.338418097626885128e+01,2.315030521015523846e+01,2.326570623554238182e+01,2.325488674274333789e+01,2.389500368068098624e+01,2.489136829133514084e+01,2.349508974500679415e+01,2.506173843532127421e+01,2.409412731504266958e+01,2.499853924928618198e+01,2.451114276239991341e+01,2.522952393009927619e+01,2.504520096921692129e+01
2.285529980945483430e+01,2.477819227272937042e+01,2.285377417219655172e+01,2.514729201866765607e+01,2.272805442594386705e+01,2.489507153436295539e+01,2.403979158759153734e+01,2.480540943976785684e+01,2.292852219913316958e+01,2.535799307429573446e+01,2.322515700353034163e+01,2.410275277803560812e+01,2.310209045126418914e+01,2.561564226168138703e+01,2.255105473585740583e+01,2.360695551799688019e+01,2.336153898537941132e+01,2.399030882166800893e+01,2.223306907349359562e+01,2.478385775670687963e+01,2.429687701747212714e+01,2.472610564911190068e+01,2.298037344219261513e+01,2.564338642784400690e+01
2.579076273796482610e+01,2.535158687493787966e+01,2.569077046272258258e+01,2.481392364560758779e+01,2.527658436652546925e+01,2.370414596999899004e+01,2.555666653289540591e+01,2.407571975198686687e+01,2.497635732044477663e+01,2.456603669600184503e+01,2.495875778048792881e+01,2.285385514680206143e+01,2.470432354473791747e+01,2.368712941878771971e+01,2.440347004000801689e+01,2.333384191726474910e+01,2.394137925636431419e+01,2.331417368113676503e+01,2.501173196062916304e+01,2.349652155525387798e+01,2.481745203246418896e+01,2.389126427308207212e+01,2.425349282691087183e+01,2.337882263498431712e+01
2.362369149693432746e+01,2.449641827069012834e+01,2.418499039146547602e+01,2.520646421057062980e+01,2.408163087854313744e+01,2.503803749617082985e+01,2.360148647937063515e+01,2.547822629812355899e+01,2.420427590171539123e+01,2.468397117118848882e+01,2.323074411854497612e+01,2.582639953780568476e+01,2.431936359982717022e+01,2.382001885797137675e+01,2.420741014572843142e+01,2.314648309984306707e+01,2.348018855662269289e+01,2.470284708584586042e+01,2.371580660912576377e+01,2.433523113431380125e+01,2.384554423516675570e+01,2.449385262688502962e+01,2.354270556395050562e+01,2.514417119809684209e+01
2.439200588339963360e+01,2.509989067793617323e+01,2.552667311560981034e+01,2.488462819046446839e+01,2.528200014579880417e+01,2.361038641355946766e+01,2.601489734194535686e+01,2.444113256035575432e+01,2.507487108270959197e+01,2.467852943868660986e+01,2.551556161045829185e+01,2.470593145825995407e+01,2.531397451475925209e+01,2.434492526064235562e+01,2.381877026943203646e+01,2.413170546939193173e+01,2.507967716148743875e+01,2.406992885128914850e+01,2.475882158621271856e+01,2.413159246964414706e+01,2.462902851127387294e+01,2.369811865314659372e+01,2.540021112259046276e+01,2.456614628689084157e+01
2.440184893289961110e+01,2.650129712367572665e+01,2.400998425368641165e+01,2.642992744888152856e+01,2.600916589563297521e+01,2.506747606597554068e+01,2.495123051753176924e+01,2.694550998840435341e+01,2.553921007456887082e+01,2.613258097137821778e+01,2.493128190326802951e+01,2.604996182645555791e+01,2.477995078035604593e+01,2.482053717176682994e+01,2.486661513286611580e+01,2.576040845020025927e+01,2.452552391562772982e+01,2.620365823204684830e+01,2.427069928512474917e+01,2.517817473818729468e+01,2.506256243042912502e+01,2.546831158169845821e+01,2.427022416881840172e+01,2.494773729069100909e+01
2.588165954778514788e+01,2.461027866345824577e+01,2.634931994073508577e+01,2.405779156670598695e+01,2.548922081158980291e+01,2.517732970444592411e+01,2.629469307617222285e+01,2.515923468760229298e+01,2.498576771417202735e+01,2.460397037152904431e+01,2.607295913027479628e+01,2.565463979861311827e+01,2.676652682256133176e+01,2.564627248176191188e+01,2.553694305954161337e+01,2.495079629750762251e+01,2.713363478197572931e+01,2.579116908686575016e+01,2.538806261783412310e+01,2.495425912249834255e+01,2.675860745996521928e+01,2.443178335842810611e+01,2.650499661410907493e+01,2.471010559646413185e+01
2.404831200837384131e+01,2.482847776115090710e+01,2.475218120495088669e+01,2.532565712762510657e+01,2.487925495627496275e+01,2.609764508417680418e+01,2.431208871905050728e+01,2.569218254082358044e+01,2.525896580274184089e+01,2.586657430134198421e+01,2.419282117255761477e+01,2.601488757287341969e+01,2.500039861107813977e+01,2.574121544780962267e+01,2.421463413964005440e+01,2.549762792853590554e+01,2.495451748417576709e+01,2.552565729580709331e+01,2.540416343171625613e+01,2.563611238475647269e+01,2.629849565317056204e+01,2.615658852737607276e+01,2.561549151293604609e+01,2.608442694030520670e+01
2.509427643721681989e+01,2.429931182325952932e+01,2.648360273032778878e+01,2.394368353183017462e+01,2.533275555421090530e+01,2.566632866444450656e+01,2.643943532008347574e+01,2.532016633252737847e+01,2.509968440299053327e+01,2.525980617367241621e+01,2.607813742925327460e+01,2.513195609253455132e+01,2.589980023794390718e+01,2.445819810140403661e+01,2.655246559645809157e+01,2.392383301127563300e+01,2.514947634668072851e+01,2.458788408913989088e+01,2.642670730431586890e+01,2.599767254112413184e+01,2.556297011431610144e+01,2.546835049700547415e+01,2.530332736132567106e+01,2.486215191134613178e+01
2.321880343531404378e+01,2.497200615308440774e+01,2.384969328124276444e+01,2.515350349373227345e+01,2.362906791874672763e+01,2.554688514628725216e+01,2.432136136648381353e+01,2.598381281502588536e+01,2.488235864294045996e+01,2.562337275272568604e+01,2.483555155322039809e+01,2.606098960712654389e+01,2.557872610983702089e+01,2.644308791662933800e+01,2.562744854966069852e+01,2.632106135213427933e+01,2.447911521470371099e+01,2.499088384593000001e+01,2.444357352080203327e+01,2.566284877228127925e+01,2.545802426080410896e+01,2.672147474138978396e+01,2.543840814927773408e+01,2.624967931711142910e+01
2.530994759329507815e+01,2.495782316336789108e+01,2.580466403496160410e+01,2.491941001898339891e+01,2.572183340497934978e+01,2.424305335211454349e+01,2.537090690588780717e+01,2.464119618715005799e+01,2.591975887033407844e+01,2.486307609863200696e+01,2.637737048360691006e+01,2.499281962807117452e+01,2.527335553640585886e+01,2.542095380928429904e+01,2.575859487992215691e+01,2.485137077476048262e+01,2.558390485477906395e+01,2.550470947941147415e+01,2.698641756971301220e+01,2.571252781150536748e+01,2.679929918308175729e+01,2.517074987971813016e+01,2.656342352574495180e+01,2.492528474888507617e+01
2.385831208915857360e+01,2.536420669861649912e+01,2.438526627284943515e+01,2.542274671480498682e+01,2.517372654852744063e+01,2.548100811207081051e+01,2.547380829289943449e+01,2.574748741983756872e+01,2.520955903593534231e+01,2.511217667897648198e+01,2.407213197853457132e+01,2.585365691386954268e+01,2.385673346545348750e+01,2.505983077534773429e+01,2.529235373251424335e+01,2.517293871481524548e+01,2.505949057888875586e+01,2.611028274007730943e+01,2.509251181393858587e+01,2.531443158604287191e+01,2.490196915506459163e+01,2.545065639062192986e+01,2.475790703449609964e+01,2.539912731196005780e+01
2.433753992439187641e+01,2.395188239986572398e+01,2.519728179746141450e+01,2.534120939614808776e+01,2.538654034502496870e+01,2.461113535074349556e+01,2.500951330093562319e+01,2.553368450562584258e+01,2.508450641871723974e+01,2.435951547577229803e+01,2.490953031460361444e+01,2.503237608735088315e+01,2.531074361343246437e+01,2.445690649633780822e+01,2.506850103235160532e+01,2.520954344147679649e+01,2.601159980563232921e+01,2.524707166655531410e+01,2.498029342613182280e+01,2.490129058660380679e+01,2.544478553447260083e+01,2.570520916548571222e+01,2.490957332286234305e+01,2.467519598798196512e+01
2.353678543772798548e+01,2.502399252891109427e+01,2.416618750816547845e+01,2.518854858940915165e+01,2.470553354482342456e+01,2.548344976180646881e+01,2.487473815770817964e+01,2.650617711434858847e+01,2.542601569489102076e+01,2.513929210764445088e+01,2.471214364722027312e+01,2.572690925457737876e+01,2.488091353768760428e+01,2.557574392835516619e+01,2.473406665455758002e+01,2.574228728581431369e+01,2.463219031098321921e+01,2.569832290118773699e+01,2.504846618232494393e+01,2.539098786653454454e+01,2.454451120929343233e+01,2.562887696424957085e+01,2.432396770362021243e+01,2.548943970622002553e+01
2.469670533468791973e+01,2.392995326015415003e+01,2.624298450109773739e+01,2.453781051283186798e+01,2.541872561874680514e+01,2.679616115545485400e+01,2.543763696799737772e+01,2.543531824377816974e+01,2.562024561820851432e+01,2.438940793042684163e+01,2.519817317980692906e+01,2.518140126611115193e+01,2.528525737861190237e+01,2.454591562175539821e+01,2.547947866131835326e+01,2.478697666848864856e+01,2.449409609461525861e+01,2.464097959105561131e+01,2.665320676812052625e+01,2.504141161357699730e+01,2.457229146259851404e+01,2.506971282347188890e+01,2.627699299793613363e+01,2.520035823545026687e+01
2.335177369078814991e+01,2.447825565628954791e+01,2.480970042227659178e+01,2.416070961675956141e+01,2.417310668268572726e+01,2.457676234664177173e+01,2.470487194428034172e+01,2.542737257594166067e+01,2.429920322499248186e+01,2.538754538954430018e+01,2.502873961765317290e+01,2.527040510323621447e+01,2.482873002037945298e+01,2.574417956324759871e+01,2.436650544667139684e+01,2.573066841309673691e+01,2.415240403248606071e+01,2.505242457901834996e+01,2.516215891023699669e+01,2.469957390563223498e+01,2.486008483087175591e+01,2.556882354188513773e+01,2.556094183322670688e+01,2.530556764484310861e+01
2.530333829229493858e+01,2.414996091592752236e+01,2.547447283820156372e+01,2.466773761949809796e+01,2.457881843394653743e+01,2.470587658869715142e+01,2.539426737892483743e+01,2.438300272339574803e+01,2.571755157693075944e+01,2.550141264726795498e+01,2.572304556731455705e+01,2.500206462738361779e+01,2.499765488110847400e+01,2.429163934856626383e+01,2.485391564707907719e+01,2.460268745619072206e+01,2.591001631004075989e+01,2.445799501218999694e+01,2.478602470864825591e+01,2.421678569544963011e+01,2.568007856421343149e+01,2.557490424530334394e+01,2.457349760747234768e+01,2.527606379458501351e+01
2.396439923659215765e+01,2.385619714343488340e+01,2.412847753743585599e+01,2.493924575217550910e+01,2.432878422567654297e+01,2.566173355911377030e+01,2.421251445044345019e+01,2.549177015541982882e+01,2.433316490711763436e+01,2.592432440876791588e+01,2.453605929471365243e+01,2.509975078589064879e+01,2.462064127720822171e+01,2.512948423782847840e+01,2.458350580114159811e+01,2.528197763950555554e+01,2.493438531063912933e+01,2.491936019489804721e+01,2.495087354719589712e+01,2.577312186598339849e+01,2.362814126044980867e+01,2.633324867206016506e+01,2.508304869163106332e+01,2.514504247952442029e+01
2.544422050823243353e+01,2.410614179122563883e+01,2.475336001676981823e+01,2.437493769109045161e+01,2.510321606916511428e+01,2.601125389010587696e+01,2.506892525876173750e+01,2.488498907238994207e+01,2.540835532789100171e+01,2.415297308892576211e+01,2.546326151052119258e+01,2.456928564103839108e+01,2.596763715566379460e+01,2.470385570857933999e+01,2.537282342129066137e+01,2.499383640190552569e+01,2.490535835730048575e+01,2.450640829134198384e+01,2.464129731312260674e+01,2.529684848508293271e+01,2.508331712779704503e+01,2.467845861889668413e+01,2.603853658430716678e+01,2.513969419413166406e+01
2.373313957972129629e+01,2.487611647302924212e+01,2.403349452749989723e+01,2.431517978357521770e+01,2.393338525159640540e+01,2.475671509441997387e+01,2.411061264049010333e+01,2.559674704746726093e+01,2.371903497494150770e+01,2.551622867053782784e+01,2.442792270938178945e+01,2.533447627935606761e+01,2.437797410112301577e+01,2.377294542302627178e+01,2.523851083563170050e+01,2.561349321620696173e+01,2.463309268908454897e+01,2.554769367365531707e+01,2.375311985298145601e+01,2.636854710144831415e+01,2.630632150306257699e+01,2.563095351216759354e+01,2.467507658434152518e+01,2.582874020504232249e+01
2.404768061548026026e+01,2.306982374859728679e+01,2.433703399357182207e+01,2.470980971173321450e+01,2.518172145514733984e+01,2.278937636238731557e+01,2.417067741453018925e+01,2.375938125465364692e+01,2.495221938550099594e+01,2.453026931778356357e+01,2.458817223077903691e+01,2.334724709279271337e+01,2.526462590821927279e+01,2.519687025511416323e+01,2.564793381079471146e+01,2.384844087563266157e+01,2.449148676733972252e+01,2.372399952756740049e+01,2.588504757320652061e+01,2.561181895929922803e+01,2.593107945253541402e+01,2.549108008552053661e+01,2.586484156496953801e+01,2.512137825411599579e+01
2.422525587481948151e+01,2.581572433638393704e+01,2.329654618237771047e+01,2.495959213218276318e+01,2.388198512265739737e+01,2.468077425907478073e+01,2.423070080766643741e+01,2.482067128820807511e+01,2.404459536607174641e+01,2.568263451890760507e+01,2.399215458850744653e+01,2.526435257828001113e+01,2.412596074610894448e+01,2.502158620787889731e+01,2.341299846189951950e+01,2.451771169197343170e+01,2.398232971805617808e+01,2.455509819778831115e+01,2.478927412173618450e+01,2.607464160055542379e+01,2.758861430640195067e+01,2.958862712484756230e+01,2.895194772757349710e+01,2.994006469981576402e+01
2.576525615929642754e+01,2.328024387823654706e+01,2.474678770849402554e+01,2.498511598113179843e+01,2.487898087184908036e+01,2.469785954575604592e+01,2.495372297222513680e+01,2.435975265083902741e+01,2.448433319013054188e+01,2.460895095392368148e+01,2.539750980084085086e+01,2.481834191108214327e+01,2.568798965425867209e+01,2.428501110937270369e+01,2.618368857699141472e+01,2.507854680968142702e+01,2.500065569490118378e+01,2.510139929744360643e+01,2.602224189203053584e+01,2.510224543396856234e+01,2.967318686581972997e+01,3.070074381029161259e+01,3.089831737341336293e+01,3.127121794555290535e+01
2.345761666993507788e+01,2.487540798498662298e+01,2.412921684928210198e+01,2.521373927657577951e+01,2.403349452749989723e+01,2.392745541046457447e+01,2.340230888140820298e+01,2.512111040615468482e+01,2.451072967294294358e+01,2.507998432655165288e+01,2.424903950505364492e+01,2.517380351930574989e+01,2.492809604931443346e+01,2.409988033297014454e+01,2.422846361709355278e+01,2.389928919775240956e+01,2.546863561090680150e+01,2.553115499723190851e+01,2.439347570739550974e+01,2.637848998606068562e+01,3.078502460983702349e+01,3.101041142704559661e+01,3.182780190151873967e+01,3.116496228304839633e+01
2.341278315825866230e+01,2.412780701905171554e+01,2.419384758652336131e+01,2.462589019709821514e+01,2.444459691621733555e+01,2.368042029867189058e+01,2.510322936673526328e+01,2.409198920849922843e+01,2.512010420298395275e+01,2.398838519223653520e+01,2.459079197693699825e+01,2.414645553730252914e+01,2.525032802363824658e+01,2.500589493176079259e+01,2.573177602483406190e+01,2.456514805430697379e+01,2.392895813288021145e+01,2.526990089638587733e+01,2.593999002144562382e+01,2.854373299521222407e+01,3.109526287759354091e+01,3.046788411438154753e+01,3.086229330507512714e+01,3.233323833100951106e+01
2.353149985710388137e+01,2.590248190780408777e+01,2.342693734171439246e+01,2.457797041133574112e+01,2.389642147537034589e+01,2.536185996325389169e+01,2.473287978318393243e+01,2.516242287173935210e+01,2.485720024344692547e+01,2.563624568371295709e+01,2.432839011927222828e+01,2.414089150346472934e+01,2.494950000939076062e+01,2.512654392663557701e+01,2.387283918239666036e+01,2.536568243957134428e+01,2.414673849660073301e+01,2.654187025009696299e+01,2.541656933561813503e+01,3.036564222750831732e+01,3.055133466275793808e+01,3.130438884598248706e+01,3.244453700244713445e+01,3.238691253432187978e+01
2.532412948304062184e+01,2.403195451666437066e+01,2.562840077546843531e+01,2.479648939921287365e+01,2.542432293940476029e+01,2.502276822871482409e+01,2.565219341533446595e+01,2.503851285852255160e+01,2.544652706088328387e+01,2.462751645827302127e+01,2.534570744790710251e+01,2.535347342721416908e+01,2.482264997995258682e+01,2.499303500279222590e+01,2.614123754272264932e+01,2.497404217710948160e+01,2.517031324943343407e+01,2.474519650775988566e+01,2.860471954646237691e+01,2.932640010743983794e+01,3.142533295389620207e+01,3.158764551955744082e+01,3.380304023752665898e+01,3.205567250280097369e+01
2.349617906188143479e+01,2.414369516962392481e+01,2.320758046034950439e+01,2.423093969217313770e+01,2.506077391398872578e+01,2.429257490899294680e+01,2.438660800426998776e+01,2.485862259657773166e+01,2.449605750166938378e+01,2.610052019898773779e+01,2.501969217145699531e+01,2.603414709883003297e+01,2.551341121389566524e+01,2.609026824221342622e+01,2.432454492153289038e+01,2.592268786280504855e+01,2.586959808685753615e+01,2.700757384953266182e+01,2.824630935165629353e+01,2.782973856662891876e+01,2.812185071135786529e+01,2.970990642466853160e+01,2.774018371370908653e+01,2.782022146502191617e+01
2.492458987275597337e+01,2.348823522386703644e+01,2.439877564873359006e+01,2.422930046032797691e+01,2.540421865684027125e+01,2.391473846128809555e+01,2.537884762578727305e+01,2.415710936045491053e+01,2.581193809146623153e+01,2.481490082335113811e+01,2.668535912211353889e+01,2.600779230494356398e+01,2.617786545152705457e+01,2.552993822551735548e+01,2.652027062026905924e+01,2.584021792586781885e+01,2.528486329082363682e+01,2.557240518741053847e+01,2.674803157366244477e+01,2.663848154488368891e+01,2.781513014237413017e+01,2.686303425940081979e+01,2.765973296795453962e+01,2.782046262239691714e+01
2.452282829337968906e+01,2.513011137957266783e+01,2.409617876544604087e+01,2.659814325949474778e+01,2.500264871123323474e+01,2.533404585345408577e+01,2.445492933170447714e+01,2.519654821159014091e+01,2.532439855592531330e+01,2.620411688422746010e+01,2.467787009037095913e+01,2.615539270210393852e+01,2.518045492843799593e+01,2.560263476472289312e+01,2.529201578249723070e+01,2.589865936880829622e+01,2.585063386941129693e+01,2.585166528236049999e+01,2.685326949369846261e+01,2.660588821254009417e+01,2.711844997054089390e+01,2.705597460094503504e+01,2.544484128910670506e+01,2.711994721829057653e+01
2.549212238753915472e+01,2.391986044714172976e+01,2.470384636417549018e+01,2.581650808114102347e+01,2.611322617113273736e+01,2.518863289281478046e+01,2.525300855569463465e+01,2.657657561719264550e+01,2.635287258358567897e+01,2.591581310270868244e+01,2.728150915213399230e+01,2.657535322961211932e+01,2.656754312440028798e+01,2.632080483661468406e+01,2.731374231459665225e+01,2.603709108034314568e+01,2.624453310054809663e+01,2.623047002704942088e+01,2.607690221969528466e+01,2.643511583792150077e+01,2.651535558181802799e+01,2.671026682749248948e+01,2.726302323907418668e+01,2.701799986275210586e+01
