2.761987541987798522e+01,2.851513577844031033e+01,2.716657735477218694e+01,2.848404674364883249e+01,2.824447099432882169e+01,2.897715295459960316e+01,2.924489952855498132e+01,2.847381929727799843e+01,2.810002682018779296e+01,2.895864334090612147e+01,2.750966681520031898e+01,2.856871274955597073e+01,2.776190427437973085e+01,2.885475728156484365e+01,2.672659241222982018e+01,2.841496808904457794e+01,2.771630889571724765e+01,2.766973416376691830e+01,2.907097406891097080e+01,2.897796099167442208e+01,2.838428940431469982e+01,2.952250089843653313e+01,2.986478940226066925e+01,2.761891644548376235e+01
2.758090509083734787e+01,2.721898444493785973e+01,2.684902778799926182e+01,2.869211832214926972e+01,2.861495384490746119e+01,2.891687698313035071e+01,2.801960973565616086e+01,2.854921579479645288e+01,2.792514767027722655e+01,2.847286916012853908e+01,2.817010903377968134e+01,2.828429999634721526e+01,2.835150928882927701e+01,2.791295281440892495e+01,2.762659224526419166e+01,2.749797089169692299e+01,2.902892553388755914e+01,2.777883667055317574e+01,2.811908948583857182e+01,2.749996255185948257e+01,2.989273431295123373e+01,2.796030952640518308e+01,2.949494123414865498e+01,2.779820903384324993e+01
2.891656267925191059e+01,2.858662843445296176e+01,2.777056254836719518e+01,2.794479201197901830e+01,2.865916329579664534e+01,2.814253027896074855e+01,2.784418419585449556e+01,2.676484438636526875e+01,2.780264702293186474e+01,2.774999735609986828e+01,2.763742109131362668e+01,2.856982341862578778e+01,2.770872672570550321e+01,2.720803775946296810e+01,2.858061939209551383e+01,2.847424021187941889e+01,2.758218919712459183e+01,2.828898886767160548e+01,2.776406103400108805e+01,2.928924567285241665e+01,2.964924569984776781e+01,2.890983421027618760e+01,3.032837742864762731e+01,2.965137950640871622e+01
2.833790862539342470e+01,2.971823529471828351e+01,2.872215716415905717e+01,2.867405224481115056e+01,2.807871606687911026e+01,2.797661618634350589e+01,2.856829697903106080e+01,2.872471052638121591e+01,2.757432681228766569e+01,2.913871704272753504e+01,2.777932521179394598e+01,2.744946618431231400e+01,2.851768323076476008e+01,2.880669669413907741e+01,2.843893071603105227e+01,2.750922667333679783e+01,2.819999629011294928e+01,2.832985107518760515e+01,2.866311455829321631e+01,2.878114217139511766e+01,2.871263085247392155e+01,2.945932983729977650e+01,2.911125517209416103e+01,2.954009160348277874e+01
2.869012043549093960e+01,2.825704476624451900e+01,2.821384727242678991e+01,2.738761946249269386e+01,2.827258888039085605e+01,2.786382599870603372e+01,2.774174390251619116e+01,2.887538055719812746e+01,2.751641776081777380e+01,2.808333396913093338e+01,2.734355582053683520e+01,2.903059390887688096e+01,2.895544962396945721e+01,2.893560707084617434e+01,2.918115302914299036e+01,2.900846628444594444e+01,2.834909228610189302e+01,2.755752089525162773e+01,2.900984613545404045e+01,2.857238459051501422e+01,2.822230671230545340e+01,2.838150233994497285e+01,2.840576131430674423e+01,2.886175961284834557e+01
2.884354123617589494e+01,2.914777864584357303e+01,2.833830097951516791e+01,2.801750991715937289e+01,2.707144590276703866e+01,2.756412698140331941e+01,2.881579698451662352e+01,2.777768314606453259e+01,2.769660313963430553e+01,2.761680984705935771e+01,2.832271725857492584e+01,2.872826441729654334e+01,2.849398828746581103e+01,2.876584639193112025e+01,2.926766549737976675e+01,2.801182550142686978e+01,2.715349386411384103e+01,2.779786722912882624e+01,2.797861083876159682e+01,2.864394397754432475e+01,2.825334152941968568e+01,2.883996855165503348e+01,2.844254851073196733e+01,2.881367742041612701e+01
2.980219302462518272e+01,2.795703912124935187e+01,2.863718508971862775e+01,2.838522171943799322e+01,2.910766719852881579e+01,2.746704183475225136e+01,2.862928000640141590e+01,2.766782777731185661e+01,2.789983329426490855e+01,2.745498627973046268e+01,2.948856605494358973e+01,2.721494211130902841e+01,2.843549191963012390e+01,2.889698242043795062e+01,2.904865801434533523e+01,2.784605835243354477e+01,2.819919864703587109e+01,2.808879444881392828e+01,2.833121738749116503e+01,2.966584220890575807e+01,2.913494277640040764e+01,2.925949954106187079e+01,2.983430596251099587e+01,2.922250663321631237e+01
2.779811053938868781e+01,2.796395903602586941e+01,2.850954405439165384e+01,2.802171623791087995e+01,2.885647808530507064e+01,2.868219163331150412e+01,2.889112541153326674e+01,2.827527280646228292e+01,2.888870171398326647e+01,2.772431194241306684e+01,2.833662271056641657e+01,2.839762225352109226e+01,2.865294790899378086e+01,2.980856660298212546e+01,2.906166170833535034e+01,2.930808753122397547e+01,2.757757814821701459e+01,2.762923210901232096e+01,2.783271900564619727e+01,2.865096193082212039e+01,2.918030961782886834e+01,2.967121212381215400e+01,2.891275045238188568e+01,2.987540034179636450e+01
2.887494700441141049e+01,2.929800372612407955e+01,2.826210069293802007e+01,2.892567378506345221e+01,2.893178880513710283e+01,2.761787855835120808e+01,2.853306360126634900e+01,2.815479866770266426e+01,2.746612124330607685e+01,2.727559094034836562e+01,2.834618579955338191e+01,2.814824173800030849e+01,2.894953091737414752e+01,2.890813277537762360e+01,2.888700040872629415e+01,2.832990798936288002e+01,2.788211356803276431e+01,2.714809338754474766e+01,2.780190846992638853e+01,2.847500670808403811e+01,2.885075824723941196e+01,2.899328813740009991e+01,2.873104632440140449e+01,2.855124746038984540e+01
2.812184147611463914e+01,2.845974809766414637e+01,2.789674944980237115e+01,2.861731657546829410e+01,2.851205539573874148e+01,2.838973134057675907e+01,2.816421845637671595e+01,2.805389450146861918e+01,2.861508508625189506e+01,2.766171547835369893e+01,2.870335408517081532e+01,2.839010400730995798e+01,2.869987192958774358e+01,2.889529595416104257e+01,2.883879289815263292e+01,2.823651836631097467e+01,2.693117816797109754e+01,2.649650362534856640e+01,2.836395567041267896e+01,2.839554657816154304e+01,2.910337972925111671e+01,2.822068568028294067e+01,2.925782476282074640e+01,2.856793191125893827e+01
2.923779372731803505e+01,2.797095494011324490e+01,2.949823811668937878e+01,2.853519812444699255e+01,2.918647949740176273e+01,2.833570082997152895e+01,2.794424778208474436e+01,2.809412497298251310e+01,2.848986272026445477e+01,2.859759587788096269e+01,2.844633753188924175e+01,2.783870073406217216e+01,2.916750064120145680e+01,2.822534253994575693e+01,2.854359840263612114e+01,2.878159589079342595e+01,2.793159914386882292e+01,2.728774180127300042e+01,2.824617396442687323e+01,2.881505016003603714e+01,2.891653963839428343e+01,2.844756881909586355e+01,2.892089775240259542e+01,2.926522068659613751e+01
2.851555323439492895e+01,2.866471789268808834e+01,2.858222627708283881e+01,2.860492573535958627e+01,2.906338370982206243e+01,2.900254122243234178e+01,2.834640197290252672e+01,2.863500382122310839e+01,2.819192896072740950e+01,2.847912930436984880e+01,2.763860213993052639e+01,2.758573082420997480e+01,2.756901368558510512e+01,2.834522754806982903e+01,2.772018428299531934e+01,2.761723509743342220e+01,2.771586686802356780e+01,2.741490581222518585e+01,2.804932941323227169e+01,2.917350547551870932e+01,2.907442721421932674e+01,2.969259011979096385e+01,2.881768677674034507e+01,2.954060812278214598e+01
2.854509641658756891e+01,2.894049412580272929e+01,2.823979877492075730e+01,2.932901046758297525e+01,2.879899151337997409e+01,2.936060311164811765e+01,2.872075434443456743e+01,2.806132120875275859e+01,2.846853132823736132e+01,2.895115574661269875e+01,2.869497246439004812e+01,2.834111878439756538e+01,2.939731997817204956e+01,2.723215605908757198e+01,2.788518752405587975e+01,2.735026897870716311e+01,2.799587314588956133e+01,2.744414476581340523e+01,2.801935719200309904e+01,2.798429894683158636e+01,2.939839006856976766e+01,2.811768634738371020e+01,2.894275605351526792e+01,2.861125296069315027e+01
2.854285274223639135e+01,2.862581506787086028e+01,2.856050924484446796e+01,2.807055974451293423e+01,2.925932911826015470e+01,2.894211754845809992e+01,2.886442662917914959e+01,2.811185219504699262e+01,2.873382755038232972e+01,2.828441984329992920e+01,2.889601342391551952e+01,2.829580271257179902e+01,2.844360091435953564e+01,2.868871663089265667e+01,2.886411803488829264e+01,2.698955298081978071e+01,2.765733074837748973e+01,2.750791550878295766e+01,2.747272856137897179e+01,2.750267610055323075e+01,2.792227625060735363e+01,2.897776567687355964e+01,2.828212904912754766e+01,2.869983553467079673e+01
2.923534975104507794e+01,2.820767658621286955e+01,2.893852147953481335e+01,2.907793843749630014e+01,2.905826982143605619e+01,2.985821427515151072e+01,2.934144445053573236e+01,2.844156301885624316e+01,2.900080721717262122e+01,2.878174407049885986e+01,2.912651828985411839e+01,2.869181862138231054e+01,2.879814861196541642e+01,2.788417609026777200e+01,2.848951163666788489e+01,2.804910134769443175e+01,2.722703403978243841e+01,2.734171199868131907e+01,2.848637905237364976e+01,2.820096753605344020e+01,2.941889429762011332e+01,2.863197307032567096e+01,2.889426150693839190e+01,2.832828627435748103e+01
2.908157967426541290e+01,2.880035965048767821e+01,2.921305989251823121e+01,2.892244959782880187e+01,2.944801201699431203e+01,2.899116491700749521e+01,2.942902077532130534e+01,2.987139906468127037e+01,2.909412917941136811e+01,2.865874723545357483e+01,2.881984517184417882e+01,2.843521409717953929e+01,2.826056550534042344e+01,2.830001205558431820e+01,2.861370134468825199e+01,2.903298034971084007e+01,2.646628138783216855e+01,2.807711218415909116e+01,2.794289397433749400e+01,2.831240074607887891e+01,2.947175943505186524e+01,2.957426715243934723e+01,2.908098268830792676e+01,2.942365404390909589e+01
2.881744827194012259e+01,2.920368448821221818e+01,2.866050466054639401e+01,2.919042730991361623e+01,2.919150382754338580e+01,2.945799270859106400e+01,2.864912867973004040e+01,2.924326858136726059e+01,2.890125723035998817e+01,2.903622516521193120e+01,2.861097411628486498e+01,2.875188460249552236e+01,2.889103625124141672e+01,2.824493117574218104e+01,2.730094932237034300e+01,2.807030179544256043e+01,2.710165413163559833e+01,2.739815296216221441e+01,2.825387921451459761e+01,2.855138895581563929e+01,2.883410857436632568e+01,2.892080316301240828e+01,2.900801032342042163e+01,2.850914722334812268e+01
2.888259564466181928e+01,2.896271215170884261e+01,2.939527946311216056e+01,2.906152678862673611e+01,2.950692136303501911e+01,2.919000892954107940e+01,2.869311993201790756e+01,2.832437991548414402e+01,2.869771883404206392e+01,2.874984450066750696e+01,2.934259084817483654e+01,2.842351234897216727e+01,2.748579920900476736e+01,2.772115808062022779e+01,2.849473775473057913e+01,2.770390312013682887e+01,2.756844011114617388e+01,2.622841298633494489e+01,2.844341980930755653e+01,2.817396864723320959e+01,2.918641689241962922e+01,2.867677242302141849e+01,2.846448055850339642e+01,2.803970396346250027e+01
2.944588671087643661e+01,2.994155849036116024e+01,2.911631651857607039e+01,2.957612365244375496e+01,2.955877102381538180e+01,2.951104478964003874e+01,2.956377123074730662e+01,2.829514466578973497e+01,2.947361631782302993e+01,2.905656396125931451e+01,2.915828263351426131e+01,2.891514046785630399e+01,2.820862542518398186e+01,2.777518754238894871e+01,2.817672540111061608e+01,2.874564517468240865e+01,2.870449472759281662e+01,2.739441538223888983e+01,2.840138378875440139e+01,2.925150233092983854e+01,2.903683036301083575e+01,2.967126493075863891e+01,2.946556906671946763e+01,2.924625254937654972e+01
2.942989456208402999e+01,2.958401349183321827e+01,2.925097224303061694e+01,2.950922848290036882e+01,2.916719043314793680e+01,2.980892365553933132e+01,2.873243798993451037e+01,2.968470657695507953e+01,2.922832718737026880e+01,2.927619527644662867e+01,2.894076795185117135e+01,2.937230992444216326e+01,2.877010330881802247e+01,2.780755119658044805e+01,2.901010526020604630e+01,2.860367868269145220e+01,2.704412273829802871e+01,2.797414017217005267e+01,2.729367974142365938e+01,2.875867278677230843e+01,2.911671082558774515e+01,2.972162732741355740e+01,2.848298596263782656e+01,3.009417327993634217e+01
2.944939515219959958e+01,2.983236720659203911e+01,2.920295380861153944e+01,2.989843657176066927e+01,2.938024338598762597e+01,2.987794563933698555e+01,2.932146835565629317e+01,2.911008972564377473e+01,2.936079031638979586e+01,2.867353399395909719e+01,2.871950405793359096e+01,2.982015369970639540e+01,2.814299256772352464e+01,2.662656940208518108e+01,2.815986908346718565e+01,2.744939910867162780e+01,2.740711973278206415e+01,2.738284957264932018e+01,2.805775288942459156e+01,2.935778947111504067e+01,2.957654631846179427e+01,2.951291465964959571e+01,2.889443590906279269e+01,2.867431689988342214e+01
2.768479412133768847e+01,2.876583326628713166e+01,2.995694115286437409e+01,2.818326753021796094e+01,2.942334932282363980e+01,2.950159694680667144e+01,2.944436697295429894e+01,2.930050816609605135e+01,2.864135858208999252e+01,2.866752294676768997e+01,2.908508806302268113e+01,2.881927556627147169e+01,2.859411451580723451e+01,2.829357512605935199e+01,2.863397961109234302e+01,2.814741990803781846e+01,2.716040738978290392e+01,2.768874414130192463e+01,2.698765137594881480e+01,2.922023961503964529e+01,2.909987026523737086e+01,2.859795581784294427e+01,2.814138518736950800e+01,2.972622900139913327e+01
3.002109632332695810e+01,2.941538622405960268e+01,2.952936318650409930e+01,2.853519812444699255e+01,2.941356140309261491e+01,2.986228040167100062e+01,3.075813009621469973e+01,2.853235058795058876e+01,2.928287997688318001e+01,2.883386499257045443e+01,2.885004721452679632e+01,2.858996116706225621e+01,2.809728133016562879e+01,2.714813592219974225e+01,2.877748386957938465e+01,2.787018921086911405e+01,2.780546598793472413e+01,2.615568491431133680e+01,2.878372894274474447e+01,2.800811404860479570e+01,2.923852955623732441e+01,2.936723173610573667e+01,2.873144876760267152e+01,2.853269072473068491e+01
2.941629488226010380e+01,3.014114232906143798e+01,2.931838702191589618e+01,2.945352763849484745e+01,2.899419225079282114e+01,2.965857475472137139e+01,2.921988517133280538e+01,2.944978581463340106e+01,2.853854769287772797e+01,2.893432366476565676e+01,2.890473816562604270e+01,2.947445013413562265e+01,2.779277943625203307e+01,2.898543313276041999e+01,2.812859228774584608e+01,2.818278251723722860e+01,2.711405980645537284e+01,2.626750093690628773e+01,2.829886083688279541e+01,2.841031734550631427e+01,2.868981902045038623e+01,2.986522318609524973e+01,2.944677765475938713e+01,2.996233494048726698e+01
2.935555404065576113e+01,2.955599074865619968e+01,2.867564835049120120e+01,2.882381591200282855e+01,2.828032606183461439e+01,2.862258607913406649e+01,2.857719152505075044e+01,2.957897488812318443e+01,2.888553346133977584e+01,2.773355914577166459e+01,2.826231848521871370e+01,2.957713554255656163e+01,2.716899327555927357e+01,2.783385202563084704e+01,2.787791014523872946e+01,2.762590204913067282e+01,2.665434872068829009e+01,2.785979251383787414e+01,2.788488731473069038e+01,2.795480130933520968e+01,2.904555909232550448e+01,2.881622859103180190e+01,2.905730033214240393e+01,2.865814136963729197e+01
2.886283891546702307e+01,2.832876154364890908e+01,2.785689041300366853e+01,2.875421297823481837e+01,2.935239975462332040e+01,2.832845903788506803e+01,2.830107025434404022e+01,2.813639085165351617e+01,2.902069395560317844e+01,2.802366450799388531e+01,2.937304214518297840e+01,2.868605570977712205e+01,2.770806461365464202e+01,2.776311752785289855e+01,2.872899172746377872e+01,2.733203279319906187e+01,2.731266909707568402e+01,2.696573929910539391e+01,2.822211762063921014e+01,2.786807257831577544e+01,2.844006201824595337e+01,2.898381087882825113e+01,2.838051299240805747e+01,2.868606801363034720e+01
3.009721359795310036e+01,2.958110711739868748e+01,2.975791813773952299e+01,2.843824934388470638e+01,2.883916396164011076e+01,2.817089271489504654e+01,2.958369898611556437e+01,2.778261354571310449e+01,2.910841764875021909e+01,2.881493535875131329e+01,2.964709853283289931e+01,2.843580417548747619e+01,2.878704198653645108e+01,2.665754040627643917e+01,2.829814895352063786e+01,2.764676024414660560e+01,2.820065782627347062e+01,2.731115221862535236e+01,2.910220099123557702e+01,2.845478849547390610e+01,2.943539636327375320e+01,2.890411812408797232e+01,2.925994466557381202e+01,2.929582424974347532e+01
2.952073985747699680e+01,2.926105065878425648e+01,2.756905480556918064e+01,2.752783591170071986e+01,2.824385154149780419e+01,2.815891882957095049e+01,2.885355045701163590e+01,2.931138145477189028e+01,2.807396017060096938e+01,2.962004864458299380e+01,2.816350584573882543e+01,2.940191989474340062e+01,2.764801663317007296e+01,2.776396167083345290e+01,2.820972446837538428e+01,2.885300461144220208e+01,2.705490823817433466e+01,2.658165150002469090e+01,2.814256385693295215e+01,2.881999759865732358e+01,2.896538978028218025e+01,2.944436961615821247e+01,2.848607034140536598e+01,2.947010692001401821e+01
2.863371696069498284e+01,2.842111039127615868e+01,2.841143687333396883e+01,2.818673932841380747e+01,2.840576750703337439e+01,2.795134836679631007e+01,2.815742683759344800e+01,2.890392743475143789e+01,2.861853941332446993e+01,2.911799149142080978e+01,2.794918609581458213e+01,2.886162838431215505e+01,2.750580937591070096e+01,2.684845745395745098e+01,2.862346779659969798e+01,2.701135722533240369e+01,2.670584953669276729e+01,2.831948783999837360e+01,2.746576554214396992e+01,2.811230401161719783e+01,2.861970099025143099e+01,2.849261002971127255e+01,2.959361465677142178e+01,2.833888016375567531e+01
2.753750810338567589e+01,2.765471793507879283e+01,2.700858199189349307e+01,2.874026932704288129e+01,2.822434777252954063e+01,2.815260099449903919e+01,2.758792191576469577e+01,2.791530635542414984e+01,2.784219647590322211e+01,2.872200097694997112e+01,2.853947823412062235e+01,2.816378389721677422e+01,2.747241398463256701e+01,2.808289719993393874e+01,2.799500693063720291e+01,2.664534659212773704e+01,2.694592437033560373e+01,2.713839521571162550e+01,2.817835643723162775e+01,2.796825302080907250e+01,2.899167177477045243e+01,2.792153048409477378e+01,2.769297950419058907e+01,2.838809327270979566e+01
2.959061128814585118e+01,2.898621325070843113e+01,2.778641538877081985e+01,2.748204792799617735e+01,2.839874517015095989e+01,2.794012214226086144e+01,2.936190112864244384e+01,2.759620943498822498e+01,2.826656435782422250e+01,2.839127518955780261e+01,2.844083500963392908e+01,2.835983070910350534e+01,2.771456673872501142e+01,2.761446292088697874e+01,2.823703333335254229e+01,2.726493472663241846e+01,2.794595618471299758e+01,2.805044747267101002e+01,2.935501670910423400e+01,2.771352808931584377e+01,2.938373865511067606e+01,2.718221104721942538e+01,3.024479661683892573e+01,2.735483736523229936e+01
2.886967611777919274e+01,2.742562337272636341e+01,2.702346862811191386e+01,2.875558546471506816e+01,2.893348054293176119e+01,2.836370718057139584e+01,2.919311292845770822e+01,2.906550079495133332e+01,2.831026058534189360e+01,2.780801578228215476e+01,2.840242881146025411e+01,2.928884126025030810e+01,2.689556303282586214e+01,2.906467467259909654e+01,2.717541905486689302e+01,2.878390758961018037e+01,2.672974655484165396e+01,2.834779834532412224e+01,2.826185565526435539e+01,2.939048689344292598e+01,2.933077473354893527e+01,2.898885345213972187e+01,2.962365397117650900e+01,2.974856644759864821e+01
