3.005325884716324936e+01,2.831835197838347540e+01,2.942667212804377641e+01,2.930142510320052907e+01,2.907231216221612158e+01,2.869770391073285509e+01,2.972456088942141150e+01,2.924308157265369346e+01,3.002630163023206933e+01,2.938376924785524125e+01,3.057415326385648768e+01,2.990259956179323808e+01,3.015253037516737322e+01,2.910833045144909192e+01,2.870510974935706372e+01,2.909978836313149486e+01,3.056031799518461867e+01,2.899530108503040537e+01,2.988314662864434013e+01,3.028229067174413558e+01,3.050144971572836994e+01,2.888232817266356278e+01,2.924852420467965430e+01,3.002235830802743521e+01
2.897845227595968254e+01,3.022398339081496488e+01,2.864151425244938309e+01,3.047409925624424432e+01,2.926078354507518497e+01,2.910107095589330584e+01,2.811141778173771399e+01,2.911707483810943131e+01,2.920481061661973854e+01,2.998229676674429811e+01,2.843936395002822337e+01,2.964703036430154270e+01,2.891114985737334564e+01,2.949545303581254529e+01,2.964738164217732219e+01,3.035945615141440612e+01,2.885881050619758525e+01,3.019866707243494375e+01,3.010834124568333436e+01,2.925790184216123180e+01,2.977915715865958646e+01,3.127627534381412033e+01,2.900921996213338616e+01,3.066540488808220744e+01
2.884154889255205489e+01,2.808675944634791222e+01,2.884876657427503233e+01,2.811594853502049318e+01,2.851131287393513958e+01,2.805900543999342744e+01,2.871709265325250726e+01,2.942108272951071513e+01,2.979247648765829126e+01,2.977930947958822117e+01,2.865177818011733279e+01,2.961777798703184317e+01,2.956032576172987092e+01,2.928877964004993828e+01,2.862593277097153077e+01,2.955369746433268574e+01,2.940820110885925942e+01,2.930114658079344281e+01,2.937363017242876140e+01,2.965449344841618995e+01,3.075193433049952318e+01,2.937753498641882288e+01,2.858140282627647366e+01,2.954657166491097087e+01
2.960905880974445381e+01,2.982351491049183778e+01,2.941225286583755860e+01,2.942622992755588029e+01,2.955361447421313414e+01,2.858650748529197472e+01,2.947388341689662639e+01,2.988588296227095498e+01,3.042691008021557764e+01,2.915308408615305780e+01,3.025478410959334497e+01,2.831932762492778011e+01,2.982646145338713950e+01,2.934781755511812662e+01,3.012079743532046905e+01,2.959598682884205800e+01,2.866032916129847763e+01,2.942179946533656221e+01,2.905504155959852142e+01,2.981155759521033133e+01,3.008766593177040249e+01,2.956407858624953633e+01,2.950618006604094035e+01,2.952129269789139698e+01
2.960193903583791553e+01,2.880408367180086771e+01,2.993894695494810776e+01,2.854300813168833884e+01,3.026957604966321469e+01,2.930455557454621385e+01,2.963947428277970175e+01,2.830241301400144494e+01,3.038820759773375357e+01,2.930390359845938519e+01,2.984936564857486019e+01,2.912305266032296913e+01,3.015326013540283157e+01,2.963025061897252499e+01,2.853343509746713380e+01,2.880147722734159288e+01,2.952999442194061430e+01,2.897946906919463572e+01,3.034280089087400256e+01,2.956120764410638913e+01,3.029153927451437767e+01,3.010114604453383436e+01,3.001444609901710692e+01,2.906991547615461968e+01
2.889442708687431605e+01,2.900823436279017642e+01,2.814899665797713624e+01,3.063338951321054537e+01,2.933869569450718018e+01,2.881274400355715670e+01,2.990036744999088114e+01,2.987422960638377845e+01,2.866932708402470098e+01,3.088264594131618423e+01,2.975001506391373596e+01,2.867937784891137198e+01,2.936268439395354335e+01,2.946234261703028778e+01,2.885166637014316393e+01,2.962272699661372144e+01,3.007427723970818079e+01,3.052947914252121109e+01,2.897826938472098846e+01,3.003188341232981884e+01,2.901572569352595110e+01,2.976805306014864527e+01,2.903184221340393378e+01,3.087845096328783256e+01
3.125234218731992542e+01,2.967463619372824724e+01,2.935937693709246332e+01,2.916789781677874771e+01,2.934645199235239943e+01,2.974193072126115567e+01,3.035194482232520841e+01,2.925139648319714070e+01,2.912052186340713433e+01,2.907631907522880965e+01,2.966835119209235927e+01,2.941036610522991168e+01,2.898275633415653374e+01,2.983831683043774774e+01,3.069959957695897401e+01,2.951202673725953218e+01,3.000024446500003705e+01,2.972365015621636530e+01,2.993428109916789026e+01,2.960568103109324056e+01,2.956054000793807290e+01,2.951907944119409422e+01,2.929879162144254678e+01,2.747262267291256421e+01
2.931557421803660191e+01,2.822166597577501079e+01,2.905255274953861999e+01,2.943210040227114632e+01,2.936737643883844839e+01,3.022370639915635593e+01,3.082205752881725402e+01,2.892529755461902141e+01,2.866428151882075781e+01,3.062580932412464563e+01,2.963810405690514926e+01,2.934812775783427696e+01,3.011836218162903833e+01,2.951500710897005320e+01,2.964965141965041084e+01,2.919666289330911013e+01,2.977362073630234818e+01,3.000234575983733976e+01,3.000988793993576564e+01,3.010008312106026551e+01,2.982343346057638200e+01,2.995578594331823297e+01,3.080606329022094769e+01,3.001647391516269181e+01
2.940061134901600326e+01,2.909844498346882347e+01,2.935324662803827778e+01,2.877001739791109003e+01,2.975376235314746509e+01,2.850027987564806153e+01,2.978174631647146953e+01,2.982130078933613504e+01,2.877288513761095601e+01,2.969583073461097911e+01,2.953048118672529654e+01,2.869028933776365875e+01,2.965097245354866118e+01,2.948275733654298847e+01,3.041963012604776395e+01,2.956228945922805451e+01,3.045437362207167098e+01,2.873549233023999250e+01,2.984665057300225044e+01,2.898966714241902309e+01,3.031269678466401274e+01,2.904820598136029730e+01,2.952389386334300525e+01,2.939951003430860510e+01
2.804087548593764723e+01,3.007942588878159995e+01,2.821055708568121645e+01,2.975435896196142949e+01,2.901656511609365907e+01,2.927338956504837597e+01,2.893218612781532784e+01,2.936391707287089048e+01,3.065008593320209229e+01,2.971105675199214602e+01,2.885308227791898616e+01,2.974725634947645858e+01,2.927428010470106301e+01,2.996744590028890798e+01,2.871796066207281228e+01,2.913910781539050276e+01,2.918902346436880180e+01,2.995438120904213974e+01,2.955386204444431542e+01,2.974769716941983688e+01,2.916292418139852316e+01,3.041652165348170911e+01,2.823675691929338427e+01,2.978843812758060494e+01
2.943561303480049673e+01,2.922883299426365511e+01,2.965622606304111741e+01,2.914551594531087630e+01,2.929494184328211759e+01,3.012355980875071282e+01,2.893386928115955925e+01,2.947553060247184931e+01,2.844676624597315140e+01,2.928619471787499151e+01,2.932025728861680136e+01,3.009232392262629219e+01,2.972549114019335548e+01,2.947341952165220391e+01,2.945261345271728715e+01,2.970951544148454104e+01,2.931394169484497070e+01,3.005600170670840043e+01,2.944644190561263031e+01,3.036826127356471261e+01,2.968760150018221111e+01,2.922838147529762409e+01,2.979087065032837245e+01,3.017144595140268848e+01
2.955520817285315616e+01,3.014229240764854012e+01,2.933360528412987378e+01,2.905017887547734290e+01,2.957193948188830745e+01,3.099404498770985583e+01,3.053500953965817644e+01,2.996383550544459240e+01,2.972613590549349283e+01,2.901074132735362809e+01,2.971572475103636179e+01,2.833040836609825419e+01,2.932896770084556692e+01,2.879125061401623498e+01,2.981787149147618265e+01,3.005041415908755198e+01,3.048485640799077601e+01,2.951010753175762602e+01,3.028562887789189517e+01,3.003572041198555098e+01,3.008879594264590196e+01,2.985206861193501027e+01,3.027222124306632622e+01,3.029783551871014424e+01
2.908411222275026375e+01,2.899804155991535026e+01,3.000595882440802598e+01,2.896253826814120202e+01,3.007655303206331610e+01,2.841606175404859869e+01,3.008527570925298278e+01,2.880993068497230070e+01,2.935426013090688002e+01,2.955538747159704371e+01,2.993956121022756633e+01,2.963503423480386800e+01,3.055240728636408676e+01,2.922924280449007028e+01,3.065149922240789238e+01,3.048631180623226555e+01,3.060263245677691657e+01,3.025200076827633211e+01,3.077199062237963290e+01,3.078093637977593744e+01,2.988444618249314999e+01,2.968211161162599865e+01,3.131308727613253495e+01,2.944639592896129443e+01
3.005711408767643888e+01,2.899279617340170034e+01,2.908477446859069460e+01,2.969405295277113055e+01,2.933223784746456886e+01,2.972915621850012258e+01,2.883483499479933698e+01,2.897542484605554591e+01,2.865043289626811429e+01,2.971037491862631441e+01,2.847593937181011370e+01,2.956045322832272859e+01,2.960628034281683085e+01,2.954053383848992098e+01,2.984010126284226772e+01,3.107172135797696910e+01,3.060756213302175865e+01,3.044633707901630260e+01,3.059260961449587057e+01,3.176259207363312953e+01,2.982966643730685519e+01,3.086308072047444284e+01,3.050689806500076884e+01,3.038026874311657366e+01
2.974102899488912044e+01,2.934354936697889116e+01,2.939661201876276664e+01,2.959237067566749602e+01,2.929652884794921874e+01,2.874240860184937674e+01,2.930778968062156764e+01,2.913808871108176390e+01,2.956534377270406821e+01,2.888105113921432121e+01,2.974605484139169675e+01,2.949019333801408038e+01,2.925000207614442616e+01,2.967559067932091921e+01,3.042856542658137187e+01,3.049521792835707856e+01,3.049171777639617176e+01,3.260965554730563554e+01,3.106171685481228906e+01,3.129813905728741474e+01,3.077780236775100775e+01,3.208739721181859750e+01,3.143533744373786476e+01,3.091946924198288116e+01
2.840760387961171318e+01,2.954834393151071481e+01,2.970109227585828648e+01,2.833607739305136874e+01,2.917745763771756629e+01,2.839505996577850055e+01,2.995002808008399597e+01,2.942034387811042961e+01,2.969162298002294165e+01,2.910446138149347917e+01,2.944703733210229757e+01,3.023062469703216948e+01,2.957562373600308092e+01,2.977771883257895524e+01,2.993667765720516627e+01,3.037420843359547007e+01,3.170899016567261697e+01,3.084767544841849940e+01,3.104651384829742256e+01,3.024325216129574301e+01,3.119309488168266853e+01,3.199057326464946982e+01,3.162998201752640171e+01,3.128689665944045828e+01
2.996992935480437836e+01,2.835640669744753950e+01,2.952282034118690035e+01,2.939454361969177398e+01,2.950836855132331493e+01,2.861882977412307127e+01,2.970925885997286287e+01,2.899797246446939880e+01,2.966250430335929877e+01,2.935357538484845463e+01,3.086876783429829629e+01,2.990957867600707232e+01,3.003922448993773742e+01,2.960778962440195983e+01,3.007857048622548746e+01,2.991256483208735517e+01,3.004513781283333174e+01,2.938050694096216375e+01,3.001273195196557708e+01,2.968520619091100343e+01,3.090945431221257422e+01,3.000135986244049491e+01,3.034476237816403454e+01,3.025525341408717850e+01
2.851958861752308394e+01,2.921461204842199777e+01,2.951236266346131742e+01,2.900161252494820019e+01,2.909482363326679888e+01,2.931341366624036482e+01,2.892879956270832054e+01,2.909772121215405605e+01,2.900744785379828272e+01,2.939972287824264185e+01,2.883711001114966166e+01,3.021624348138647065e+01,2.930289081927344341e+01,3.018356240824664383e+01,2.983508647612779896e+01,3.048635766712141049e+01,2.920886062880560985e+01,3.001464364921361039e+01,2.887478882797512370e+01,3.060929542113154866e+01,2.939082805818952693e+01,3.005875068748321155e+01,2.926998651400793960e+01,3.079196354414199277e+01
2.956867367205109076e+01,2.897626260053425540e+01,2.975201606985274339e+01,2.933291657976803890e+01,2.908383615168798997e+01,2.909608630820258668e+01,2.972505541952273234e+01,2.985650068312776284e+01,2.917257732387469105e+01,2.946506492389335108e+01,2.920665115206031714e+01,2.950236162032359744e+01,2.950595486503522125e+01,3.071619985851003776e+01,3.382521375096428073e+01,3.342904201530694763e+01,3.276530419414689277e+01,3.016699810915389435e+01,2.965235969098500846e+01,2.965495279109893545e+01,2.951370865264703980e+01,2.947858790040510257e+01,3.005776573220373393e+01,2.968840718158367054e+01
2.972298028012954774e+01,2.916706969445704090e+01,2.881312727884551350e+01,2.894245364513807317e+01,2.990461656700335880e+01,2.880513609367721983e+01,2.992777782697123712e+01,2.903864191646761128e+01,2.997596470715029682e+01,2.835425546468559332e+01,2.981077812864754151e+01,2.958925411836622743e+01,3.003651213548153009e+01,3.286344402944314425e+01,3.449674293531035119e+01,3.458693348204002405e+01,3.346912740241191386e+01,3.091981941948796475e+01,3.057562510796503830e+01,3.017099770263700975e+01,3.014633449739352500e+01,2.990015284542687368e+01,3.121281620857712369e+01,3.086680803980766541e+01
2.916907487687802814e+01,2.908186793271215720e+01,3.042820653559226685e+01,2.917983375381356836e+01,3.049732177422140467e+01,2.894266662300213966e+01,2.961568710617035549e+01,2.945853593544228488e+01,3.043675537153364985e+01,2.879970056867875883e+01,2.980453298046370492e+01,2.978590857022271621e+01,3.024514720001576507e+01,3.252406166916841812e+01,3.460386921550406214e+01,3.395417966345036120e+01,3.363067901135855209e+01,3.102894162540934531e+01,3.031257903745932936e+01,2.846175959896191898e+01,3.040950873506307062e+01,3.038165863957209467e+01,2.946948171537343342e+01,2.983023230737313725e+01
2.858104061700549892e+01,2.949325061420961447e+01,2.970488897321240529e+01,2.978741431006375251e+01,2.894269946569465901e+01,2.941127294450490126e+01,2.874251236815854327e+01,2.895576236901041511e+01,2.900664038140058665e+01,3.039689883203237741e+01,2.934565208127781943e+01,2.992415717269165043e+01,3.103051376860906885e+01,3.203897173897490802e+01,3.417168998865804497e+01,3.464510430446694045e+01,3.274697491974393415e+01,2.996481790069839235e+01,3.028659009695326176e+01,2.976314740486924393e+01,2.872169291877258956e+01,2.977980933982058787e+01,2.980012820314834698e+01,3.048862964297381950e+01
2.918044405698969967e+01,2.989118210855713187e+01,2.931671838685838338e+01,2.952692284794181887e+01,2.954646833271181094e+01,2.985992932974778569e+01,2.917116850023256802e+01,2.983474074723142166e+01,2.919520563065725582e+01,2.965152264218977507e+01,3.002826876928048705e+01,2.996418685291797601e+01,3.016200472178252312e+01,3.143395552467950438e+01,3.400706866196833289e+01,3.496201495853722463e+01,3.242945607558425536e+01,3.137731516953647315e+01,2.993031126857721347e+01,2.989310825592144738e+01,2.945689990517701062e+01,2.961896592767539005e+01,3.033850151041201570e+01,2.925718934421371387e+01
2.934771513902444440e+01,2.809706087385075080e+01,2.965301398078713646e+01,2.926970546047675725e+01,2.945862603519776712e+01,2.850542478885705577e+01,3.033170191214571787e+01,2.968240326009913588e+01,2.884777511379132875e+01,3.064245964936077371e+01,3.009751914454670896e+01,3.033366661630691397e+01,3.071730778335728473e+01,3.207596471528103166e+01,3.521832535814462517e+01,3.426059604709126916e+01,3.178498114981073286e+01,3.112669173679512369e+01,3.034213346508619225e+01,3.029533545375534231e+01,3.088134249887360738e+01,2.990348091155357224e+01,3.030357684055690015e+01,3.046945000933516212e+01
2.948907760472616246e+01,2.876593636174561652e+01,3.036704507855006341e+01,2.959200143441546516e+01,2.894705415123092962e+01,2.880026456316835493e+01,3.002214114317075655e+01,2.870567862818353433e+01,3.125337789978414094e+01,2.960716319953343145e+01,3.151912745826120954e+01,3.180416793744336701e+01,3.249021545076789153e+01,3.198514577165065020e+01,3.300810847065230291e+01,3.160059611817024461e+01,3.301792845025175893e+01,3.134232712551232680e+01,3.168349131606004221e+01,3.107778697062542506e+01,3.015308851774682353e+01,3.032885564534592504e+01,3.097748087356387714e+01,3.044370144994184102e+01
2.935875629134841347e+01,2.927989598857379860e+01,2.853801440089620201e+01,3.045103441059660554e+01,2.809427809916081742e+01,2.955195378646152449e+01,2.995457631642642582e+01,3.031955885543146678e+01,2.922439273146221694e+01,3.057483568560695630e+01,3.245835045990463641e+01,3.176352868589572154e+01,3.185292372232999014e+01,3.242028294229874064e+01,3.268392350341360952e+01,3.198648186823885453e+01,3.216634484425111395e+01,3.215634166367431135e+01,3.185969512823959349e+01,3.113955267496805845e+01,3.190562186388706323e+01,3.022804604410492857e+01,2.995041421029520734e+01,3.101893331562200729e+01
2.978111097053698586e+01,3.044753848459487244e+01,2.776331382754261767e+01,2.985718898031848312e+01,2.892836104508251083e+01,2.889945639048426074e+01,2.958680902555033754e+01,2.991814199762052340e+01,3.123080932611645721e+01,3.279659396082507783e+01,3.305095341977573753e+01,3.222819518142307516e+01,3.255951547683690706e+01,3.209544024536847928e+01,3.191990355951696756e+01,3.254085955117091089e+01,3.342525917293028215e+01,3.186414652143514559e+01,3.290024238395790235e+01,3.174292381041624367e+01,3.135656422511391384e+01,3.084099161573755055e+01,3.073316890194371354e+01,3.123438460826474738e+01
3.001308018840677505e+01,2.960597503657453444e+01,3.084042768932874878e+01,2.912728140500468044e+01,2.972355229886005645e+01,2.926244727501256193e+01,3.020124115582740387e+01,2.972045871111691895e+01,3.190334027138362671e+01,3.267409894697857453e+01,3.325132550848729807e+01,3.266200730496763072e+01,3.310002616100996420e+01,3.231450509185765441e+01,3.274694378323289357e+01,3.212483158325119348e+01,3.200123355920686663e+01,3.337007090319315239e+01,3.348771821666804271e+01,3.285277194831752468e+01,3.184479927183315340e+01,3.135720630232526673e+01,3.135821651472531357e+01,3.029523466310257618e+01
3.047153466557898582e+01,3.010325966787638663e+01,2.969045540702813923e+01,2.888405608446799988e+01,3.043304949810664084e+01,2.961719660964320155e+01,3.082717870534452231e+01,3.060770617664167048e+01,3.376921570631981240e+01,3.295504038205922370e+01,3.471292397162710586e+01,3.324426482320194509e+01,3.516613863141947149e+01,3.292631003717957583e+01,3.467495679201459780e+01,3.353765106487099956e+01,3.354300897748885291e+01,3.328518488797891450e+01,3.474603744912661796e+01,3.314658026395966317e+01,3.249115423175152273e+01,3.120202080936269340e+01,3.201227249496059812e+01,3.104859178034763545e+01
2.917708020643414102e+01,3.000528726531854318e+01,2.895786047263072760e+01,3.025658571446109590e+01,3.022501372408413545e+01,3.100586139444880018e+01,2.946361404790508232e+01,3.098982521646905752e+01,3.131279940946910756e+01,3.291774502567966465e+01,3.388769505928127046e+01,3.515209484260185491e+01,3.411938180636235529e+01,3.465747193114418678e+01,3.372579750373375873e+01,3.370379043001202035e+01,3.255885360080731061e+01,3.347556659361856646e+01,3.322320386399110248e+01,3.377442258247850759e+01,3.248071335302392981e+01,3.202302493899304636e+01,3.101114410684277800e+01,2.954047461641795280e+01
2.916771715560201983e+01,3.149198245457978373e+01,3.008960062231955135e+01,3.076930718750099913e+01,3.074791482939548359e+01,3.190290532690920600e+01,3.195972169889660108e+01,3.258931462715315774e+01,3.340645769798953779e+01,3.332047161519727752e+01,3.229757529701976182e+01,3.304805042771994295e+01,3.496026385478540988e+01,3.486439095302984015e+01,3.532797693709682108e+01,3.482109045738212671e+01,3.328931220544166081e+01,3.420648335905661952e+01,3.303382932616597145e+01,3.291795810188978066e+01,3.243597457482405844e+01,3.272172474477247306e+01,3.026836146730414612e+01,3.140588631866296510e+01
3.084141453412041756e+01,2.968359768530513065e+01,2.958029024262958728e+01,2.964961442182419660e+01,2.991387602900510956e+01,3.164086814324923580e+01,3.376190710970922737e+01,3.338807470883574524e+01,3.347985600046308718e+01,3.277946660548047930e+01,3.353987754700784762e+01,3.315704882644223517e+01,3.344315176833106307e+01,3.473380031390814793e+01,3.518508022010308878e+01,3.369868126664152896e+01,3.417171977151798501e+01,3.370006242717676059e+01,3.371822559004749564e+01,3.353332408264009246e+01,3.392911197702864001e+01,3.251623250992264502e+01,3.246615974313994002e+01,3.212977424160675355e+01
