2.423377589559578382e+01,2.451419004239488686e+01,2.468854441458603333e+01,2.539716577781092610e+01,2.657123580115370487e+01,2.399969847809023804e+01,2.450424266991768718e+01,2.480574931078126610e+01,2.551497303254876670e+01,2.466603307621545582e+01,2.582644350737996319e+01,2.497190614666959618e+01,2.518533314500177767e+01,2.504404002240084992e+01,2.502819940789180464e+01,2.412118945169316930e+01,2.602868332137353491e+01,2.538811374161252843e+01,2.554828217770943866e+01,2.530547741725621336e+01,2.598457668756117300e+01,2.530617455430865448e+01,2.618975617670548672e+01,2.599657282765917898e+01
2.494981975514809847e+01,2.554337865281883069e+01,2.581312619460470614e+01,2.528644900788737004e+01,2.414287339426903145e+01,2.630701237282568172e+01,2.438013786406907002e+01,2.507105015290420624e+01,2.499063479892618034e+01,2.455144910357137178e+01,2.375504174946780722e+01,2.422379430262895994e+01,2.311262312346048020e+01,2.475070200112020302e+01,2.583178226127733979e+01,2.473359523116420178e+01,2.393403326971269962e+01,2.521439805607991502e+01,2.453575952123804882e+01,2.603353017970135852e+01,2.416242856721220278e+01,2.508265461013445474e+01,2.553926851103278750e+01,2.558708482543528362e+01
2.517760173686917824e+01,2.425419124578456831e+01,2.462294153856498724e+01,2.422290813201738047e+01,2.539647694830341607e+01,2.568725132692742363e+01,2.397056298708122313e+01,2.474518047067419957e+01,2.463509543358992460e+01,2.510487085706841981e+01,2.450192341164995469e+01,2.429888714348970780e+01,2.458838745913584489e+01,2.353892256167176811e+01,2.383254811726658318e+01,2.401714933065522928e+01,2.506057777540701181e+01,2.480505009399223582e+01,2.394774611669276965e+01,2.537555595647103246e+01,2.533764909143934574e+01,2.642184065061178444e+01,2.566347542202021259e+01,2.524581747731411951e+01
2.451284787330166637e+01,2.561785723091873024e+01,2.623647048905957035e+01,2.538015351491497995e+01,2.493178257962716771e+01,2.406709847471103103e+01,2.483482356050586759e+01,2.620840782613606734e+01,2.432252074373894857e+01,2.479531332056330939e+01,2.413920436178887030e+01,2.516426151219781104e+01,2.453106503842445818e+01,2.436125792355596786e+01,2.462240917256576722e+01,2.461247950451632960e+01,2.394526483294356467e+01,2.562846146793953039e+01,2.562335362867861477e+01,2.604984079761203475e+01,2.563214792677229070e+01,2.648064933222178752e+01,2.574092970013367676e+01,2.535185091225417864e+01
2.512826848901181620e+01,2.341451373523085522e+01,2.500059828176875953e+01,2.317411500306559446e+01,2.555903020521583358e+01,2.503055566019378375e+01,2.547634742706037514e+01,2.454946102719611645e+01,2.488466333524837637e+01,2.476295095853140538e+01,2.450958000617731614e+01,2.397578986199567908e+01,2.520446673181174901e+01,2.544321343642042166e+01,2.452011439843232665e+01,2.439097770755245165e+01,2.553118222949552774e+01,2.497140912287335368e+01,2.558168877332713009e+01,2.437973774234882285e+01,2.634301345539927297e+01,2.512119578910517248e+01,2.545459507777934505e+01,2.445857021559362465e+01
2.424572493359170267e+01,2.543599238555248121e+01,2.546199845320444410e+01,2.484780899391336106e+01,2.339896606805149304e+01,2.529076507112665695e+01,2.441529277026859290e+01,2.471169878848877488e+01,2.474602339965298370e+01,2.536848150021376114e+01,2.353167747123677600e+01,2.503427669886491458e+01,2.427543392004946554e+01,2.505310466259732038e+01,2.429812970048169518e+01,2.445805411968024146e+01,2.516897074457733652e+01,2.573315319978462412e+01,2.482699791826973978e+01,2.541169503359924420e+01,2.547310898821359615e+01,2.517296943652411301e+01,2.473567146211365753e+01,2.562797314582059016e+01
2.566176034045230381e+01,2.573161531274115532e+01,2.527448423597155625e+01,2.408909882938735336e+01,2.460792078932911409e+01,2.448021517308262673e+01,2.445945919399059676e+01,2.395702048158324260e+01,2.529346294628385294e+01,2.435006882731443056e+01,2.434115861962442295e+01,2.431411948924778699e+01,2.530988198882670304e+01,2.548519416783818770e+01,2.485451347058352667e+01,2.514606561965968012e+01,2.485718020240341275e+01,2.405249177975622388e+01,2.459108098380613683e+01,2.544305714056497436e+01,2.496791335998057093e+01,2.571768948975585545e+01,2.512376063523771563e+01,2.514375438712062305e+01
2.422587514673244868e+01,2.521913139882047972e+01,2.439342902817600134e+01,2.574186812937341529e+01,2.492071183166189030e+01,2.448668120245969249e+01,2.598127502834671532e+01,2.432828273416924958e+01,2.414316968557199061e+01,2.363763398774671032e+01,2.455259166895825729e+01,2.419326252968778590e+01,2.396269225117345059e+01,2.399438753682250081e+01,2.456089992548584178e+01,2.458123377560792733e+01,2.449792368224950678e+01,2.466728892625530989e+01,2.529919223905227454e+01,2.509957889276824972e+01,2.510948701435376051e+01,2.454769362166007340e+01,2.652633705174019951e+01,2.476314679860382739e+01
2.423630481433423256e+01,2.354990119926651460e+01,2.501166631582481159e+01,2.441086463095365389e+01,2.442077774991929573e+01,2.431150899366974727e+01,2.445998470175533157e+01,2.377765978544499603e+01,2.343230295535761343e+01,2.421760779901222804e+01,2.440269798811624469e+01,2.319001083606343627e+01,2.487408602567046501e+01,2.487689689405237914e+01,2.460109667966304414e+01,2.496055526493040588e+01,2.446247474407454092e+01,2.516745459524213402e+01,2.524317827604153308e+01,2.417628245652588248e+01,2.443021645382742690e+01,2.442069273438193022e+01,2.453958726553901215e+01,2.418568880378444419e+01
2.527746076091199257e+01,2.388588366111656569e+01,2.392125684781137807e+01,2.501530397220386703e+01,2.353598895242743083e+01,2.488835818497932451e+01,2.401917109053971444e+01,2.423950836934017161e+01,2.398172581264685732e+01,2.421403881399817237e+01,2.339697682851198124e+01,2.428348450503642653e+01,2.419020491994348276e+01,2.555192054834623150e+01,2.414165102481365466e+01,2.450594450002637359e+01,2.374394226772466254e+01,2.499015338668169761e+01,2.462232281208457607e+01,2.548635897061109290e+01,2.495681063244967390e+01,2.452413245899106187e+01,2.519683566556295773e+01,2.477990836662064567e+01
2.490890439889477648e+01,2.353364411213232188e+01,2.531502737641443446e+01,2.404450298009078324e+01,2.375771077254188413e+01,2.413968262286414301e+01,2.344534128762882119e+01,2.421275378605798778e+01,2.420007215022337732e+01,2.419490870699058860e+01,2.383334147591239116e+01,2.362319338848419648e+01,2.390716165751570088e+01,2.420962068425319558e+01,2.432056336954036624e+01,2.427572465967097060e+01,2.539870494936678824e+01,2.549686848332856925e+01,2.588629944933092020e+01,2.598598481239605462e+01,2.471820437950043470e+01,2.465423199963083789e+01,2.481214585400226724e+01,2.481061657521206598e+01
2.322226320578573677e+01,2.359061729559749665e+01,2.467764355279018673e+01,2.445951283579881874e+01,2.525856089450616082e+01,2.384140240081279671e+01,2.495292714621706409e+01,2.356328628364536826e+01,2.413558604011330999e+01,2.368252111366103918e+01,2.378760558373096501e+01,2.368410494940735589e+01,2.460467087710304668e+01,2.500083899991443559e+01,2.439107640120988663e+01,2.423754126287997224e+01,2.541908358730455575e+01,2.591376609055947711e+01,2.644355254978529501e+01,2.645451788620209754e+01,2.499963382106301424e+01,2.466045898325126018e+01,2.404910899687160963e+01,2.526657398211170857e+01
2.512499510601782049e+01,2.427133201134819274e+01,2.546061224980036286e+01,2.422661867625691912e+01,2.534217075253843632e+01,2.490964474789166161e+01,2.446563746404825679e+01,2.419965103034240883e+01,2.387669589424547212e+01,2.374799805233703864e+01,2.414074523867890321e+01,2.401055063658156996e+01,2.413282886848929820e+01,2.362336445905725668e+01,2.489170803135232291e+01,2.455175443371564370e+01,2.480982210520738818e+01,2.547767792985359847e+01,2.549731444228524424e+01,2.480613741252437876e+01,2.492280480174946433e+01,2.488423261189751656e+01,2.438196969919255253e+01,2.461498325370905604e+01
2.517766768466424310e+01,2.482586974756418385e+01,2.511518403651103881e+01,2.568249596323363448e+01,2.515732699823030316e+01,2.479730221890361008e+01,2.534279556572198544e+01,2.488128973269374455e+01,2.458649168714873667e+01,2.579450250964742963e+01,2.628934266730527725e+01,2.545304162309491858e+01,2.369591276054427453e+01,2.441018847911766443e+01,2.460282152168218772e+01,2.431444980764990760e+01,2.502407057263252455e+01,2.600631825670700437e+01,2.517298637030580721e+01,2.497683290847186299e+01,2.454309877163416331e+01,2.413652440765929441e+01,2.485995327748713635e+01,2.429647529455206723e+01
2.520847303132035222e+01,2.506701640099907991e+01,2.447797963180363467e+01,2.565720650834282424e+01,2.378531452433674076e+01,2.436439460077895092e+01,2.472650294802855342e+01,2.492773310290903055e+01,2.685199741179928878e+01,2.734745435048182571e+01,2.747736246722138276e+01,2.741743067425790059e+01,2.597989222509664842e+01,2.560475478178119602e+01,2.414651733362188679e+01,2.475888436666912185e+01,2.521754175019611921e+01,2.588348647301614847e+01,2.492683597470215773e+01,2.537835901679335393e+01,2.438552103110168900e+01,2.469530774740155721e+01,2.299154712637630382e+01,2.411352359349308472e+01
2.512419680994224791e+01,2.480338424675124998e+01,2.520284213473166801e+01,2.430852305891443166e+01,2.300058648411265949e+01,2.468919546672861998e+01,2.383831509658699588e+01,2.532510130256707725e+01,2.799602459485817008e+01,2.750195338692577707e+01,2.869884602614502001e+01,2.857033716732678386e+01,2.828417842829111351e+01,2.515408927546934592e+01,2.585521991453612145e+01,2.540369655139130600e+01,2.569689222523311400e+01,2.490174534913677462e+01,2.581991907708606959e+01,2.596703545972121674e+01,2.437054586667187550e+01,2.440278817462825600e+01,2.399542189138946924e+01,2.537174902579312175e+01
2.383814231145959184e+01,2.437128394042861146e+01,2.438098939115991470e+01,2.465415176790276064e+01,2.384476388770480071e+01,2.332910174186855556e+01,2.371998421532953216e+01,2.337390782188015237e+01,2.758609052215678048e+01,2.874278035460417868e+01,2.990970736207344771e+01,3.054155041312264984e+01,2.772853795059006643e+01,2.515445262954409600e+01,2.447903770700588666e+01,2.430597166569413048e+01,2.593873896833429171e+01,2.525408765203354733e+01,2.574767732060553271e+01,2.472098270645199136e+01,2.508319475343347449e+01,2.326448591795144694e+01,2.467538826925817830e+01,2.491252064689746248e+01
2.438350979464337343e+01,2.503248389753349556e+01,2.537607740909601262e+01,2.442580316159541098e+01,2.436049315999986220e+01,2.436930972740589141e+01,2.350597969558003797e+01,2.378019213252969166e+01,2.659060918535658402e+01,2.936936146896198352e+01,3.081606103684879372e+01,3.112479510441670527e+01,2.750259755758486335e+01,2.490644898310085864e+01,2.457485735083020018e+01,2.405142039454278802e+01,2.426329561288605419e+01,2.505502186456823210e+01,2.531432849480069081e+01,2.429036608630360661e+01,2.373425162723333415e+01,2.543713808654354125e+01,2.416166514774340612e+01,2.491538060245255792e+01
2.462847400590669622e+01,2.567335693296968202e+01,2.634315484690569065e+01,2.445904819685108578e+01,2.377147090545395258e+01,2.436439460077895092e+01,2.670787471635128441e+01,2.755157135733765017e+01,2.950777862684435604e+01,2.896524196386332051e+01,2.784766442064409375e+01,2.798560570398427672e+01,2.851399471842927369e+01,2.714853091481785441e+01,2.585167712158857967e+01,2.514514800082599777e+01,2.551507435792984779e+01,2.560687940564525888e+01,2.484286330374510499e+01,2.473021684845787149e+01,2.436386362545681550e+01,2.433038651333356484e+01,2.469893882232992155e+01,2.396063424234415606e+01
2.505519571884474317e+01,2.438283218397259589e+01,2.541027763936455131e+01,2.358074090106816811e+01,2.410232355791202963e+01,2.655317745285810815e+01,2.919495813405086437e+01,3.021946605431952548e+01,2.880310760903330447e+01,2.795814497348453642e+01,2.614720135726031458e+01,2.652756240829251055e+01,2.598457676491881330e+01,2.664804651298805993e+01,2.607222659735458592e+01,2.509166441432375905e+01,2.542683641749471235e+01,2.475024794619633894e+01,2.410038767030562212e+01,2.535253786499481521e+01,2.398554320230198300e+01,2.399562480933474262e+01,2.484245617758728031e+01,2.455554257775463611e+01
2.378899838491702212e+01,2.454035521435122291e+01,2.435626812675053543e+01,2.480403559967840010e+01,2.611622368327363120e+01,2.846055654906342625e+01,3.026009050098838316e+01,3.058375367763130726e+01,2.720894595759415324e+01,2.605422553190965118e+01,2.604465165941229543e+01,2.553256130871272944e+01,2.531159765981897181e+01,2.633062828556080603e+01,2.583391133543722162e+01,2.565531450796385116e+01,2.556519665210612402e+01,2.557615133132293295e+01,2.605404492863931409e+01,2.433137657721925962e+01,2.508258440437879244e+01,2.506989047656321645e+01,2.465340033594952729e+01,2.371633604072565049e+01
2.427206757430712969e+01,2.454380381249205811e+01,2.384451966889588448e+01,2.541226540585159910e+01,2.729925724341768500e+01,2.855325797479662242e+01,2.990323031664399878e+01,3.036522567982564169e+01,2.686332376490582874e+01,2.718051717301528925e+01,2.664651286794764928e+01,2.632419445137833236e+01,2.613566386427527277e+01,2.713636827861034817e+01,2.617954618881452689e+01,2.580560551361605803e+01,2.587631485513730922e+01,2.618652731548132806e+01,2.466575825273207556e+01,2.496169407106708604e+01,2.339002162885606140e+01,2.389435387124592580e+01,2.560704808508592123e+01,2.396346952411198572e+01
2.443661629269229252e+01,2.562255289487268328e+01,2.555400145142527890e+01,2.521651437658795203e+01,2.739440760053821577e+01,2.828186883413940222e+01,3.000612219318088592e+01,3.048130923145225779e+01,2.745677344649675433e+01,2.759067700018175628e+01,2.649889135073482294e+01,2.750932124768951326e+01,2.661020279193201077e+01,2.691144044563515081e+01,2.573908826108930725e+01,2.607755757429640653e+01,2.701959730939336168e+01,2.594738808337967839e+01,2.587453693933849763e+01,2.530854400663162096e+01,2.411022373549042186e+01,2.465336712953330789e+01,2.404524472155515014e+01,2.406817234449664511e+01
2.508291190753607225e+01,2.413784948428400412e+01,2.577401476485522380e+01,2.566589267146213160e+01,2.685165913583932706e+01,2.837268510854846681e+01,3.048223585042472905e+01,2.956780246889110231e+01,2.850508244104207733e+01,2.831355186574052141e+01,2.713094232521018512e+01,2.660967345694746200e+01,2.636437561079333136e+01,2.731764640432817259e+01,2.738334846434230485e+01,2.805713222415073460e+01,2.692001803757102607e+01,2.636619949094693993e+01,2.507367227206378857e+01,2.547937148680222208e+01,2.506291587364228235e+01,2.451111975798437470e+01,2.384950520139040009e+01,2.505583472605377438e+01
2.558856638160204966e+01,2.529478394501927596e+01,2.580928433214552342e+01,2.606067932092952333e+01,2.865720761376223891e+01,2.993045805545744997e+01,2.999774933353569395e+01,2.852696275614783872e+01,2.776407782037762217e+01,2.808592763841062379e+01,2.888767345288533761e+01,2.867503974103181008e+01,2.811074501468931430e+01,2.725103527014357496e+01,2.760189112297479141e+01,2.635475421516122196e+01,2.673430802608487511e+01,2.640256185877342432e+01,2.602963383731525937e+01,2.506261582094350615e+01,2.423859677218416664e+01,2.346430142203121250e+01,2.406021016413524194e+01,2.527081304906408832e+01
2.511476482602273563e+01,2.560441347472817597e+01,2.626163829222508639e+01,2.689084902156042745e+01,2.851979312403386757e+01,3.017613648424725170e+01,2.977841707780703473e+01,2.810509716628985188e+01,2.869064541335455942e+01,2.886633674672663119e+01,2.952246700744660757e+01,2.895195448549577577e+01,2.894567571201520195e+01,2.840165836507463837e+01,2.764767375951947770e+01,2.654292922814863687e+01,2.658334554054374621e+01,2.635522049899617514e+01,2.679305865621910243e+01,2.619212065211377194e+01,2.419592626631060739e+01,2.410332322511544589e+01,2.386038192682008230e+01,2.486408178553898551e+01
2.618188873617697254e+01,2.558624727243682173e+01,2.556194304759441138e+01,2.623782132245958110e+01,2.678005166126894210e+01,3.008660836849759335e+01,2.964358744487850572e+01,2.753117877860722729e+01,2.951422287589400639e+01,3.019927603522341997e+01,2.908522292935629139e+01,2.974070505741065062e+01,3.054058283011011099e+01,2.994445442667836232e+01,2.898304294229490097e+01,2.639817036232943792e+01,2.597611274879790244e+01,2.551623651224520017e+01,2.686677084358706225e+01,2.588080793351974762e+01,2.540336246020325461e+01,2.450715458917983369e+01,2.412002056900206526e+01,2.459111694004343462e+01
2.586818959533002271e+01,2.414053204476368819e+01,2.556117634419371143e+01,2.542105662255619336e+01,2.685790844004770861e+01,2.748087062711857698e+01,2.745940679617802971e+01,2.745938888574886505e+01,2.798838903707428472e+01,2.925853525198829175e+01,2.970903058662599960e+01,2.864658970237138647e+01,2.918356368590229977e+01,2.883717518797453749e+01,2.845696851939271710e+01,2.680593255257986129e+01,2.638858115124895676e+01,2.583140979838390194e+01,2.537098827446425275e+01,2.655431814435922888e+01,2.516989494250634607e+01,2.453495859110620358e+01,2.542010706441317325e+01,2.523625271427522421e+01
2.476747878979682582e+01,2.422886338449734467e+01,2.448262946742710255e+01,2.460818104802899597e+01,2.569299457394538422e+01,2.512610242308073794e+01,2.729915347614291932e+01,2.671187726524499340e+01,2.576911983454499477e+01,2.597002639591789830e+01,2.628240896023947926e+01,2.630937497459154883e+01,2.620847579309662478e+01,2.542165159107872796e+01,2.657147374917838079e+01,2.559455271627240336e+01,2.501497863833463953e+01,2.516552574474081894e+01,2.458030291559367697e+01,2.510380348434739517e+01,2.528936346572811544e+01,2.438803840160835534e+01,2.382333508343612039e+01,2.411806412947851186e+01
2.472276934910229329e+01,2.524559818915167853e+01,2.496811545221072492e+01,2.459296916902587782e+01,2.467888500822385822e+01,2.753806351905973315e+01,2.661198048158860274e+01,2.583441188304817615e+01,2.565544831316719865e+01,2.705353289817060158e+01,2.713356198021415366e+01,2.687786081874128286e+01,2.740063818766338954e+01,2.679003052579531641e+01,2.658366387664312924e+01,2.574023913027275512e+01,2.513436081509655651e+01,2.584787226438163543e+01,2.516124630242245530e+01,2.547469470892860954e+01,2.489024894510430386e+01,2.453743095469388891e+01,2.366756214931467639e+01,2.382832552422451045e+01
2.470016472804780960e+01,2.509450851519602566e+01,2.536294082180108944e+01,2.519352830038064894e+01,2.719100478903982321e+01,2.727381468176571389e+01,2.660559212126753437e+01,2.600964810088225931e+01,2.659013428246385047e+01,2.659355378586388952e+01,2.594216324177818933e+01,2.697520014395070120e+01,2.665358545318844108e+01,2.704076545218447336e+01,2.550404518206153170e+01,2.545167385071812305e+01,2.647423777573180814e+01,2.581590311862089493e+01,2.376067816168790614e+01,2.523963557168440275e+01,2.567865757694028161e+01,2.489157505540663351e+01,2.406318653629278970e+01,2.453709542841949087e+01
2.513091303552471345e+01,2.301713351529377860e+01,2.546293185025768935e+01,2.609959664818029523e+01,2.712825529910702471e+01,2.850544558478526369e+01,2.627490062888551847e+01,2.584742110524052805e+01,2.736946574508573349e+01,2.632474507000910080e+01,2.660053812239931403e+01,2.677364500811353309e+01,2.654786431312965078e+01,2.634112441875862487e+01,2.557512913234467078e+01,2.603792165782795109e+01,2.641254490749736306e+01,2.579565937566997036e+01,2.419726849850104600e+01,2.480683143880634134e+01,2.476612988865934994e+01,2.474407488445160652e+01,2.440679964348919384e+01,2.390730383671586878e+01
