2.880998468828698833e+01,2.862432638529412543e+01,2.778142736230046239e+01,2.834247512000786173e+01,2.851715581993579463e+01,2.948770525251671870e+01,2.945382797818666631e+01,2.815469891277024317e+01,2.887928931211598638e+01,2.879391653812223240e+01,2.877396989745147948e+01,2.888137805505436972e+01,2.969828576017437172e+01,2.897389303101880387e+01,2.958464093341200396e+01,2.918524005248235653e+01,2.874386740803043949e+01,2.817373606267977948e+01,2.826369885491726563e+01,2.876368116703793021e+01,3.093391500735401678e+01,2.942693001723176849e+01,2.944101832289470622e+01,2.858467504066311449e+01
2.955499975256987000e+01,2.800292470906998687e+01,2.869367630769426114e+01,2.967451063470554118e+01,2.884129862483644047e+01,2.929222910098326338e+01,2.795620056729103453e+01,2.932042411293411988e+01,2.951098106303220447e+01,2.997032706086724829e+01,2.852802262361927887e+01,2.836363021738975476e+01,2.815513633728022569e+01,2.929267621618470230e+01,2.888432786998765778e+01,3.078885846975350660e+01,2.872844456637329813e+01,2.911236480417943540e+01,2.931891670964006380e+01,2.836498044067508317e+01,2.847383416524820632e+01,2.988543037907379585e+01,2.955425282763138739e+01,3.063238090868424024e+01
2.901364208637079400e+01,2.914721721112590558e+01,2.952056707793610713e+01,2.985049977586277237e+01,2.871174935084508206e+01,3.081302609653499758e+01,2.914510543122355557e+01,2.929683273756035078e+01,2.937432590354387685e+01,2.861034091648775757e+01,2.908180367727129578e+01,2.910484212712236740e+01,2.937911931894126383e+01,2.979375862099402639e+01,2.905679518325956678e+01,2.844106757534967755e+01,2.963052097082794489e+01,2.897886659213332905e+01,2.959558401809204042e+01,2.911477763688134246e+01,2.966060997034838920e+01,2.946063802513737073e+01,2.924861369391032895e+01,2.938641611698409406e+01
2.839843234039466324e+01,2.976478645115622612e+01,2.853369335904210402e+01,2.939590409332760146e+01,2.895578377893360766e+01,2.945758835595012215e+01,2.891435999167163118e+01,2.925650394382006425e+01,2.970323802579935091e+01,2.958236331251271167e+01,2.894595492199005093e+01,2.975579592263568429e+01,2.894404490127192275e+01,2.997265413732793604e+01,2.882152717254200525e+01,2.882682373643751816e+01,2.855877742576569744e+01,3.045616417504515994e+01,2.998069340825918516e+01,3.045199012189232235e+01,2.932634694649414087e+01,3.149018312718499146e+01,2.936165890051807992e+01,3.018597085725446050e+01
2.861486546682789367e+01,2.864790143249547327e+01,2.927214571998399606e+01,2.863355493399313900e+01,2.923351098682093152e+01,2.857667527946847486e+01,2.829368980065760297e+01,2.821845405409760588e+01,2.929345597835589388e+01,2.828218544225558162e+01,2.874909890489135478e+01,2.980859569391424202e+01,2.869507387047218572e+01,2.899954514246888948e+01,2.933487852973894405e+01,2.929521073361655681e+01,2.919703524291583108e+01,2.813679345922730590e+01,2.960966665857836233e+01,2.849525184216139451e+01,2.991862588530949552e+01,2.878505142576227627e+01,2.918937250546196083e+01,2.874185576494721772e+01
2.896687379324805534e+01,2.852314800226832858e+01,2.801620945613302638e+01,2.894147787619687051e+01,2.862030371405887763e+01,2.843094751523562991e+01,2.820279308517228856e+01,3.010594528036244810e+01,3.031709076808630243e+01,2.998892710812418727e+01,2.894460926194693684e+01,2.855195329228212131e+01,2.798909840966177853e+01,2.896716914082935546e+01,2.878505652293137018e+01,2.968154162354193204e+01,2.925597597067400102e+01,2.983900174115171922e+01,2.909263245808830334e+01,2.931591614845990534e+01,2.873306120066638414e+01,2.980683393466864572e+01,2.870724273378192493e+01,2.943553604949710234e+01
2.943633783373223878e+01,2.931230535798448500e+01,2.936273745320613671e+01,2.884709187361551130e+01,3.017309980166999139e+01,2.925315040377824971e+01,2.963506981475222801e+01,2.993137662936356946e+01,2.973366273502415424e+01,2.919518955611511046e+01,2.900136341483619162e+01,2.916921642286604310e+01,2.886412332955325155e+01,2.906047152643498066e+01,2.987846257312793341e+01,2.945571574609601839e+01,2.932787643625545115e+01,2.910798042672706742e+01,2.980736614653773131e+01,2.972166928637614092e+01,3.036924351946805700e+01,3.077658090178061912e+01,3.013303574836612597e+01,3.063461492025135158e+01
3.027420516889054625e+01,2.929628376961244385e+01,2.851157994271557072e+01,2.903588112679187816e+01,2.927668559419163330e+01,3.045893261312988898e+01,2.885499340126000334e+01,2.954119078796230724e+01,2.915271625669612376e+01,2.850594362515204239e+01,2.886210478526595580e+01,2.870039769226502813e+01,2.807676366058132089e+01,2.958486829830133047e+01,2.959496582570966439e+01,2.998198386350077271e+01,2.989697047764963145e+01,2.825425749938995068e+01,2.976256626150728835e+01,3.034710010277444781e+01,2.956052886947156821e+01,2.925278502003374115e+01,2.972255228055286125e+01,2.965675213369820540e+01
2.961649065672418146e+01,2.774309847513984550e+01,2.899039079116403173e+01,2.791229271082869445e+01,2.999154468581059518e+01,2.824588442325517690e+01,2.892379064699900937e+01,2.867487474467242237e+01,2.884230264986013026e+01,2.858719231323681242e+01,2.926286045254784085e+01,2.847743896045363954e+01,2.956419810524204195e+01,2.876187955116290595e+01,2.963853538935268261e+01,2.848092525892081994e+01,2.967864101238836838e+01,2.904303225490139084e+01,2.974973969342073588e+01,2.894480025947706281e+01,3.001967880777539222e+01,2.862329590051871264e+01,2.957136726332441867e+01,2.874175703152076267e+01
2.834692997844348383e+01,2.948433020909698143e+01,2.811799733080198394e+01,2.902280727303900676e+01,2.876453702864904471e+01,2.951632303547694391e+01,2.887774022806246421e+01,2.943541278078504320e+01,2.813561603787502463e+01,2.891444038417893125e+01,2.863461058597681586e+01,2.982772793656272370e+01,2.890211928341204839e+01,2.938569361877722486e+01,2.885276857077218438e+01,2.973697791631821019e+01,2.846368385605705953e+01,2.833223642787146446e+01,2.880531488450674260e+01,2.965203402756657169e+01,2.910794883710281056e+01,2.940489191451291617e+01,2.930085198158315052e+01,2.889891445745610099e+01
2.924818935057930958e+01,2.852351869903014858e+01,2.949963207543891031e+01,2.963992012168080237e+01,3.009226359193678491e+01,2.895725008361858954e+01,2.953316747799738096e+01,2.891650745324233185e+01,2.956809730135842074e+01,2.820137128079784361e+01,3.008678605376792348e+01,2.954761359882962779e+01,2.981286126404540937e+01,2.943876026191986739e+01,2.954231820850714030e+01,3.001251019593564706e+01,2.905403140383589289e+01,2.933008129308086609e+01,2.918339242006300083e+01,2.841777019647554425e+01,2.975865062212437806e+01,2.881110206418952657e+01,2.985049631629459554e+01,2.935737616418907692e+01
2.863720521171796918e+01,2.918660019877182776e+01,2.905677995188750629e+01,2.966669701896609013e+01,2.932278202000190959e+01,2.961605359571217377e+01,2.888093922775374267e+01,2.933332086059994026e+01,2.899115723169717285e+01,2.926675007350303304e+01,2.917159061337270032e+01,2.993876051201630162e+01,2.929771351151521230e+01,2.988450713318513863e+01,2.894016142882981057e+01,2.947340208888743973e+01,2.876265164818335052e+01,2.909236186817128100e+01,3.041651357391594956e+01,3.011954716558045675e+01,2.775564001662422697e+01,3.097876972409414975e+01,2.929408738639614285e+01,3.018612235161947410e+01
2.970426797344822489e+01,2.873038947841627078e+01,2.950431158356525430e+01,2.890107468935565294e+01,2.852443010490799224e+01,2.818818003697890617e+01,2.913901698765852188e+01,2.791753775172264795e+01,2.944003693283400480e+01,2.867963266933384148e+01,2.885085054697987061e+01,2.826644172898994611e+01,2.936066469138097546e+01,2.872435352606800052e+01,3.026320181352679128e+01,2.833766709525281158e+01,2.904211849669832191e+01,2.873847058150261091e+01,3.018974033145372005e+01,2.923214194022534684e+01,2.978994401204084852e+01,2.857922902988929081e+01,2.871895774422637260e+01,2.776945643259728058e+01
2.839448631613737462e+01,2.961238730270332553e+01,2.809461201956270315e+01,2.975714295798576359e+01,2.892202372094925522e+01,2.909500541549010677e+01,2.843964970930898062e+01,2.819174880425907759e+01,2.878727982577606781e+01,2.897100509811338043e+01,2.793371908315924657e+01,2.931877169329015942e+01,2.893539264668254418e+01,2.899793222734700748e+01,2.816618630703538884e+01,2.987896103054947616e+01,2.908452549564032097e+01,2.921118973997124613e+01,2.923021982384784678e+01,2.937068773656795884e+01,2.961585764507350405e+01,2.991127743587475152e+01,2.903072850952059980e+01,2.938558758869180565e+01
2.838996317785245083e+01,2.906469752710665944e+01,2.963407079053001780e+01,2.860775411411111691e+01,2.900816252108859317e+01,2.886984222509801157e+01,2.973172537695279516e+01,2.944211656129584753e+01,2.931683466778594038e+01,2.817455007002774892e+01,2.951032717497321300e+01,2.962877551799886078e+01,3.000601832076051778e+01,2.898896549345795393e+01,2.986806428991735629e+01,2.915168054731009306e+01,3.025073115805639645e+01,2.943852686633181293e+01,3.013662993713620608e+01,2.939735520964217130e+01,3.016318568385156595e+01,2.961394050049375437e+01,3.025746182075897650e+01,2.996479244358351934e+01
2.930596593557004326e+01,2.803174203053293922e+01,2.795060458132678605e+01,2.894759651464499939e+01,2.823255224815437714e+01,2.899815061810244288e+01,2.922314793912460118e+01,2.882596385106938897e+01,2.949334253685572094e+01,3.002908122958677950e+01,2.925531117044471330e+01,3.000563261914800250e+01,2.938949732239206014e+01,2.939054562530003523e+01,2.975356036276650684e+01,2.950956895537683522e+01,2.905043971001964564e+01,2.979883628307453591e+01,3.018489375592508850e+01,3.000249172462577008e+01,2.925991072195233755e+01,2.968258332473754990e+01,2.887919322766168762e+01,3.100660523889422393e+01
2.962893293115007509e+01,2.847416806202733142e+01,2.994813972097023225e+01,2.805225847747510670e+01,2.906482351321790247e+01,2.753380932823051808e+01,2.894722287036159969e+01,2.811793133191531524e+01,2.925338350261131382e+01,2.883035592425886762e+01,2.948277791596814268e+01,2.939623406310073506e+01,2.867344561217902310e+01,2.845901500991516286e+01,2.937187368437196255e+01,2.892472680656851480e+01,2.980558468832953167e+01,2.918667784961832012e+01,3.043800079665015801e+01,2.898618075697555696e+01,3.014544757531660935e+01,2.771177198727252744e+01,3.024721350859584845e+01,2.844691753812679735e+01
2.882505923344382381e+01,2.964091523469340927e+01,2.869497204974823035e+01,2.905786526058113850e+01,2.815845579426974155e+01,2.886495750210781353e+01,2.838638013619197409e+01,3.002374084754694650e+01,2.898168476680876893e+01,2.982654154578693806e+01,2.864587786633524047e+01,2.982654154578693806e+01,2.781128363861415664e+01,2.899793222734700748e+01,2.900413999104597451e+01,2.897336042822837499e+01,2.968023447350742572e+01,2.961732987902308878e+01,2.799741255616476110e+01,2.937068773656795884e+01,2.900677380067025979e+01,2.962696865668465307e+01,2.904172831074691885e+01,2.981339075158695096e+01
2.940544048697080370e+01,2.966437784898772634e+01,2.980278199354182789e+01,2.852113179258918763e+01,2.915209895229946824e+01,2.904689201391192910e+01,2.963273319993834320e+01,2.861697964509784242e+01,2.908701240717829251e+01,2.926216497620760038e+01,2.929316433910838668e+01,3.030801576896629967e+01,3.074542342850503474e+01,2.939168212695273041e+01,3.021787579145177460e+01,2.953696726770334635e+01,2.919284418701477080e+01,3.046942978310488570e+01,3.024940064150894159e+01,2.910865150047249017e+01,3.011576906076624027e+01,2.995853554419375087e+01,2.976904865759962604e+01,2.927088355948575327e+01
2.882933221278057090e+01,2.959609363034803664e+01,2.874308989286276983e+01,2.955438354841692217e+01,2.857606102266788639e+01,2.959144747687497556e+01,2.867588693472970363e+01,2.963724629374564756e+01,2.892741780502649362e+01,2.844504290212228170e+01,2.960136977758730836e+01,2.950644197260129431e+01,2.849222023144204741e+01,2.983602461005648365e+01,2.911577010166524815e+01,2.901574524768506080e+01,3.029592470180426744e+01,2.950115124742518447e+01,2.968596262099526939e+01,2.991930058006107629e+01,2.906065819994489630e+01,3.067753533684100375e+01,2.988588044477955918e+01,3.237214089891921276e+01
2.840455819867537457e+01,2.880559369468079467e+01,2.937439948754922625e+01,2.800989590734337753e+01,2.895759893123101847e+01,2.889471049296406591e+01,2.951642262578326381e+01,2.906991716148843352e+01,2.968828991176923182e+01,2.860348164295379547e+01,2.972674928743469991e+01,2.875338779725706218e+01,2.935011783185939294e+01,2.809382506929625833e+01,2.953807886104738145e+01,2.791407056949543630e+01,3.010466841293794005e+01,2.866117389538408133e+01,2.939615301970763994e+01,2.791804758579490908e+01,2.996508897897581392e+01,2.981587176901399516e+01,3.133696400094919454e+01,3.228453421255960620e+01
2.788037807313781968e+01,2.835371804630443648e+01,2.832116041367874004e+01,2.874192507865365087e+01,2.798109824332755124e+01,2.912814734276241779e+01,2.764242109690900406e+01,2.955671815956861792e+01,3.068508319526324613e+01,3.200025709720028999e+01,2.914626881626503518e+01,2.901714061178637394e+01,2.898446606930093594e+01,2.897379591208192551e+01,2.954889347996123661e+01,3.017463162917380259e+01,2.858770286637997060e+01,2.956124833755899317e+01,2.974043812827937927e+01,2.985035354198805635e+01,2.920452818375923698e+01,2.915857705474076056e+01,3.101163072464674997e+01,3.271837268766330453e+01
2.940114944154316845e+01,3.039343400074739066e+01,3.031947963880651287e+01,2.829846987457671048e+01,2.867589863816590423e+01,2.906632781493317452e+01,3.031887920193832997e+01,2.995919402753628447e+01,3.480058453671824736e+01,3.424799854929108278e+01,3.418526917270071408e+01,3.026708072482745138e+01,3.024669205666111793e+01,2.919901949072510661e+01,2.990077135202699310e+01,2.993235682552762000e+01,2.975514877014461490e+01,2.960468732765730238e+01,2.947377886557927695e+01,2.841787142057501114e+01,3.042307295519185573e+01,3.081956763414427769e+01,3.131596713217419392e+01,3.140681748124677597e+01
2.859336692918645895e+01,2.956069954695749402e+01,2.936668347160389203e+01,2.969854917431496233e+01,2.882250067116706305e+01,2.893542685769739364e+01,3.027520234646334529e+01,3.135226523088425665e+01,3.413295371683079793e+01,3.444057506616741193e+01,3.262712569625705328e+01,3.211927874705344266e+01,2.962110212843123236e+01,3.027622598723348801e+01,2.965235873320528981e+01,3.085422121078642022e+01,3.018084576428151422e+01,2.981603019551124589e+01,2.993968458223872631e+01,3.090061334333034893e+01,3.064405643436708715e+01,3.069813317235514205e+01,3.097842213740710804e+01,3.238428947727879859e+01
2.949792526436368689e+01,2.886706311257233892e+01,3.020285522956072555e+01,2.754104368924265600e+01,2.900182133534366358e+01,2.836758603405098711e+01,3.099246386897902994e+01,3.064449631483211078e+01,3.393680201873087299e+01,3.374813715254538238e+01,3.314675683623352143e+01,3.141891480601685771e+01,3.155551630850243328e+01,3.059045950531128710e+01,3.019665819516916372e+01,2.933625734881866265e+01,3.054615572298769166e+01,2.889439587762967676e+01,2.981453256912976713e+01,2.924873960386076988e+01,3.183787331192542069e+01,3.063627102998151486e+01,3.178326025351384487e+01,3.151458418861102473e+01
2.879769126710891669e+01,2.886471766807090944e+01,3.065860904615055915e+01,2.910604906539452941e+01,2.801679074041163631e+01,3.090747061218957015e+01,3.116466481843713154e+01,3.199734487533703486e+01,3.414693475498353337e+01,3.500940402336340185e+01,3.206997387729052207e+01,3.218699608645931676e+01,3.110675636035369962e+01,3.057855593494451796e+01,2.934918401584599223e+01,3.120699653703962895e+01,2.951409306191504811e+01,2.997953303568544925e+01,2.948532344010624229e+01,3.067610162243187233e+01,3.148267570520550862e+01,3.320767424480999352e+01,3.157770408995389744e+01,3.238967893498482908e+01
2.953446772717234126e+01,2.987264015853520505e+01,2.968004509440680749e+01,2.953960521042773735e+01,3.211471779192527265e+01,3.269264016502808090e+01,3.434377636687793256e+01,3.504108963522867271e+01,3.530946408585242580e+01,3.472380215859811869e+01,3.382437829558261910e+01,3.235006561301861439e+01,3.244886072659460297e+01,3.150649885021539376e+01,3.109387182930993276e+01,3.052496759922172487e+01,3.079293509094463843e+01,2.998103691042814489e+01,3.089440286961411175e+01,3.091588499327372119e+01,3.197592184366595802e+01,3.172424010873578482e+01,3.390719127338292083e+01,3.331781038482364465e+01
2.961645719654558206e+01,2.935707782262471710e+01,2.922050373727961414e+01,3.039864156794277505e+01,3.201921620091030718e+01,3.300704539351943367e+01,3.373549103325649412e+01,3.427138386461911068e+01,3.421545045757238768e+01,3.435876299258353583e+01,3.301003912924278438e+01,3.362158812533607488e+01,3.322074914488212016e+01,3.202230453469161375e+01,3.032135435994439376e+01,3.092001687143812205e+01,3.065296423808558757e+01,3.088541703138639605e+01,3.057943983117354492e+01,3.120512887738465224e+01,3.136699151202350322e+01,3.276224458798418482e+01,3.308425693271055934e+01,3.319707840555690836e+01
2.922444566033601632e+01,2.853121746870590414e+01,2.923128176011636015e+01,2.919143893263219525e+01,3.228421458112666187e+01,3.173524071872168406e+01,3.323873383492792755e+01,3.170217660220765765e+01,3.268325607063451343e+01,3.156287680195464418e+01,3.274695629171395694e+01,3.226034152797797105e+01,3.360152275301430791e+01,3.176665480073688741e+01,3.134450196926462695e+01,3.005804827051571237e+01,3.024775381357625292e+01,3.004676575143520267e+01,3.157062088205663031e+01,2.997556094570103369e+01,3.232288385833749089e+01,3.170765664340399326e+01,3.243945710308076968e+01,3.239610236851154923e+01
2.850789240295068794e+01,3.043765600698162643e+01,2.903478427978586751e+01,3.068696224491446856e+01,3.052794161044283783e+01,3.184966334870847504e+01,3.137536880487374447e+01,3.200548283915787806e+01,3.180628920205180066e+01,3.277878148232497324e+01,3.174720960302494177e+01,3.242134122481547820e+01,3.145485218745949396e+01,3.233444237732044257e+01,3.045169027075098711e+01,3.094228475430060143e+01,2.979107274118678106e+01,3.124194446057231289e+01,3.119009802696746192e+01,3.245783608390837571e+01,3.157130939978657125e+01,3.143223981439888348e+01,3.110251775471635938e+01,3.232211919459456340e+01
3.170765068808634624e+01,2.947904789396454817e+01,3.076126631928997313e+01,3.035828176288032410e+01,3.071913392988392388e+01,3.264610256346435335e+01,3.302178712678761485e+01,3.183657042559866568e+01,3.403386111238177136e+01,3.300774891424026691e+01,3.312031324617379369e+01,3.174632719641402900e+01,3.142274997867389175e+01,3.101739064245339250e+01,3.214298260689128028e+01,3.332217470355072919e+01,3.330534438963678667e+01,3.450556299072144384e+01,3.428476656673450407e+01,3.363378883803187591e+01,3.372890533478812358e+01,3.302219674506000047e+01,3.368726922294439419e+01,3.355287746846892105e+01
2.925633449279047227e+01,2.985753517589682815e+01,2.963269820615204253e+01,3.080229259710642964e+01,3.160290823777575042e+01,3.117137068867799599e+01,3.363123691378177682e+01,3.296659809320402701e+01,3.252927565412170452e+01,3.279532497506266964e+01,3.240232037486475747e+01,3.276753217798636797e+01,3.132674324416484524e+01,3.257895164704200397e+01,3.285249578108278001e+01,3.331967041602496238e+01,3.284006388268795718e+01,3.473405082608496741e+01,3.423000656533463371e+01,3.375153617965440844e+01,3.335032465703875459e+01,3.361223134712690808e+01,3.276808785174438299e+01,3.303500547762638462e+01
