2.571454749841205967e+01,2.524611702571837668e+01,2.474531128880511233e+01,2.583366691633847267e+01,2.538826647844564377e+01,2.492206627844228706e+01,2.480274926533223834e+01,2.427537028060129387e+01,2.488488798558165627e+01,2.553175559250138349e+01,2.451871411667445955e+01,2.447334154786636873e+01,2.387840513736233561e+01,2.386906978524399392e+01,2.394773219679802878e+01,2.543454271848116832e+01,2.563132756205396845e+01,2.556849268869109437e+01,2.467494467012710402e+01,2.571741201471996874e+01,2.556186908651432077e+01,2.644427483544336610e+01,2.549077493632137248e+01,2.566981852388539664e+01
2.540616460434728197e+01,2.532887968903929732e+01,2.522628293857241033e+01,2.609421636759657304e+01,2.457018531082064783e+01,2.443121999073616735e+01,2.432641524598858496e+01,2.512786758465961157e+01,2.540103123252231399e+01,2.528905333580615888e+01,2.482059687844241580e+01,2.406067441417701502e+01,2.460085764810492037e+01,2.306913402095142374e+01,2.426870612543842753e+01,2.522371556502076828e+01,2.456267592340185502e+01,2.437963748702412659e+01,2.583627902889213601e+01,2.541745604103391543e+01,2.621610459605210508e+01,2.489893318178161508e+01,2.644368550126114314e+01,2.684740740283695004e+01
2.418030544081273092e+01,2.571356967866933019e+01,2.468154712531594441e+01,2.439990009228102963e+01,2.405994905032190445e+01,2.495555693901513905e+01,2.469892409270130429e+01,2.404643481737321054e+01,2.555873684895612996e+01,2.442401394347098176e+01,2.329052196800853380e+01,2.447755548255872782e+01,2.296722812033971195e+01,2.392684287660256359e+01,2.430819611256970347e+01,2.543314826954082264e+01,2.512001539917201853e+01,2.434333000461964502e+01,2.529353836929089994e+01,2.619236560527070878e+01,2.650418159158078879e+01,2.525347947232376100e+01,2.571877342895584206e+01,2.589366262987624623e+01
2.469058803184731232e+01,2.492815063238987250e+01,2.401378534716013746e+01,2.543833912030294186e+01,2.556846786696922891e+01,2.389698538078192769e+01,2.523340357969470915e+01,2.475847254873428938e+01,2.386432229216819678e+01,2.485427605499245374e+01,2.494108358986977692e+01,2.460786034925001786e+01,2.471140703281071183e+01,2.441917057836400318e+01,2.439108124391941601e+01,2.507852093466544829e+01,2.495480231729987963e+01,2.589072006055914699e+01,2.559213157802560090e+01,2.526195399577397893e+01,2.472241806320312207e+01,2.566498176536350684e+01,2.523552863540493263e+01,2.517306714348728747e+01
2.446437350387088827e+01,2.477764209976777465e+01,2.461228047615054493e+01,2.424050515225928848e+01,2.540768496454234082e+01,2.500112852797730056e+01,2.392824769130237428e+01,2.453209754498664097e+01,2.494587568810595712e+01,2.416946047789855356e+01,2.476762110786762605e+01,2.474187757930167209e+01,2.507389798187830365e+01,2.466841418122828600e+01,2.381402359893888843e+01,2.495317787294413847e+01,2.520514963759188731e+01,2.456846127037289307e+01,2.504685998854898799e+01,2.575803840942040779e+01,2.537822914084932791e+01,2.488714880003288954e+01,2.529803215973919350e+01,2.485441573427419826e+01
2.370994398181267115e+01,2.479801195288899862e+01,2.319117333669822756e+01,2.381352954961073465e+01,2.463075363024631770e+01,2.473398481922203018e+01,2.480086236463318983e+01,2.416627628367922398e+01,2.453350866848040823e+01,2.484594614230758225e+01,2.371317926997681980e+01,2.358231191077510402e+01,2.521548854960889230e+01,2.435636443916428107e+01,2.467070395734532440e+01,2.451670387166166165e+01,2.535051153045719730e+01,2.521781390592798289e+01,2.578878817415125013e+01,2.546928213282109255e+01,2.485667815778185741e+01,2.562972488541259963e+01,2.534412290296472747e+01,2.610673507179279795e+01
2.480042820702408335e+01,2.387093120709647565e+01,2.468723246472967503e+01,2.362686851102426999e+01,2.363167499206770117e+01,2.425231535547845851e+01,2.432496629766279739e+01,2.433095911126088140e+01,2.344319512464988975e+01,2.376928412369369426e+01,2.402855599102400674e+01,2.355832356667264094e+01,2.369694121669027709e+01,2.381740230247760337e+01,2.583076018676263175e+01,2.458925955158036913e+01,2.491850914682328266e+01,2.573396715597766615e+01,2.559950279618448121e+01,2.581076759478514759e+01,2.463668253834276811e+01,2.491874261897203269e+01,2.497511228872963329e+01,2.490591165647578009e+01
2.417872747123033150e+01,2.484026486486129670e+01,2.414090780966716920e+01,2.517480997205097992e+01,2.449706930381626080e+01,2.494088632547419593e+01,2.383165469247188639e+01,2.400261876908859904e+01,2.413399610478734303e+01,2.332000504021090137e+01,2.380797234814497187e+01,2.388483799930986606e+01,2.414275708950316357e+01,2.460678544020890968e+01,2.400191638654411008e+01,2.518905104837273257e+01,2.486426177252832304e+01,2.509634599535240795e+01,2.491446085279494582e+01,2.477903016002693448e+01,2.509599488258311339e+01,2.499284321229532679e+01,2.508634363873926532e+01,2.440558544805531938e+01
2.429679494214911983e+01,2.415621442414624198e+01,2.365658506676294337e+01,2.479028086381089224e+01,2.486972521917545009e+01,2.372836042797791833e+01,2.564667883779168278e+01,2.470654221823969010e+01,2.404702353049464136e+01,2.385439127626273148e+01,2.393088151614097114e+01,2.444007023489314179e+01,2.441058222552351253e+01,2.470919692959068925e+01,2.501849064942933865e+01,2.478875707633102365e+01,2.452480775868190221e+01,2.393302226700689062e+01,2.476667513616939686e+01,2.543493665186554153e+01,2.504749186399226346e+01,2.422752097898114698e+01,2.479479413706206969e+01,2.416832088614472696e+01
2.416819160832937996e+01,2.520512132221222146e+01,2.389872097479172908e+01,2.448255768007146571e+01,2.466956237967860943e+01,2.363392088391447032e+01,2.364579936759071188e+01,2.429964155829304673e+01,2.416323800550202350e+01,2.373378070912849580e+01,2.393781324707242675e+01,2.398797761957541752e+01,2.367503160338145562e+01,2.440904167909422995e+01,2.414818207296809760e+01,2.491296165174719590e+01,2.427756440401452664e+01,2.311560045618404047e+01,2.444418863493967820e+01,2.572311508785588785e+01,2.458481244883017780e+01,2.458057313309012670e+01,2.422162491558725606e+01,2.502631404985430663e+01
2.413115020313307468e+01,2.308820811864887901e+01,2.557485512505803626e+01,2.520155028674412279e+01,2.477751241260017423e+01,2.450751521177181758e+01,2.386760047540929008e+01,2.314627853780501709e+01,2.372638460329147847e+01,2.348410614129176111e+01,2.424839579839704129e+01,2.327444007075024501e+01,2.466750295999884202e+01,2.334097407920569367e+01,2.386212935328006779e+01,2.497244751047918498e+01,2.528649417540913191e+01,2.497497177309384142e+01,2.471743771914225363e+01,2.598877451177133935e+01,2.422688864752683457e+01,2.409495144068637273e+01,2.429925284076642811e+01,2.517993584624247205e+01
2.465748277247718079e+01,2.466768052033859249e+01,2.524911560988738302e+01,2.413198102369352682e+01,2.525038833866250343e+01,2.464991898359380684e+01,2.421834409356875994e+01,2.398870109226686509e+01,2.360172655102655881e+01,2.392004576904139412e+01,2.361752015832132656e+01,2.426506310881114814e+01,2.426972962812249079e+01,2.420925844771511493e+01,2.474511346550468716e+01,2.395160414618646882e+01,2.473609630595689168e+01,2.580218711695033562e+01,2.714774172187640033e+01,2.598601643540786199e+01,2.517964688111061378e+01,2.435785137101726150e+01,2.422909952588929627e+01,2.494582246259159319e+01
2.498831168030727667e+01,2.503749251778253893e+01,2.552349006655515495e+01,2.553046554513281308e+01,2.485612343477998820e+01,2.527246097618774456e+01,2.382179606880021083e+01,2.368150404134161136e+01,2.394015760136647941e+01,2.479712905681731172e+01,2.403114831971527110e+01,2.384900238335029599e+01,2.402848414688685352e+01,2.463658741193410151e+01,2.445064146125901061e+01,2.473397209791914975e+01,2.487332888240462125e+01,2.549103814995589801e+01,2.573190035270806675e+01,2.550647701031897441e+01,2.534037814170397951e+01,2.416391577675943836e+01,2.351942919433020052e+01,2.405953176182816833e+01
2.615541244088439043e+01,2.468758290492633023e+01,2.548298463019170867e+01,2.500409249416884450e+01,2.387435523131114223e+01,2.485803687318730226e+01,2.534658992257783439e+01,2.511826902626273750e+01,2.493961929210433937e+01,2.381405519801478476e+01,2.390080166324548827e+01,2.380019013703554265e+01,2.471317639470959193e+01,2.363793312553519854e+01,2.512013486066331325e+01,2.403806173158164938e+01,2.435126340752282204e+01,2.589769329839509737e+01,2.535462419202576712e+01,2.622725906659138673e+01,2.418958396927104104e+01,2.365469872348529634e+01,2.558772529527044526e+01,2.435035371327126086e+01
2.547098348421792480e+01,2.485039345881699546e+01,2.473042255684947577e+01,2.395993689932004145e+01,2.531213090170393798e+01,2.400072474463820527e+01,2.602532326993207334e+01,2.753797296675281814e+01,2.809269192343879240e+01,2.668837867745736503e+01,2.486443780128206527e+01,2.441646851437218402e+01,2.469483910919939262e+01,2.443691868799982103e+01,2.556221545115914751e+01,2.426034341132492500e+01,2.510918974476851417e+01,2.572316347347901910e+01,2.551070291150927005e+01,2.520898434439084212e+01,2.498601781624546447e+01,2.487500953075573307e+01,2.454313309689871403e+01,2.429249872877943517e+01
2.449560348271313615e+01,2.545462872386849540e+01,2.519264682103022324e+01,2.399160579656393111e+01,2.391545890533325291e+01,2.439042326234539360e+01,2.664616025645892705e+01,2.795145202166401077e+01,2.850844002569556324e+01,2.855635257106780500e+01,2.624249718180516311e+01,2.484695792689734617e+01,2.483849657400867272e+01,2.421261685620606841e+01,2.553916507086728416e+01,2.529945589427632058e+01,2.503185168675400973e+01,2.529884950279949862e+01,2.617008660690527222e+01,2.499987315834539459e+01,2.419450956159920452e+01,2.463848488604287468e+01,2.380200500774566308e+01,2.468725348880678894e+01
2.449456937319774852e+01,2.455369270607917542e+01,2.463409305301172481e+01,2.483663923289788045e+01,2.354898791637924660e+01,2.439849313905330064e+01,2.874992565062723315e+01,3.112677144002140039e+01,3.060845747852971499e+01,3.054449256935168933e+01,2.585802478880310673e+01,2.516403713241868445e+01,2.450234342104374718e+01,2.418059351517609912e+01,2.454253132723948738e+01,2.448841171855400489e+01,2.412460091176905053e+01,2.577686486359584705e+01,2.495755500676796146e+01,2.507409486090779183e+01,2.408717934617538958e+01,2.415877271664237469e+01,2.419317671273387305e+01,2.419011135939359747e+01
2.534930505410494561e+01,2.412654872786146143e+01,2.574611035961913785e+01,2.486379167003309476e+01,2.472224752711025531e+01,2.496568535124129085e+01,2.828622875795451819e+01,3.116035077944553677e+01,3.037533679788839436e+01,3.007525130094074939e+01,2.776184381721037653e+01,2.449464341282919122e+01,2.456650327343766094e+01,2.463643200195360805e+01,2.492316678560990795e+01,2.427817148225057053e+01,2.410522459555807018e+01,2.392470801490190979e+01,2.549489828103691025e+01,2.434861120929218714e+01,2.427126505324031314e+01,2.443372039032362864e+01,2.452428930594055601e+01,2.369106176179724343e+01
2.448837885221723809e+01,2.565572909654065370e+01,2.564765315614533847e+01,2.614467995447972726e+01,2.833683345352943661e+01,2.949338788925507515e+01,2.935090354675810431e+01,2.908759375195899111e+01,2.840027355536665254e+01,2.864413745227398067e+01,2.841826257964470415e+01,2.833129097535874052e+01,2.595281611223555274e+01,2.484287648838392215e+01,2.354921128669872132e+01,2.346682558786386608e+01,2.454312958030089931e+01,2.526965862077724978e+01,2.559664018220013304e+01,2.473531348758939430e+01,2.388355221915367110e+01,2.378584756074582174e+01,2.401650421472072594e+01,2.395350145861772262e+01
2.400832202286966321e+01,2.484182801182549838e+01,2.577964734693853188e+01,2.663482550431922391e+01,3.061311691563014392e+01,2.998270210368508515e+01,2.937298212027548061e+01,2.809866002090996062e+01,2.747125833580531662e+01,2.684658643947432211e+01,2.718755328803570137e+01,2.693177512027551757e+01,2.633443052571362841e+01,2.484324879383740381e+01,2.507249918045778259e+01,2.481365537637259422e+01,2.491697931811188482e+01,2.498317440262445643e+01,2.516000848582530125e+01,2.418188803611599269e+01,2.416584361507699441e+01,2.351213582912401989e+01,2.483497063191617826e+01,2.498410577930121690e+01
2.405448091031030344e+01,2.511888275479725507e+01,2.668529502079451277e+01,2.812669184112905896e+01,2.868709287657463847e+01,3.003164568849234684e+01,2.651187163734118712e+01,2.682104332317419448e+01,2.659720183704808960e+01,2.640461165437466207e+01,2.662008642269017855e+01,2.639167239778475960e+01,2.621545245335045138e+01,2.567931686732816843e+01,2.522558709637246466e+01,2.449040507491611152e+01,2.614079761142062353e+01,2.490353508289501860e+01,2.526097364099712195e+01,2.485883169818083616e+01,2.388081119177576284e+01,2.417245252675201073e+01,2.415486456484529754e+01,2.427238554669742143e+01
2.445239784717409748e+01,2.420100132750025068e+01,2.612575865902743999e+01,2.695760164007003823e+01,2.961011162737457880e+01,2.931611092056499501e+01,2.663379229528055703e+01,2.719227763561593747e+01,2.687138543541783520e+01,2.707092612069828874e+01,2.580970112857704635e+01,2.604845126804320898e+01,2.699687734264057326e+01,2.770129098679041135e+01,2.551024316532698322e+01,2.620526707278474987e+01,2.554862898007166905e+01,2.522994552248451328e+01,2.554614665830609965e+01,2.396264293785543487e+01,2.447663661180820327e+01,2.431204470742346757e+01,2.391537784824049595e+01,2.477100593344869139e+01
2.449700058133078073e+01,2.539276955187682461e+01,2.659378105575859763e+01,2.864845181093477322e+01,2.983498444709033492e+01,2.882209524608197171e+01,2.775183699741108967e+01,2.819265346537531514e+01,2.769803156890856144e+01,2.759416584636443304e+01,2.743635405276597794e+01,2.734259702944956416e+01,2.787411623464964805e+01,2.691914645645772453e+01,2.649635346690007509e+01,2.694740256132388367e+01,2.531686967927498699e+01,2.523992458429563612e+01,2.448992081665943488e+01,2.403264702821809351e+01,2.546204684653929462e+01,2.353076384091684758e+01,2.352800799051777858e+01,2.405531382015755071e+01
2.590544962740210622e+01,2.482811338899097109e+01,2.615104889314966385e+01,2.881435350631693382e+01,2.889356691107133202e+01,2.880044358403205251e+01,2.852709860174797996e+01,2.821494964745363632e+01,2.746616422570139093e+01,2.803112507555027832e+01,2.678573822380917591e+01,2.701837664178736986e+01,2.707539573318882731e+01,2.633014940819458616e+01,2.721812106764059536e+01,2.674932875912065811e+01,2.532236347081612848e+01,2.500046915025359340e+01,2.507215592920925928e+01,2.481592211843030782e+01,2.412200917738221051e+01,2.400419235096575221e+01,2.441660238274261019e+01,2.491700115158323570e+01
2.543656337032030024e+01,2.568529417110255508e+01,2.826337807561202453e+01,2.819575752911140398e+01,2.981768725022408262e+01,2.957171462439862353e+01,2.970591308752926807e+01,2.924525669659050209e+01,2.889491276333620817e+01,2.914627485849445065e+01,2.807842519405198800e+01,2.815979687309948076e+01,2.731073105668230028e+01,2.708679131734277235e+01,2.714572519688613284e+01,2.653617892893936414e+01,2.591956143146995828e+01,2.641004387493478589e+01,2.645331527687994821e+01,2.542667166319586158e+01,2.467327498440630507e+01,2.552444487577042764e+01,2.411886616225200441e+01,2.385850882898859027e+01
2.660545601033965113e+01,2.672478274383973940e+01,2.705148126797359964e+01,2.852715398978290295e+01,3.037032498971944960e+01,2.803055034831351122e+01,2.924077736206356803e+01,2.977882035330816279e+01,2.976081046331358948e+01,2.875076860739721951e+01,2.848055406191411976e+01,2.936087979441413154e+01,2.753647593727043841e+01,2.775704809380653160e+01,2.624072097139514881e+01,2.535852474129978873e+01,2.640908035109407592e+01,2.712241787150520622e+01,2.642819864876531710e+01,2.570100296979342147e+01,2.399542824585057588e+01,2.300168713174394952e+01,2.463128657352973505e+01,2.412754478982566297e+01
2.532455624831601426e+01,2.554021411467118696e+01,2.647688048600406319e+01,2.766421204863621597e+01,2.921801540053127155e+01,2.794398857612577558e+01,2.761164875396571006e+01,3.033961025241802645e+01,3.068764487401205088e+01,3.074238379397382914e+01,2.860588169923818214e+01,2.902084665842903632e+01,2.737476211211253485e+01,2.651739524196807452e+01,2.650622082555463521e+01,2.694338867222296585e+01,2.566394577064596660e+01,2.606883522735910219e+01,2.711986639146175548e+01,2.702515800258436229e+01,2.566190843044182657e+01,2.569062141637090235e+01,2.479727952099045751e+01,2.518575159865133628e+01
2.580832153385375705e+01,2.628065150681976547e+01,2.595625711625808663e+01,2.718217453789833371e+01,2.703647408611027458e+01,2.714357466945915576e+01,2.841190283871327438e+01,2.904251971519795461e+01,2.854167316101205643e+01,2.858108732697269261e+01,2.823369657229977747e+01,2.834235730293016786e+01,2.715558667387216474e+01,2.595342537541472439e+01,2.603972795244141025e+01,2.611952661320378866e+01,2.712988560414561334e+01,2.532029747200641623e+01,2.672317542013888669e+01,2.758063307054254665e+01,2.534878248343881069e+01,2.560879327818577167e+01,2.538590538702896993e+01,2.421228210614390264e+01
2.383538301623298139e+01,2.465121626873582272e+01,2.680115221266993331e+01,2.874441667464873262e+01,2.680121777498868596e+01,2.572142563396914738e+01,2.817270676664821849e+01,2.547360191598522761e+01,2.642320022973967752e+01,2.673623578155479663e+01,2.692063833752297342e+01,2.533851812280016702e+01,2.627088005186459441e+01,2.636391046872182642e+01,2.585033862960949591e+01,2.675228184146044441e+01,2.565685475166219476e+01,2.476354831391273592e+01,2.623551262664523165e+01,2.488273664998831691e+01,2.638188169039722197e+01,2.540666582115790106e+01,2.453664419065029278e+01,2.319682960889366541e+01
2.539780861072733842e+01,2.359770331234568630e+01,2.652575427024885357e+01,2.734434540966918803e+01,2.595655172305828273e+01,2.567488089771165960e+01,2.679084730982589235e+01,2.710194708253737872e+01,2.682183962398681842e+01,2.633420737827827907e+01,2.653541469992558177e+01,2.596353646083360900e+01,2.487641996361611518e+01,2.511726139320467155e+01,2.539767469489447649e+01,2.501327351637775109e+01,2.590972370443137152e+01,2.570614717188709619e+01,2.615219049311167510e+01,2.491716956396709293e+01,2.549227347374016972e+01,2.480345281086636078e+01,2.384797830887879400e+01,2.297912962146074278e+01
2.557099351308221458e+01,2.553602051069805157e+01,2.567027732436810084e+01,2.658653010977070608e+01,2.632306498229502267e+01,2.608540499226819520e+01,2.754492061791694368e+01,2.727677308308341253e+01,2.643662153598938858e+01,2.655988174700411264e+01,2.600304845336955850e+01,2.590943962238037557e+01,2.400222018171075433e+01,2.557375530321991164e+01,2.556438643679490497e+01,2.499382690064066992e+01,2.546370449740498998e+01,2.599479735300252514e+01,2.492171684582274338e+01,2.650828450679148318e+01,2.505291748796810225e+01,2.552931507128016619e+01,2.460053107825740426e+01,2.373709633732732982e+01
2.447498940954233149e+01,2.496868149466899922e+01,2.639241382016939497e+01,2.517149244512341966e+01,2.589086142578059935e+01,2.534195189643617141e+01,2.734847651159043380e+01,2.744499696064070804e+01,2.668400192151767669e+01,2.680945235062984011e+01,2.656489541741564153e+01,2.555260302166516340e+01,2.609959997432810042e+01,2.577013477626792337e+01,2.618044961159029071e+01,2.588057458781452169e+01,2.465613933471297514e+01,2.520544305763041848e+01,2.527845421491883826e+01,2.597944370359908817e+01,2.564026260790683409e+01,2.502805666364400849e+01,2.458567323351951472e+01,2.591549092960218559e+01
