2.361490139130745547e+01,2.216727886246815160e+01,2.372879475881893541e+01,2.285065967596153769e+01,2.308305435901985447e+01,2.222961554964780362e+01,2.373359388073112086e+01,2.306521906682462486e+01,2.356591849364338032e+01,2.292143979794127517e+01,2.318538874233217939e+01,2.277531020883645851e+01,2.300961460470955444e+01,2.285158321309762641e+01,2.352960857893538105e+01,2.306083100209076520e+01,2.453927743598688949e+01,2.388070151083189785e+01,2.335216538880462167e+01,2.496321134804333042e+01,2.474700542253611957e+01,2.500468136219058124e+01,2.520662213076604985e+01,2.575450362804633642e+01
2.261006395995548246e+01,2.379484934209762059e+01,2.432525655959051392e+01,2.329706495320010617e+01,2.412810584626191712e+01,2.337592690919001370e+01,2.334923204555104803e+01,2.312312209820566977e+01,2.208689191673244068e+01,2.373911666314262447e+01,2.157176239171070620e+01,2.382440270285860606e+01,2.421258531511085721e+01,2.348148788405171672e+01,2.235159963607179634e+01,2.367511148358630635e+01,2.376814795287361903e+01,2.372257318284619032e+01,2.188411968111728356e+01,2.273739018359077591e+01,2.430604271041545417e+01,2.476007009216027654e+01,2.330276138096849081e+01,2.359357722070961927e+01
2.290244785703572461e+01,2.406607441820892745e+01,2.438462470909655622e+01,2.396502481867679535e+01,2.461446492953058396e+01,2.375692315679867761e+01,2.315160020673164354e+01,2.303213544447959293e+01,2.401860672244225725e+01,2.274826267879052466e+01,2.406316630145494173e+01,2.489668924499164859e+01,2.309276288001120747e+01,2.350597719872826019e+01,2.233031573918032109e+01,2.314595991927416208e+01,2.271078888680693808e+01,2.310038993980992927e+01,2.288296197406947385e+01,2.324215370869774233e+01,2.294849917473578671e+01,2.516066136633088490e+01,2.347279555298587184e+01,2.374962125394540635e+01
2.457305673249277334e+01,2.562924030272472464e+01,2.476228738823300546e+01,2.436042888848027133e+01,2.344459417467072626e+01,2.439232415683318322e+01,2.445057748535782594e+01,2.407429463633826572e+01,2.431572976021931254e+01,2.434771879895464508e+01,2.512326427064408563e+01,2.408217763998089822e+01,2.323480813937061384e+01,2.306295135051090028e+01,2.435981192858827171e+01,2.352593056086345769e+01,2.431439689739528376e+01,2.330061943808908609e+01,2.434575684718646471e+01,2.391639717727656489e+01,2.348459009933890229e+01,2.366894779761690870e+01,2.402367649580696707e+01,2.431020958401200005e+01
2.388939562675398065e+01,2.213907551297381815e+01,2.419179332902507440e+01,2.540546764757641540e+01,2.429331270860609493e+01,2.331804108496140771e+01,2.479133143976315523e+01,2.522273430153529716e+01,2.457215634023634721e+01,2.364907325203148503e+01,2.379834981414427375e+01,2.382838204404328053e+01,2.448689672926883532e+01,2.393843025308149208e+01,2.379878406288003134e+01,2.287586639667802046e+01,2.286703907673052072e+01,2.326514614525848401e+01,2.349618572512463288e+01,2.326794088926033055e+01,2.362557094967985449e+01,2.256163806814788586e+01,2.267011051802012389e+01,2.359380718249428810e+01
2.417436893662699049e+01,2.395470914953205011e+01,2.507643591750166934e+01,2.531584308975322983e+01,2.483211533215978761e+01,2.401275166842930275e+01,2.353133900105024168e+01,2.382009142941814162e+01,2.442970928923159590e+01,2.348444224054026108e+01,2.506798065460543512e+01,2.373618273430889758e+01,2.391878244522746400e+01,2.336760692969494357e+01,2.355499565911213722e+01,2.372248391009640045e+01,2.289065313015458969e+01,2.404252193712198959e+01,2.232773711976824416e+01,2.311941635693642638e+01,2.336953041942609843e+01,2.245610549580214865e+01,2.279485026684221793e+01,2.260862631545847989e+01
2.533520557609170964e+01,2.516004930967176279e+01,2.487341324368321693e+01,2.451614223847172980e+01,2.559024464242804697e+01,2.522168497089535322e+01,2.492933297870649767e+01,2.593112834113031795e+01,2.475511460673209285e+01,2.456037394017204178e+01,2.508456702754540402e+01,2.468090995032650881e+01,2.456240122321537456e+01,2.473546396723895668e+01,2.483184266813748309e+01,2.439440333332964883e+01,2.449507205098512941e+01,2.482160999819024028e+01,2.424220717566396388e+01,2.510293282751149491e+01,2.445536604146809623e+01,2.559161550162133381e+01,2.384328622443342738e+01,2.448002471554258364e+01
2.543295403764989260e+01,2.483002271952204865e+01,2.441216549297081428e+01,2.551500645177833348e+01,2.464508759341265431e+01,2.593372287483049377e+01,2.565827416422439455e+01,2.456024384548135231e+01,2.565680781205594485e+01,2.531313481239112662e+01,2.580767682924226847e+01,2.452944869990460575e+01,2.541701090268571761e+01,2.488410467418344751e+01,2.527040769609220661e+01,2.527794996407288863e+01,2.448860432682931787e+01,2.410016557705239393e+01,2.380563374266944265e+01,2.454562837318263746e+01,2.554713794734999510e+01,2.556298767935800242e+01,2.443521800306518799e+01,2.509942603184299514e+01
2.447721794459545208e+01,2.374215518262570868e+01,2.372872301395238992e+01,2.408665042089359076e+01,2.447001466652830004e+01,2.489555393163789176e+01,2.502971685185497108e+01,2.468853428239475534e+01,2.467992056333361006e+01,2.523765815603206875e+01,2.468393859627320808e+01,2.416324108145613536e+01,2.530505215605069225e+01,2.459450911998993661e+01,2.540946184332028679e+01,2.522015701590134995e+01,2.526339669984514558e+01,2.524696357117659318e+01,2.536462683655764749e+01,2.410673667089145056e+01,2.589907114745903982e+01,2.496155430140873932e+01,2.442353178042048967e+01,2.444989569211298885e+01
2.507015277786575780e+01,2.450117902685298077e+01,2.343909234024732768e+01,2.471331849872643716e+01,2.469605336782603899e+01,2.321057513141329309e+01,2.454224917449482746e+01,2.474449849857830941e+01,2.483104781593328880e+01,2.539713667224503979e+01,2.528144946383787328e+01,2.544128338992726412e+01,2.528318861320548194e+01,2.424134395910095918e+01,2.421248095424289204e+01,2.457340210391674873e+01,2.417699745086673602e+01,2.384535065455804670e+01,2.437692376610141309e+01,2.524821338172688456e+01,2.492827087334063663e+01,2.525034613389175320e+01,2.446544719342131202e+01,2.367457011476960815e+01
2.405314818284261946e+01,2.431747630258792015e+01,2.422993218536794302e+01,2.489682581787059235e+01,2.455616245999789271e+01,2.416356860837868226e+01,2.516913178640709248e+01,2.518751929847445581e+01,2.501883566194663899e+01,2.569901354122004022e+01,2.565895615580427602e+01,2.561357918636980457e+01,2.519039086252968218e+01,2.565517013554688219e+01,2.524008273876250996e+01,2.467977745256746402e+01,2.496109332072262532e+01,2.523763424090736862e+01,2.545515417414782178e+01,2.556145313985712164e+01,2.578407532684866510e+01,2.590962521326275692e+01,2.503184583662755358e+01,2.597785471201569862e+01
2.486060592415111614e+01,2.494264386250733878e+01,2.496960037580566905e+01,2.412376143827526676e+01,2.508871568251845474e+01,2.532203515549275608e+01,2.510525153870611348e+01,2.567882645622154314e+01,2.459617828349229285e+01,2.586096076125227228e+01,2.507657551707154653e+01,2.460410713309119046e+01,2.601148761091900496e+01,2.570869104088359336e+01,2.548173686936132754e+01,2.497554814380566768e+01,2.479101269852009182e+01,2.494390744104407531e+01,2.496040492086945051e+01,2.549395037283846932e+01,2.600009216915958632e+01,2.636888652496310215e+01,2.499948672659837712e+01,2.507792633825516759e+01
2.384022091528464671e+01,2.394178568935791418e+01,2.397793310778979503e+01,2.441411172234677451e+01,2.422535649166189842e+01,2.430947975039418907e+01,2.420936813270554921e+01,2.529778243168522067e+01,2.568126911324196726e+01,2.414407306790741359e+01,2.437134248549870108e+01,2.421538317293925502e+01,2.380553096903736332e+01,2.378247512967652710e+01,2.490881352877454447e+01,2.488669790234433776e+01,2.433273139831857179e+01,2.431302888326308675e+01,2.521950479936367628e+01,2.468644533401783292e+01,2.486195478193138797e+01,2.517210773856766082e+01,2.435690867488779077e+01,2.365468176351549801e+01
2.327785593048724877e+01,2.353588033228606946e+01,2.361923111480905391e+01,2.420065772680521832e+01,2.439311396962904155e+01,2.439458412017575029e+01,2.384850795254470768e+01,2.444243730576357621e+01,2.429369307202597383e+01,2.431289146565808323e+01,2.497441228319445372e+01,2.361696512115275937e+01,2.403385960898327767e+01,2.407350566883928877e+01,2.394794999766594401e+01,2.399136091741002019e+01,2.437626172396977609e+01,2.383618795414912483e+01,2.521047766259835043e+01,2.416970841936716852e+01,2.446252959041885333e+01,2.371265979770907961e+01,2.481944349424662732e+01,2.408918376905739933e+01
2.412851434483911817e+01,2.457509113845833326e+01,2.375920068885847058e+01,2.548541865835409226e+01,2.448810574579209742e+01,2.467644671855680372e+01,2.483507112715102494e+01,2.466797632527851647e+01,2.555102090639991275e+01,2.536939081791854278e+01,2.483247314381600290e+01,2.477526864822380048e+01,2.432563687320060808e+01,2.495961314416445020e+01,2.518943858961040405e+01,2.428380522182521872e+01,2.407090489339384476e+01,2.524576115138614796e+01,2.448327734331331840e+01,2.528575465500739483e+01,2.486204917250427116e+01,2.499400491011107306e+01,2.465878318701311400e+01,2.465909795229009660e+01
2.363803192106934148e+01,2.450471620545937412e+01,2.352535350670490288e+01,2.432109125058087784e+01,2.370290689764732406e+01,2.516976053833531068e+01,2.393760077147936727e+01,2.504614334232491046e+01,2.466019955268865260e+01,2.501946138151691912e+01,2.441465353708986186e+01,2.513058480277732087e+01,2.383206948448332696e+01,2.466111195691894409e+01,2.486509525933780651e+01,2.506420101507660547e+01,2.421421274897545572e+01,2.492831256166550702e+01,2.450293215419787884e+01,2.533595951571663818e+01,2.447310317955282244e+01,2.555335399547664110e+01,2.527800538860407187e+01,2.516356525700842894e+01
2.372796952336921095e+01,2.305270567163302076e+01,2.421450879642679865e+01,2.408090857751807334e+01,2.377700005738915934e+01,2.395022754105605145e+01,2.396710615688130019e+01,2.480835819328473235e+01,2.442326561310363786e+01,2.409267225805348289e+01,2.481208855928372259e+01,2.431752299537544104e+01,2.361106092861996331e+01,2.331590057027563034e+01,2.398264890214500156e+01,2.329383597275432294e+01,2.393367226328768993e+01,2.408430296477501997e+01,2.305466126635741375e+01,2.424322049465416740e+01,2.376117354295990935e+01,2.476295061307939704e+01,2.354403714797950897e+01,2.484508207653294676e+01
2.465721064857120837e+01,2.354565099700045039e+01,2.349889506727572552e+01,2.331419789764413508e+01,2.394744466849755327e+01,2.305550989983373711e+01,2.357173249268566906e+01,2.399434494231314829e+01,2.442664747958616545e+01,2.394650387506317202e+01,2.325550771565042396e+01,2.394650387506317202e+01,2.355190178984884142e+01,2.390781141217547656e+01,2.356957567405754617e+01,2.321846582153546024e+01,2.343575053312440559e+01,2.390023921592836587e+01,2.416395972168919570e+01,2.416970841936716852e+01,2.487891874506402701e+01,2.394641931659265310e+01,2.502440299907198096e+01,2.469579805718382204e+01
2.334219293521431382e+01,2.360249434539946378e+01,2.352586785960374982e+01,2.430201384225165384e+01,2.447605875666437214e+01,2.431673010401038937e+01,2.363925445336860776e+01,2.452047861421453945e+01,2.463744015843809620e+01,2.392877330653038825e+01,2.466483258256334921e+01,2.378933592250865559e+01,2.389919292389203065e+01,2.434527809319803282e+01,2.300841627901678521e+01,2.432874903314473158e+01,2.350582407589683953e+01,2.446715378348500280e+01,2.369096112873586435e+01,2.428462948354143691e+01,2.322817021051241682e+01,2.552433025987591009e+01,2.394087074561173267e+01,2.523413707433769559e+01
2.479222857285719783e+01,2.428722383255598061e+01,2.410921479072851525e+01,2.471869730518557162e+01,2.520677900540249539e+01,2.415966080394571236e+01,2.426805263747758090e+01,2.431856541034932206e+01,2.444194791445124793e+01,2.427879556067728117e+01,2.431862828376046082e+01,2.504530112544546228e+01,2.432531376244764942e+01,2.380098885757911376e+01,2.475451010936887997e+01,2.375839965528547282e+01,2.428094022716072686e+01,2.480489215961188165e+01,2.401243106577402386e+01,2.490340058995928985e+01,2.551412675875576497e+01,2.481396188222129240e+01,2.595656923984506648e+01,2.510452451407905983e+01
2.392106372947898763e+01,2.342806631482795865e+01,2.362420954710762544e+01,2.291509110776132729e+01,2.463243227436333882e+01,2.339614448488748621e+01,2.371284529503049043e+01,2.390639903178720260e+01,2.384747522276336440e+01,2.404442395521488152e+01,2.438200397416056830e+01,2.351435248668173017e+01,2.347972008255050014e+01,2.416287677777182807e+01,2.434782403990129751e+01,2.330545248353098486e+01,2.458640647478404162e+01,2.372100373680774510e+01,2.405388045707331912e+01,2.403257372491594879e+01,2.608885489528364587e+01,2.553055575445358727e+01,2.500999322489002452e+01,2.332503764226817111e+01
2.359227397205427224e+01,2.203929960581609748e+01,2.369157080408746197e+01,2.279129691267041835e+01,2.362921069097092186e+01,2.293813802036362404e+01,2.407376692714103683e+01,2.318444860181841705e+01,2.432457585313886739e+01,2.343313616005264066e+01,2.379323468338242265e+01,2.347268174384879558e+01,2.325580933001651829e+01,2.446641693138548135e+01,2.365484056201984231e+01,2.345701271963991985e+01,2.352225551599866549e+01,2.436123653664992617e+01,2.473941034232296943e+01,2.504630318115459886e+01,2.565699513714469049e+01,2.402094587754686472e+01,2.522695021381622382e+01,2.452684243088668836e+01
2.379638466374768768e+01,2.434290835785674290e+01,2.427141139845622320e+01,2.411812278420097755e+01,2.328226447276853150e+01,2.441631644516718325e+01,2.419821547310675669e+01,2.363324795585668880e+01,2.382643653767502201e+01,2.451885714869490585e+01,2.377399857962637952e+01,2.393059401530695141e+01,2.337923330075113881e+01,2.369701487085859526e+01,2.425262899337110412e+01,2.423732687421949095e+01,2.340398435642646291e+01,2.463424953808004148e+01,2.439032477864827797e+01,2.562113019880138154e+01,2.665396538020911521e+01,2.825629427026774465e+01,2.873754931673357760e+01,3.003519584389886177e+01
2.380547080481852618e+01,2.411757704143241199e+01,2.489569015668956808e+01,2.457069151202091462e+01,2.404487949104930067e+01,2.391187922866595272e+01,2.338450588968663624e+01,2.487449529043010443e+01,2.474667379689014979e+01,2.474536874018906474e+01,2.423579007424297060e+01,2.406996412438070365e+01,2.452153625527586200e+01,2.459914371583556658e+01,2.486236918028976106e+01,2.416163304306968485e+01,2.418883902878451408e+01,2.308365653544734641e+01,2.593043527273198379e+01,2.524206280963079507e+01,2.779884327593549642e+01,2.995576366163300008e+01,3.009551416640596244e+01,3.051098149616206001e+01
2.323816808456854233e+01,2.421031361112284230e+01,2.370570239614932007e+01,2.376364013685565624e+01,2.343286252108657663e+01,2.403798772648173099e+01,2.468792234115312567e+01,2.503917486891708677e+01,2.374123879870165865e+01,2.371698907350895524e+01,2.366685262675457579e+01,2.382275019254410608e+01,2.382147671882336226e+01,2.364164252707763580e+01,2.311513182114111942e+01,2.362015899434913990e+01,2.436478325922325894e+01,2.419158131198287265e+01,2.435698948164809963e+01,2.664560440880745773e+01,3.021929620253337134e+01,3.091966666562228738e+01,3.124571788653554449e+01,3.128033599503004325e+01
2.339835583583021617e+01,2.347704763505009851e+01,2.352748574060757392e+01,2.318802544688060152e+01,2.437839426160059020e+01,2.422923934863354134e+01,2.464965622624458774e+01,2.387322832228443303e+01,2.336727268284414549e+01,2.321344399802302405e+01,2.413628413702684838e+01,2.356470824709850831e+01,2.407275375955805430e+01,2.314772010315198258e+01,2.348354645741773084e+01,2.344603462230759305e+01,2.419545898027587327e+01,2.379195672823618679e+01,2.512188105880579769e+01,2.653376704262228714e+01,2.921707789900256103e+01,2.989340130840366783e+01,3.005374550084297880e+01,3.009098189358695663e+01
2.307800502368672824e+01,2.589634315136942178e+01,2.364229927826511357e+01,2.433544786500129931e+01,2.408648543661684016e+01,2.471063693213767465e+01,2.490808589183899358e+01,2.451658846697716854e+01,2.405851135918658201e+01,2.461206612260207294e+01,2.392167131990811413e+01,2.406209458057645634e+01,2.342484473072948958e+01,2.467463786523029512e+01,2.384019229805062423e+01,2.416888734968750896e+01,2.449341345647587787e+01,2.497277142672317041e+01,2.577900416594513899e+01,2.880084748215040236e+01,3.052631918712984316e+01,3.105173614155489759e+01,3.165629110723278927e+01,3.116231305509842286e+01
2.557954734785619166e+01,2.451012327977031191e+01,2.452121539286270036e+01,2.479285722178002516e+01,2.393870441678410543e+01,2.460253991689796749e+01,2.400881245198462466e+01,2.403584631000433092e+01,2.383529718748172854e+01,2.421750313289606993e+01,2.470297801132215909e+01,2.419375869255458156e+01,2.455764329861079887e+01,2.420949191773752318e+01,2.418313837325587201e+01,2.361819550725005001e+01,2.528479671588115707e+01,2.471513134691156210e+01,2.720180479821652852e+01,2.816051255838681300e+01,3.136919889456788724e+01,3.175561373063669635e+01,3.158579384763800135e+01,3.164004137616689150e+01
2.401859688903130063e+01,2.343988592554330808e+01,2.390467287476565161e+01,2.332082199528275623e+01,2.441992805404601086e+01,2.404574214336855675e+01,2.458284282016091993e+01,2.337300316236758135e+01,2.447607241801415512e+01,2.387659395004197904e+01,2.421792015771507067e+01,2.461981244285260573e+01,2.510378823715370800e+01,2.372384315585571812e+01,2.509403706917220234e+01,2.428899012119211420e+01,2.390721660242439839e+01,2.521240529013425657e+01,2.646956478487436470e+01,2.718249784609480457e+01,2.770308907843462976e+01,2.764809225056006881e+01,2.624696299028965996e+01,2.608207037167244380e+01
2.371478797556807194e+01,2.277741856837030809e+01,2.370658357478396283e+01,2.446372362953667334e+01,2.340347817878114256e+01,2.303875173578074964e+01,2.471873757943455985e+01,2.290612100339848212e+01,2.496372567283287935e+01,2.420125078227090398e+01,2.367369528446215554e+01,2.441976112946338162e+01,2.495084059818799460e+01,2.356645976480706395e+01,2.450453654206199872e+01,2.444953141447592770e+01,2.342976190539826575e+01,2.475982122683518583e+01,2.569222139404024574e+01,2.521019806522741646e+01,2.612279566781091944e+01,2.601787530777352231e+01,2.590963695531536359e+01,2.609016208314136520e+01
2.265772485521210911e+01,2.493594532109898410e+01,2.261251268059737640e+01,2.468912904116820073e+01,2.383975181407868149e+01,2.371791424332189990e+01,2.423618530041960639e+01,2.561718158519869348e+01,2.510552214891174572e+01,2.510828018330710165e+01,2.403711416726304151e+01,2.381453427836623860e+01,2.433480113258059419e+01,2.514658227417481839e+01,2.464877530798008820e+01,2.501972166302488176e+01,2.520360266452092901e+01,2.603150457298875153e+01,2.663513197217304196e+01,2.658064710335997916e+01,2.667644569146762024e+01,2.614548608764789606e+01,2.688317930470890360e+01,2.689299787348602422e+01
2.364068754941490624e+01,2.450870768074639727e+01,2.500250110162920691e+01,2.510864250045665358e+01,2.518094003706949024e+01,2.426858098191479485e+01,2.524641164578127928e+01,2.413796913000214772e+01,2.414844253289516018e+01,2.504854313584019110e+01,2.490598131513570479e+01,2.486932258992550260e+01,2.548743772213794045e+01,2.526764108785965846e+01,2.537598938677689375e+01,2.560560778725476894e+01,2.557498957075819135e+01,2.622236155409723324e+01,2.583756364239980030e+01,2.731544101313454576e+01,2.651498951512331814e+01,2.648964808531053450e+01,2.535303807934718634e+01,2.679606802382363639e+01
