2.873033222148882260e+01,3.058514318122632858e+01,2.980459638162477631e+01,3.094923840129780501e+01,2.822506663020715223e+01,3.030618211438769549e+01,2.871754970081735792e+01,3.011531554238547415e+01,2.931010018026256603e+01,2.913424590606592801e+01,2.920468443220022436e+01,2.966459482207289966e+01,3.012374556210534138e+01,2.975555906919367999e+01,2.889925605248248530e+01,2.930508295892190063e+01,2.962790752813344852e+01,2.986860073733339505e+01,2.961403726688229199e+01,2.933876117747303169e+01,2.949792007475815581e+01,3.024554151659617673e+01,3.038489483254733159e+01,3.043148904454108106e+01
2.934741685517155929e+01,2.979983645209625820e+01,2.928293437813698574e+01,2.838644811258177469e+01,2.965939899887871434e+01,2.901695396437526142e+01,2.966801768963591712e+01,2.974673129773191249e+01,2.894497367874907923e+01,2.906266978970575110e+01,2.929583359194901959e+01,2.985364066058224353e+01,2.976434589372308892e+01,2.928271712487156719e+01,3.007489559757578945e+01,2.908402426478846792e+01,3.080004769152498056e+01,2.996664090632725674e+01,2.965577965197746835e+01,2.945243940023271989e+01,2.996428271403618737e+01,2.962616215666696462e+01,2.917647639268994908e+01,2.987830490830879171e+01
2.895746542695690096e+01,2.847160196932674125e+01,2.899349967112891591e+01,2.970933845125659900e+01,2.753393400473163410e+01,2.981618992776390087e+01,2.803616183526293071e+01,2.984599324078192240e+01,2.894130629184758163e+01,2.957915096430429003e+01,2.866668401380496789e+01,2.984888983443920552e+01,2.835548399428444100e+01,2.992751330041159008e+01,2.803813312677056047e+01,2.918499024361881311e+01,2.900129649458784797e+01,2.931708782567000071e+01,2.790042018649990041e+01,3.008476710327300907e+01,2.942552934978039048e+01,2.980400998256573075e+01,2.758946663907778429e+01,2.996616551093967473e+01
2.822725811735227808e+01,2.775259050567126451e+01,2.957784847777332971e+01,2.913702657691021614e+01,2.973995985413819199e+01,2.877285254493148159e+01,2.967905476192288461e+01,2.945988621461179946e+01,2.941637814873075740e+01,2.958141995480849573e+01,2.907787406828776966e+01,2.834684489266822993e+01,2.888115035015374588e+01,2.899884716455562739e+01,2.915681719354915913e+01,2.923049315821037908e+01,2.990700043591368740e+01,2.985795649949170638e+01,2.927963134337710471e+01,3.024218344195048758e+01,2.902011882162264556e+01,2.825831564946116714e+01,2.811913221647608907e+01,2.926425945217027902e+01
2.881814961446565349e+01,2.944668913794521359e+01,2.881551858829078583e+01,2.897004031892009834e+01,3.006569974637517362e+01,2.932626264691361939e+01,2.889549750641316450e+01,2.933338219001228708e+01,2.911501040889004344e+01,2.880911306918659420e+01,2.876280023754321746e+01,2.862457020406463926e+01,2.909033470917194109e+01,2.914908101710989285e+01,2.935243946227780043e+01,2.944716251784848282e+01,2.882827756187037949e+01,3.019505357941744705e+01,2.903369999916077404e+01,3.020721817122750963e+01,2.911178563387306895e+01,2.994085633464754892e+01,2.960304366570466073e+01,2.993413654102829469e+01
3.045739085380245115e+01,2.872500738399583042e+01,2.966097706480849183e+01,2.871570806481059890e+01,2.915971565295478740e+01,2.924094185600660012e+01,2.993985013367426973e+01,2.873600343843668270e+01,2.930781825924816530e+01,2.943236061109149659e+01,2.834563105391242743e+01,2.801114589351800532e+01,2.907134805666498778e+01,2.917094316589077607e+01,2.874594124479017410e+01,2.820707928812248610e+01,2.902524378076594758e+01,2.891185613856623604e+01,2.981123800179886985e+01,2.971190772933823609e+01,2.965802330865381009e+01,2.862248714208516276e+01,2.925575327377725898e+01,2.963724510035581261e+01
2.941367734557081803e+01,2.942406675648612691e+01,2.871676224465261384e+01,2.959515876483823149e+01,2.896673914053627641e+01,2.998045341327195956e+01,2.907355664321136146e+01,2.913291483480929855e+01,2.825484381767790865e+01,3.008210966358433325e+01,2.902406140807448764e+01,2.877423662477963262e+01,2.870444157144697783e+01,2.957568243808168518e+01,2.936601637361303574e+01,2.961040359866285598e+01,2.823737321019558522e+01,2.925974887591246443e+01,2.926877415043219344e+01,3.005760920421062110e+01,2.904929090605810416e+01,2.939606419213492927e+01,2.892188853857834374e+01,2.996703241718529398e+01
2.951209963532579650e+01,2.863719216747193741e+01,2.968830785075800804e+01,2.778553212982711784e+01,2.921437420688704378e+01,2.795938805121312498e+01,2.899669400817964515e+01,2.918205802821751149e+01,2.837469361318903793e+01,2.871039128827970899e+01,2.865244054992041356e+01,2.854406599872197603e+01,2.931611738058427363e+01,2.907068392737716067e+01,2.866442491772011181e+01,2.857221626276663073e+01,2.859339501626823221e+01,2.900575048333331551e+01,2.861555126121982084e+01,2.925624461110868424e+01,2.875495138493573677e+01,2.945639413180498423e+01,3.005809546673418708e+01,2.965897538945228007e+01
2.769845653838137878e+01,2.911958475143791247e+01,2.879870590051558565e+01,2.979855019572033825e+01,2.906760560562844375e+01,3.062624924815094118e+01,2.894544306322160310e+01,2.919287680511558847e+01,2.904846043580374726e+01,2.856710185299175464e+01,2.824658107153362607e+01,2.863971070423696119e+01,2.959877236450518012e+01,2.926997964192315749e+01,3.001714360106637969e+01,2.899239464695182278e+01,2.919278559878983970e+01,2.989795583826969505e+01,2.907603346886116924e+01,2.910749421280195293e+01,3.076451470100181496e+01,2.933028268888631374e+01,2.939208028742189072e+01,2.985663019170414145e+01
2.952616116350577613e+01,3.009563693457016598e+01,2.845140232036209227e+01,2.786157804977818842e+01,2.965405861391337794e+01,2.953681250988768170e+01,2.974877459989556883e+01,2.892847438456942655e+01,2.917932601040860163e+01,2.946960029374031365e+01,3.001108222382350732e+01,2.916707730194389114e+01,2.957297062672625998e+01,2.891320116434116017e+01,2.901468655110267036e+01,2.909174015721509932e+01,2.948415194118751970e+01,2.853602138445853598e+01,3.071563429628650965e+01,2.967973362034103957e+01,2.980395806836787642e+01,2.906251981972320664e+01,2.888164450766038271e+01,2.947934927734917210e+01
2.800929037856889181e+01,2.865486635648346692e+01,2.833670213221557788e+01,2.882600766243439239e+01,2.899436636860633598e+01,2.928923321208418429e+01,2.921518360193641684e+01,2.925007198425657862e+01,2.785143228248387004e+01,2.992244209473039973e+01,2.909635270391714812e+01,2.936955284777280895e+01,2.882910210357982805e+01,2.926366377770165172e+01,2.974804887283937660e+01,2.899984029887667702e+01,2.891456623724815245e+01,2.897474287113328728e+01,2.921551253236305001e+01,2.927779446096900529e+01,2.942604242183114138e+01,2.986744432449529540e+01,2.949776570337246540e+01,2.988610863481693514e+01
2.835681982954685054e+01,2.958748339505200420e+01,2.958046264560186955e+01,2.797153333656183349e+01,2.947012822062282567e+01,2.963864406013567532e+01,2.974898918719247831e+01,2.865038836193622274e+01,2.966934651319581917e+01,2.791618111536689639e+01,2.899236296497718968e+01,2.896419038347727337e+01,2.929377496013131577e+01,2.925731793074567122e+01,2.893419565337319455e+01,2.883480051807060818e+01,2.943637096962845590e+01,2.963514417312114801e+01,2.936126842530023850e+01,2.945357795462416561e+01,2.985450556509476883e+01,2.943773862728295398e+01,2.889195446394325018e+01,2.947188366012863980e+01
2.795339554637018864e+01,2.848979072846861982e+01,2.933712191995402918e+01,2.923497868206987960e+01,2.872991481448212880e+01,2.888101567675101933e+01,2.899950622568394465e+01,2.979174958796210149e+01,2.981607475843043176e+01,2.985917838472374797e+01,2.922630040359962322e+01,3.010833497858806140e+01,2.924093354676381296e+01,2.824355885241777742e+01,2.849704020660334436e+01,3.015098147429449682e+01,2.941572235303323168e+01,2.857460365119840162e+01,2.954942269856678649e+01,2.956937770244604735e+01,2.999483982311909358e+01,2.874183968959215463e+01,2.964136862485764823e+01,3.027233120817948020e+01
2.991147304974271037e+01,2.923553296827145687e+01,2.972232200737624908e+01,2.959766281398418641e+01,2.943376238141462409e+01,2.894358711097021342e+01,2.912315880808046131e+01,2.839652623231808093e+01,2.878184506002696708e+01,2.900747027854748694e+01,2.911418338385675497e+01,2.969063731780374837e+01,2.894110796117030304e+01,2.968797398251200548e+01,3.014802270516219096e+01,2.942981846629720621e+01,2.958553546334803741e+01,2.974914987298848246e+01,2.989915336579247196e+01,2.974161870010846087e+01,3.012320257848233496e+01,2.906894368351970570e+01,3.079150358037594515e+01,2.850590863252796225e+01
2.879339162663126217e+01,2.900879650078030636e+01,2.871941025088892729e+01,2.894028412126851890e+01,2.903488265618796049e+01,2.884886270737479208e+01,2.889449122504606748e+01,2.977448669853970387e+01,2.901561093186307971e+01,2.951819325527497995e+01,2.938476666437401263e+01,2.996104996783219576e+01,2.888544661144919701e+01,3.031072539891118822e+01,2.924725847401083456e+01,2.965075287233946710e+01,2.928300140060503054e+01,2.977422565435369961e+01,2.931988309209833687e+01,2.939002379373425811e+01,2.861129819793137585e+01,2.995169216295641945e+01,2.828771702458067239e+01,2.976242422400093801e+01
2.924343737916126429e+01,2.862584044081074808e+01,2.884782504231384337e+01,2.841295485821405009e+01,2.910171398254408359e+01,2.920161016429170786e+01,2.886412210730179595e+01,2.903067313789512127e+01,2.813661796534779569e+01,2.890213508461687297e+01,2.909018445284237941e+01,2.922802318188627169e+01,2.857088976405350422e+01,2.877581094389864802e+01,2.861392659865111909e+01,3.003912487297139933e+01,2.921596791129167059e+01,2.917535706247139160e+01,2.967963837059107846e+01,2.919660603882550731e+01,2.994064146603989229e+01,2.954013068477723891e+01,2.939677007331340519e+01,2.959043140395004912e+01
2.944951317326507478e+01,2.937894555178633027e+01,2.978511327277993814e+01,2.930574934536974752e+01,2.909665297003147089e+01,2.891238720360593106e+01,2.864127223251779242e+01,2.946784521946932500e+01,2.878878423290700539e+01,2.899821257624853388e+01,2.952353379185029780e+01,2.890538174659798187e+01,2.937066650695481940e+01,2.830607116610553931e+01,2.892681048187375836e+01,2.974620458795305922e+01,2.934344258813467832e+01,2.969079234252404831e+01,2.947447299008717891e+01,2.999340771596627064e+01,2.949363444987693583e+01,2.961427920425774118e+01,2.974986007120020304e+01,2.984916505136516207e+01
2.992839780165235197e+01,2.832964288716163992e+01,2.977676860075956711e+01,2.870373608538352528e+01,3.008367931026452879e+01,2.871706567891175155e+01,2.888807857899070086e+01,2.939610800262022394e+01,2.864899085324435646e+01,2.904544845112332041e+01,2.848062466565090745e+01,2.854940159530138999e+01,2.929023518561928086e+01,2.968797398251200548e+01,2.966339516712923796e+01,2.966515712387911208e+01,2.984854557357425620e+01,2.932370565197334145e+01,2.900854612397887422e+01,2.940616840342926253e+01,2.985940540685760425e+01,2.948360054931009699e+01,2.973114801149955611e+01,2.948214115736448093e+01
2.822534200265550908e+01,2.903010981755261355e+01,2.906937068458961448e+01,3.033406180435969191e+01,2.864074178727241815e+01,2.902619324434635928e+01,2.809766169998147234e+01,2.860544007453120230e+01,2.912226020031630469e+01,3.010051911952746195e+01,2.932937975369418382e+01,2.912834922161550821e+01,2.898791382112102610e+01,2.956082467084274867e+01,2.927046306612788840e+01,3.052418395332824730e+01,2.922911152056747142e+01,2.979219811350066038e+01,2.910027540498822418e+01,2.978367807321933469e+01,2.927109560893597973e+01,3.012059190310998247e+01,2.888823552000678774e+01,2.943091815390613419e+01
2.876242353382360761e+01,2.882097105684175631e+01,2.870268414955177150e+01,2.846824970495055140e+01,2.890922188988309927e+01,2.943793263908912650e+01,2.900857120310348591e+01,2.898492976408073218e+01,2.926109468517432788e+01,2.898805869534044177e+01,2.993219049922510067e+01,2.902786979177676585e+01,2.983674453253013326e+01,2.987334672929245016e+01,3.126285424513810085e+01,3.136201814034882318e+01,3.096282726783834960e+01,2.936709868364926024e+01,2.881576051614172229e+01,2.943789405652529467e+01,3.026457417831721841e+01,2.896720864092782222e+01,2.949001205746344567e+01,3.041916717622990518e+01
2.960432828345477674e+01,2.914167810282413029e+01,2.920765598213654357e+01,2.982104002604268089e+01,2.934363421647668702e+01,2.940672766662225968e+01,2.866727494475310323e+01,2.957812627415950146e+01,2.938847986759196829e+01,2.860219380460245020e+01,3.010174031535524364e+01,3.009227206984473924e+01,2.939020831071763951e+01,3.187245254240872328e+01,3.475058173198613076e+01,3.426649259527175673e+01,3.230049445519858864e+01,2.984056317491024402e+01,2.909438872439221768e+01,2.995101256760341357e+01,2.964463982104172146e+01,2.945220516763953356e+01,2.938057653673695313e+01,2.920553970638877672e+01
2.821714416095670686e+01,2.835886578435599858e+01,2.940850904950156064e+01,2.931411302748796288e+01,2.976037044508558438e+01,2.879626896412901260e+01,2.973210618284468865e+01,2.941533424009310238e+01,2.981915074867811200e+01,2.897687008709385736e+01,2.931055705742994633e+01,2.905373003343959226e+01,3.183084117268498403e+01,3.233689380372294409e+01,3.318343846709728950e+01,3.333570303220062669e+01,3.191240080506764798e+01,2.976474867776056499e+01,3.075477533021160070e+01,2.953907451402221795e+01,2.989112494513437923e+01,2.918502518540702795e+01,2.989418910995692613e+01,2.930030886311863014e+01
2.836202443679678709e+01,2.932355506181721694e+01,2.839290435701713022e+01,2.901799400854002897e+01,2.850849823030898733e+01,2.921627605999759680e+01,2.798010722163820674e+01,2.957498199968688368e+01,2.982748622598694510e+01,3.080996798362895106e+01,3.168865900834623517e+01,3.094113675527739815e+01,3.214004898160646917e+01,3.421326637216020572e+01,3.347343995977399800e+01,3.460852768927890111e+01,3.117406084180174730e+01,3.115380108013494009e+01,2.843083380850629283e+01,2.947071899708339515e+01,2.936933639049169642e+01,2.990124096232841566e+01,3.004850677959797167e+01,2.915737537482453945e+01
2.829209659528328302e+01,2.852544255503221393e+01,2.950356746014807641e+01,2.737071457444119460e+01,2.953189727282023114e+01,2.801849793144629075e+01,2.988608544292520719e+01,2.941726208482276661e+01,2.966224956065281049e+01,3.041170939712492327e+01,3.346224678394929697e+01,3.383260448786455754e+01,3.341394454456093399e+01,3.421866046699688013e+01,3.502260581058516209e+01,3.438980104026688878e+01,3.190070349299674035e+01,3.106387700337523938e+01,3.080236142091951024e+01,2.987511044449547626e+01,2.971006870942426303e+01,2.908080830685463525e+01,2.906479997809333327e+01,2.846822237883202433e+01
2.886017091760157882e+01,2.899743083621433470e+01,2.901854531652008973e+01,2.925783516353220648e+01,2.976592653820381429e+01,2.999374545114409329e+01,3.047296915576356469e+01,2.953029151895663063e+01,3.135463525717614175e+01,3.287137113197331928e+01,3.335272969171569457e+01,3.243792208387424125e+01,3.378861797310310067e+01,3.462468278548885792e+01,3.446904312728645436e+01,3.357973277020954583e+01,3.397981051707586175e+01,3.113062627778680280e+01,3.090814465875718042e+01,3.012256590486447294e+01,3.060712106588346160e+01,2.951891415063062141e+01,3.046194703587121921e+01,2.954455632001901222e+01
2.999846753868763471e+01,2.864190883260926057e+01,2.999098494571705942e+01,2.930920094018915734e+01,3.044208962345089731e+01,3.018382141070441094e+01,3.041217867768074257e+01,3.058930168798832483e+01,3.183622723606106319e+01,3.296432492697846328e+01,3.445672394648318004e+01,3.324811583501127643e+01,3.351970954768160027e+01,3.321745031998733566e+01,3.399378878481201127e+01,3.414015778487333819e+01,3.416114077988402187e+01,3.209504700502282049e+01,3.107657653975502399e+01,3.016126937900241956e+01,3.108660082232847799e+01,2.918947483292527068e+01,2.886509173948434182e+01,2.955571035715701100e+01
2.791651312723826095e+01,2.954657574995513869e+01,2.797311481704957714e+01,2.987417129149793027e+01,3.035714577049293439e+01,3.129332454521090767e+01,3.174391203435470743e+01,3.149515173488669006e+01,3.296789621802793135e+01,3.378715330834427277e+01,3.349743085012210031e+01,3.444547303917192949e+01,3.318448129862252927e+01,3.342992526052972835e+01,3.360967403556935551e+01,3.439915799910824035e+01,3.333845565224709162e+01,3.303335782591477710e+01,3.128731158049629357e+01,3.144037293391352250e+01,2.966731878934172073e+01,3.031284641209759911e+01,2.996720530965092166e+01,2.926520625630041650e+01
2.878212736504468694e+01,3.023927294346196959e+01,2.977037867227608103e+01,2.954999988946354961e+01,3.076295676109930355e+01,3.127203503441847943e+01,3.236786451070679504e+01,3.149146828372124673e+01,3.363479281641428997e+01,3.438166111751763765e+01,3.387949962738770182e+01,3.329044794021285725e+01,3.372853615421371387e+01,3.489369533661295009e+01,3.409117766844656217e+01,3.400709969921848597e+01,3.461323508311340902e+01,3.327771096375363413e+01,3.262056228463086427e+01,3.292051343156936127e+01,3.032694287768902086e+01,3.041603005222430056e+01,3.076003925717651555e+01,3.010130758174614130e+01
2.990957705476978390e+01,3.004718552751188554e+01,3.032392990865156435e+01,2.931067501145815868e+01,3.024165767505303393e+01,3.106464058467230416e+01,3.265449966991593556e+01,3.281738855335441940e+01,3.364416212836624709e+01,3.302666232279426595e+01,3.332118268556087060e+01,3.387640663603377789e+01,3.471181564253396346e+01,3.374055600178127179e+01,3.492662316486854479e+01,3.416952466986526815e+01,3.325234215118263137e+01,3.318418688275187378e+01,3.424788258996966306e+01,3.282920907867628557e+01,3.212912155793412694e+01,3.164315348108181070e+01,3.159979487522929276e+01,3.127597708924253084e+01
2.958195231458017815e+01,2.922179144095684933e+01,3.027790939624128441e+01,3.088844904953413106e+01,3.107563650923196974e+01,3.037863372966506859e+01,3.170786741453025570e+01,3.318116740512715523e+01,3.308941639721280126e+01,3.279299756653313125e+01,3.414609164305028344e+01,3.393048295914223900e+01,3.438272604263943322e+01,3.527828242554409144e+01,3.398591383402538213e+01,3.414224431199534138e+01,3.375825651616997902e+01,3.391195294899085866e+01,3.269670900599135166e+01,3.382143762927302078e+01,3.231155704696141129e+01,3.122232877810336049e+01,2.994404216927398465e+01,3.017694196937185325e+01
2.846697953002166059e+01,3.007612542108091702e+01,2.851846452225697703e+01,3.093096979678614389e+01,3.069456120889941531e+01,3.075791187933043602e+01,3.301325686129496262e+01,3.238148212785262103e+01,3.423867605125093405e+01,3.313470590258049242e+01,3.431844008108009803e+01,3.427384418699239177e+01,3.342545266142593618e+01,3.393283059993410689e+01,3.396369835742609666e+01,3.325172496671552835e+01,3.371397192232649331e+01,3.443416599571116876e+01,3.262307645323784300e+01,3.438067287737879951e+01,3.328495143749370300e+01,3.314016105572147808e+01,3.067036579416139830e+01,3.158442846097574375e+01
2.850965526791992488e+01,2.873520270470532978e+01,2.947488605173066389e+01,2.907791108491778687e+01,3.055548281933653243e+01,3.137177600275543909e+01,3.396386657542745979e+01,3.252842213333343580e+01,3.411039154538548246e+01,3.382165327123215093e+01,3.355773485895355179e+01,3.317235394604205112e+01,3.486580132755489103e+01,3.318183294277872619e+01,3.400021036575276412e+01,3.311623541991684760e+01,3.337815024751381543e+01,3.372136543961170219e+01,3.371874071746896107e+01,3.352800304631529116e+01,3.324439590174677051e+01,3.181417474541552792e+01,3.123086004055642206e+01,3.183073422064859415e+01
