2.381213975206480882e+01,2.560528377122517441e+01,2.455611630004136714e+01,2.564186969412753569e+01,2.394187026926522321e+01,2.546619426078967763e+01,2.461395558424442243e+01,2.550094434513493979e+01,2.492671766852805604e+01,2.556734660298070594e+01,2.409898748330783746e+01,2.450783038582932249e+01,2.322949932269432338e+01,2.503263090448001549e+01,2.421440511800017248e+01,2.433638923884456062e+01,2.405802560005616897e+01,2.583162440392106873e+01,2.425026421080156069e+01,2.644933178204900059e+01,2.513296924436053814e+01,2.529207861065827956e+01,2.580271595190384915e+01,2.522222592203172553e+01
2.493839992523533056e+01,2.541149823716358469e+01,2.477926679026279544e+01,2.565786580867921884e+01,2.511832540827504090e+01,2.399990670974671048e+01,2.436973150381516007e+01,2.378690136783831122e+01,2.498075595970601626e+01,2.442012884462405964e+01,2.463018670128377607e+01,2.387211019686844793e+01,2.397513058312244993e+01,2.397106721099112292e+01,2.495311991594655865e+01,2.438305443659538696e+01,2.414739668459691302e+01,2.508168371737275493e+01,2.519878933147424505e+01,2.410186632766146886e+01,2.509235145638581344e+01,2.588377124153743125e+01,2.552813277933375957e+01,2.446391596819489678e+01
2.504737198955166377e+01,2.398277210245652213e+01,2.349355833930792414e+01,2.591076339365622516e+01,2.480539519200056020e+01,2.544958686778454648e+01,2.316886650085587007e+01,2.517019087615034323e+01,2.472432979163727396e+01,2.552121216662874303e+01,2.352705512318891579e+01,2.470554942373104268e+01,2.320074943712785398e+01,2.394483778436006105e+01,2.411930631841107697e+01,2.483215238451850837e+01,2.471895167929278614e+01,2.521715738694967968e+01,2.467693750594878566e+01,2.685174925376435340e+01,2.565117394076804658e+01,2.596155088292260871e+01,2.482573692848103519e+01,2.522980897689257063e+01
2.527152158901998291e+01,2.573581959612181436e+01,2.527155756170890299e+01,2.501592800650576010e+01,2.560831594782553111e+01,2.484403685777442661e+01,2.438336506710112417e+01,2.413509043297318613e+01,2.494657980051448476e+01,2.445692390569428198e+01,2.475075973510246286e+01,2.338565709063055920e+01,2.452086654295948165e+01,2.443225450464018422e+01,2.461207576544177300e+01,2.509445790428674172e+01,2.414249723314406992e+01,2.488130758442002843e+01,2.497949049626822671e+01,2.507247665984721152e+01,2.670043903884254632e+01,2.569392669882984137e+01,2.640981936110927109e+01,2.521165024906747476e+01
2.403436361334132698e+01,2.505622592179355479e+01,2.397406596116758237e+01,2.536444805916073619e+01,2.479315402759891640e+01,2.585837172168425013e+01,2.414435396999459726e+01,2.374337323395440080e+01,2.358138753178411662e+01,2.417213662177300648e+01,2.418790712171306723e+01,2.513119021795534991e+01,2.449959459261100392e+01,2.447618471558610054e+01,2.324035167706540506e+01,2.438018805650352760e+01,2.482261362479772515e+01,2.476602411953507499e+01,2.465921910763432834e+01,2.536743437645759514e+01,2.498359957760601446e+01,2.531582569133587413e+01,2.424943236433864513e+01,2.530692109989917071e+01
2.351835162384850264e+01,2.507577558736022638e+01,2.322449381643457400e+01,2.362616136265694422e+01,2.485805144565574665e+01,2.454723663088896046e+01,2.542586616461545646e+01,2.478478219274933281e+01,2.374953079090948904e+01,2.387585410834043387e+01,2.466460114309467144e+01,2.453125199162036552e+01,2.369281998771782582e+01,2.454730859567098378e+01,2.466983462195628363e+01,2.470876356331541501e+01,2.477615041779193916e+01,2.483661154340171606e+01,2.520856629470836197e+01,2.528023519193192215e+01,2.446475109023668892e+01,2.503983366525261545e+01,2.493917581229095504e+01,2.570370032941167437e+01
2.507501073066720210e+01,2.413782625279719696e+01,2.449974011744478730e+01,2.576920188457353333e+01,2.344362721601885369e+01,2.385900668654835499e+01,2.275164733743287115e+01,2.452815450329597979e+01,2.459779256436803507e+01,2.490678841655710585e+01,2.440254376216950050e+01,2.355506233932601390e+01,2.444298280713201166e+01,2.473936450359985884e+01,2.454461209542739653e+01,2.550175569163769751e+01,2.491814831020622023e+01,2.554476471844145635e+01,2.522243560751388713e+01,2.524122472025919706e+01,2.503334675911315799e+01,2.492349166847714059e+01,2.478617041856006153e+01,2.471372973729700107e+01
2.533856216869094169e+01,2.399365700157864012e+01,2.438290349084866193e+01,2.351045591852994221e+01,2.390484486126069896e+01,2.435871858503418252e+01,2.403331791604227874e+01,2.362087190188208297e+01,2.469929059962788642e+01,2.369764100850375144e+01,2.398818494559918690e+01,2.406537405412973385e+01,2.487624186660383430e+01,2.441896034298133600e+01,2.510317497152067290e+01,2.518381844728043006e+01,2.559907021433946284e+01,2.527794202768552623e+01,2.528947068569232215e+01,2.496897076789548464e+01,2.567755769430607415e+01,2.499736805659068750e+01,2.550638463476155948e+01,2.442053639395390974e+01
2.280155019141000139e+01,2.332597909157789218e+01,2.326449006314385315e+01,2.420323310429682806e+01,2.410217988817413470e+01,2.449284567395528711e+01,2.452324526513376668e+01,2.414199965749514831e+01,2.330623489985964625e+01,2.384420070174883222e+01,2.356330855115726308e+01,2.407079643773801081e+01,2.404611744992337208e+01,2.451730676211349191e+01,2.500763882246820913e+01,2.477403162506874423e+01,2.557068467955440383e+01,2.480503096007629438e+01,2.403745151779941125e+01,2.524323009377906146e+01,2.448756658207815917e+01,2.496888133496184992e+01,2.362011929336370031e+01,2.496190450077705236e+01
2.505379723698894168e+01,2.459955666661397800e+01,2.411368829346440634e+01,2.369949373310117835e+01,2.466877609945527183e+01,2.494876293736979278e+01,2.437831636876745733e+01,2.356505121048093088e+01,2.451596652049079239e+01,2.408653956538853436e+01,2.446210591391206890e+01,2.272633728502717076e+01,2.365849058822050210e+01,2.404904133542498812e+01,2.413235229753507838e+01,2.524459770254208024e+01,2.443823441505304572e+01,2.451243215530507769e+01,2.461284811840829434e+01,2.464079542160652636e+01,2.494719536913112279e+01,2.457795093419218802e+01,2.364093631999128320e+01,2.367191825288415430e+01
2.394336474341724852e+01,2.557906665033044646e+01,2.558539110409628847e+01,2.442617377033781167e+01,2.420728264301942545e+01,2.544548449629320430e+01,2.349985695073729630e+01,2.420255901084351535e+01,2.371775977424749726e+01,2.347186055354154632e+01,2.493649398884832635e+01,2.431457000985801642e+01,2.343089675302422847e+01,2.541095314120002513e+01,2.454093347824186822e+01,2.443783689002452775e+01,2.492347993483508617e+01,2.513640956350718625e+01,2.541052937282273660e+01,2.544784464079066311e+01,2.459016380652275302e+01,2.464231878759932215e+01,2.411014139022626068e+01,2.422181204811892030e+01
2.425946400865836949e+01,2.346172955135136817e+01,2.584399110422094736e+01,2.374928502323007251e+01,2.449610162108496070e+01,2.390119479530363833e+01,2.421205927259552482e+01,2.416449410507601669e+01,2.483583735085568378e+01,2.461272068393344625e+01,2.412743707924602177e+01,2.355629700201865262e+01,2.390747521979062640e+01,2.436322575656356548e+01,2.524520251209372645e+01,2.358988284464726348e+01,2.558185817023246500e+01,2.527088707877305751e+01,2.643465044861528668e+01,2.526619235528954732e+01,2.481053935136702648e+01,2.470836682621740010e+01,2.516798320780645781e+01,2.475579752901245456e+01
2.519756163353952161e+01,2.504133196385845395e+01,2.476808790482226641e+01,2.459281960515710352e+01,2.430076482778616764e+01,2.453846874553823909e+01,2.363404002549435745e+01,2.419027279748479486e+01,2.357621181725858150e+01,2.391239947686000278e+01,2.366915114610259252e+01,2.400115446574045563e+01,2.316743066029687270e+01,2.411355136738546889e+01,2.426243765156527843e+01,2.386855484457896637e+01,2.536333862930280247e+01,2.563666038473706976e+01,2.554426178394152203e+01,2.565979738696609047e+01,2.497401593641342288e+01,2.397090702098552129e+01,2.351519044877704800e+01,2.478618772607859455e+01
2.476689463332280638e+01,2.509262555029079067e+01,2.566698380157328074e+01,2.518796853450902518e+01,2.441830338093745922e+01,2.449052924021964373e+01,2.426592468804727787e+01,2.457905096973576065e+01,2.353994633320860430e+01,2.431222283315025834e+01,2.388311830546001602e+01,2.326558177727252996e+01,2.418911659895917410e+01,2.344955658944240895e+01,2.408733005586668696e+01,2.401834569315388990e+01,2.552522488917395549e+01,2.537150610123256911e+01,2.550514340869739272e+01,2.536040885312610271e+01,2.506643512218818159e+01,2.489801696880135751e+01,2.448373703396742940e+01,2.416158140324284886e+01
2.447928692412483542e+01,2.446336230415442969e+01,2.397117026085192037e+01,2.546146425907954836e+01,2.421112778870070770e+01,2.507600350563262737e+01,2.389013024396848550e+01,2.474228117249953129e+01,2.416556643217512601e+01,2.377137235239018764e+01,2.382539193895115659e+01,2.557775947309710318e+01,2.416667493052267446e+01,2.441616853411318289e+01,2.419118991243101391e+01,2.474874356481933546e+01,2.423307290913794532e+01,2.519120296185343477e+01,2.480088328011561316e+01,2.484469858031269496e+01,2.335150587688940504e+01,2.450341881081629936e+01,2.342264080445397667e+01,2.428680822533272021e+01
2.471073929730778218e+01,2.328162845943870707e+01,2.594792754341540331e+01,2.380446592603158251e+01,2.427337890424115585e+01,2.348083144294866997e+01,2.382836283231154084e+01,2.398106472404106171e+01,2.442813042898063713e+01,2.297387725948232173e+01,2.420358768601528254e+01,2.482691006847579729e+01,2.498315013986575650e+01,2.519424158250257051e+01,2.551543771161942686e+01,2.427946985478240549e+01,2.484268700724589962e+01,2.578354241818817627e+01,2.512644133286215720e+01,2.532693941463793408e+01,2.453803786810016163e+01,2.444909667219297944e+01,2.546704083921025585e+01,2.505280190312066679e+01
2.430629031956181052e+01,2.338866208847508688e+01,2.482496251888022698e+01,2.501790382673647173e+01,2.461316760787366320e+01,2.578775185798900793e+01,2.585076520394835597e+01,2.492260093306799718e+01,2.339317980874722025e+01,2.303320482777263578e+01,2.243051057583807051e+01,2.463675964709369737e+01,2.448143609994320968e+01,2.415451852334842897e+01,2.385374625543056482e+01,2.312567206683223731e+01,2.462297991006323628e+01,2.524494537237200120e+01,2.476954322179426526e+01,2.539503830062483303e+01,2.460448184507964697e+01,2.432056435924550897e+01,2.400435893489418504e+01,2.381499274501771879e+01
2.378012563998424866e+01,2.471275261543524948e+01,2.574607355013398546e+01,2.429858410644976630e+01,2.685595497443313207e+01,2.742261354329150436e+01,2.726209752031979860e+01,2.670824373611952751e+01,2.388262563110333758e+01,2.329098403541422613e+01,2.390045405744803020e+01,2.430685557970156196e+01,2.404246283635916370e+01,2.311444881076943147e+01,2.456575890723763678e+01,2.325222453539487333e+01,2.374276112112187320e+01,2.458825753242894052e+01,2.427663844263378223e+01,2.484774789592177058e+01,2.461037323065517057e+01,2.353174334777565946e+01,2.378571187113379892e+01,2.405214930531587925e+01
2.450247657328719697e+01,2.546767001360530003e+01,2.527028147193317409e+01,2.558199597244930601e+01,2.797507224849965723e+01,2.948068096130890581e+01,2.675982567666954992e+01,2.547393781795966561e+01,2.513448741674244502e+01,2.694376779803383215e+01,2.412348325203163313e+01,2.475469444630198268e+01,2.626324037603859551e+01,2.482058661228273877e+01,2.387216053629856560e+01,2.479944117928386049e+01,2.470118732932809280e+01,2.473423518628965212e+01,2.384489748169698942e+01,2.523983710753049081e+01,2.351351510752277818e+01,2.359343528505871745e+01,2.307808116722299019e+01,2.394730773343616193e+01
2.463750554783371172e+01,2.405300569583960169e+01,2.596841454456932752e+01,2.514752974143556230e+01,3.007664474114153563e+01,2.874516643970400764e+01,2.730557304214204351e+01,2.498638731384301082e+01,2.592129003533307241e+01,2.530144287236265654e+01,2.631149861393259926e+01,2.519537515377021464e+01,2.614556637708483322e+01,2.516818925691586628e+01,2.555882457153802534e+01,2.479437449036885255e+01,2.472669766339379294e+01,2.479437481564929158e+01,2.584276328383350574e+01,2.557206014769963076e+01,2.486807735434501865e+01,2.368297762225211045e+01,2.520532247410454829e+01,2.291050914652475967e+01
2.284078649665070770e+01,2.472928400349138656e+01,2.403933720105044358e+01,2.516943690384817955e+01,2.955901074296826891e+01,2.845370338248096687e+01,2.702916208945401877e+01,2.715441844890335688e+01,2.607019535354606887e+01,2.621466075804841012e+01,2.506563568146140142e+01,2.535393333591400733e+01,2.569293212197777621e+01,2.565580475441959152e+01,2.621227232899138926e+01,2.564649097811690126e+01,2.492669549406355145e+01,2.539631582333441884e+01,2.507305820544729613e+01,2.466684479219031800e+01,2.423460353197822315e+01,2.488018323086009786e+01,2.415176667554175083e+01,2.407902791103623485e+01
2.323279644628695451e+01,2.401388291294711053e+01,2.574716726886424567e+01,2.603145276526106500e+01,2.960015684348246623e+01,2.843035894657072049e+01,2.783843846826937352e+01,2.735154167199880249e+01,2.737293456963061544e+01,2.671268036306804561e+01,2.630014779110763357e+01,2.737238939961480355e+01,2.595643852810462704e+01,2.531613557712512375e+01,2.583136079654076411e+01,2.584877559969720551e+01,2.535811619589588872e+01,2.521253474451754073e+01,2.518110699864524804e+01,2.377411494322797125e+01,2.428484172396474605e+01,2.339882864636865634e+01,2.353369712388280277e+01,2.458092237697661631e+01
2.494207815716669074e+01,2.561238894996625959e+01,2.562549388218991453e+01,2.655886501275057299e+01,2.983068487151990666e+01,2.809242405200456005e+01,2.756563095914577843e+01,2.818410528995303821e+01,2.751180143025908365e+01,2.810713532270870019e+01,2.672665985283583723e+01,2.767339120086091953e+01,2.631494086538651800e+01,2.655964929749575276e+01,2.648224619133611668e+01,2.641370783478231488e+01,2.512902448673850131e+01,2.487067606972965450e+01,2.466509278520413773e+01,2.402380592461224751e+01,2.435221449089328871e+01,2.464146780327615716e+01,2.467807136550686664e+01,2.424623987003440106e+01
2.507188122280660991e+01,2.464015142309898465e+01,2.635979946292013665e+01,2.631922362555042127e+01,2.962887742146847359e+01,2.751364803996102637e+01,2.923484980926900789e+01,2.785088741351808039e+01,2.815032281931252101e+01,2.732591405061680234e+01,2.694763058283660939e+01,2.648414530788465981e+01,2.741633113256955312e+01,2.666837626248610604e+01,2.685715010031867678e+01,2.656268349148967900e+01,2.566905150506835298e+01,2.499194007614528346e+01,2.578616114914723312e+01,2.498851103934686080e+01,2.505230874789526752e+01,2.305770111926085519e+01,2.422551443502715074e+01,2.356237920942498931e+01
2.524856937555915692e+01,2.507589125794709162e+01,2.588546535960671235e+01,2.722943600083766569e+01,2.890317842408632032e+01,2.664667961412885688e+01,2.934034131584456873e+01,2.977108056364460253e+01,2.799939780278009493e+01,2.895885571776665302e+01,2.665360227360656609e+01,2.691804338501970051e+01,2.642575408837927853e+01,2.758854304093699739e+01,2.608407633401128578e+01,2.511785795179832803e+01,2.537766598777096760e+01,2.533994847434138364e+01,2.680493322228943498e+01,2.486944998913810423e+01,2.485685097284988387e+01,2.458386898560212330e+01,2.412882560156941736e+01,2.306054060360236235e+01
2.510380602391728644e+01,2.547484256453134321e+01,2.665902448188654716e+01,2.676358021212496396e+01,2.719241869233019315e+01,2.784459795946895611e+01,2.833102441902553892e+01,2.887980433941504543e+01,2.904075429413273923e+01,2.909723575004994700e+01,2.881837944189032896e+01,2.760330612273162387e+01,2.805803171256104633e+01,2.632398001631423767e+01,2.587273251100276639e+01,2.517093070062378501e+01,2.586276905266396398e+01,2.569186220202180948e+01,2.623822626779286793e+01,2.496136745119514444e+01,2.513442169477843890e+01,2.319937206867814439e+01,2.424365215609219604e+01,2.492356465725094949e+01
2.582525312068975154e+01,2.535082134629720940e+01,2.522009814540950856e+01,2.580810720010208570e+01,2.685542561276287188e+01,2.716866027529755456e+01,2.857445002550974777e+01,2.865825923000437569e+01,2.864817939304538186e+01,2.908671198643821754e+01,2.914472760741256252e+01,2.792910837005825897e+01,2.773361752448715833e+01,2.742391204509266345e+01,2.686792085818979103e+01,2.565256850599496374e+01,2.528868190566896601e+01,2.475250041837131221e+01,2.577640268649662403e+01,2.606364288152769859e+01,2.527368733457808503e+01,2.469635635265791507e+01,2.419442990834369311e+01,2.436868112703791667e+01
2.561978564406990699e+01,2.470664076255656028e+01,2.533167686622147130e+01,2.464443056593466963e+01,2.623783146536959521e+01,2.735376516701376204e+01,2.745010703708237543e+01,2.694845589279378828e+01,2.722563144571171279e+01,2.652525712019297544e+01,2.711609788602874005e+01,2.537489115935750306e+01,2.678121197659226027e+01,2.650912254598517848e+01,2.641228291416763341e+01,2.593106321074338894e+01,2.675415894798771888e+01,2.570030181197893171e+01,2.633950262430187195e+01,2.622815130073854561e+01,2.596598284004613788e+01,2.460426941930444400e+01,2.562060524175478804e+01,2.488266063190121713e+01
2.438946271140855515e+01,2.373353971135287566e+01,2.389459672268776558e+01,2.369787240902815029e+01,2.598639005666893809e+01,2.511604738748684440e+01,2.615157202887036192e+01,2.770645380488440424e+01,2.701967434998124418e+01,2.712841238286677026e+01,2.538391667137648255e+01,2.610879285222858925e+01,2.531723195137237781e+01,2.522064929650713339e+01,2.487334800392409306e+01,2.479642551369107650e+01,2.527416604159873259e+01,2.515483224484449920e+01,2.525116319671326437e+01,2.529342135975707606e+01,2.453300007878095812e+01,2.437583154426118881e+01,2.324747142310343406e+01,2.388446052667711683e+01
2.396197315541655826e+01,2.389754360338503147e+01,2.425962090853465725e+01,2.423137241846603729e+01,2.620361458188642700e+01,2.570238415636100626e+01,2.680613091308174489e+01,2.590701065436257977e+01,2.564527847374927205e+01,2.575577609552652802e+01,2.673552105200116102e+01,2.636102464818327462e+01,2.604661928831183104e+01,2.570238619748693054e+01,2.500974559378960294e+01,2.599945114078963115e+01,2.452509225787986225e+01,2.532000607520126323e+01,2.474240331793811265e+01,2.513754798419955705e+01,2.381603724691575508e+01,2.504090829819074315e+01,2.409996500012493925e+01,2.435491048303470052e+01
2.319475344729266908e+01,2.374898368063537646e+01,2.523283898231017019e+01,2.542606370046087250e+01,2.543322598791451128e+01,2.612446922178082787e+01,2.647910733239990577e+01,2.665355203533721351e+01,2.732059206086307768e+01,2.743131601975414924e+01,2.623266353662410211e+01,2.592780557898578309e+01,2.423431426707639957e+01,2.579731966994933146e+01,2.516294612808547981e+01,2.586326043364130101e+01,2.462624416443156861e+01,2.494773329566237408e+01,2.560688572651343975e+01,2.456720953396677487e+01,2.554622436223883142e+01,2.487809660121382649e+01,2.416887947923186175e+01,2.452144783085867630e+01
2.428318539680975618e+01,2.423899335579449144e+01,2.468911608813886005e+01,2.473620969011977877e+01,2.498601151729167213e+01,2.445087009206224593e+01,2.626292863584421866e+01,2.747687355041801993e+01,2.606043683354630502e+01,2.597593070719761954e+01,2.722737533969421975e+01,2.621762713043500526e+01,2.590991740901574758e+01,2.599901644483014707e+01,2.641688998765954466e+01,2.674806095970717479e+01,2.575942686448740915e+01,2.458380042325046588e+01,2.575821104423755514e+01,2.623500342718421052e+01,2.568132631717730874e+01,2.342692035797261951e+01,2.537362731240824587e+01,2.400750012682931356e+01
