2.744565900960640192e+01,2.835938389760718792e+01,2.807483779840481475e+01,2.786357237192584080e+01,2.838827299591469000e+01,2.864619168218331424e+01,2.847049261159679645e+01,2.839798400483908836e+01,2.803820974639023689e+01,2.867832122606284884e+01,2.700048018504588754e+01,2.829381180442618415e+01,2.792899722237439164e+01,2.725902136161039380e+01,2.734375849463782515e+01,2.680117775321355111e+01,2.833344633052502104e+01,2.850534691586489089e+01,2.764345309702105169e+01,2.890881944948677074e+01,2.806754946581321519e+01,2.943761718418994633e+01,2.878528025920257960e+01,2.725148279245968297e+01
2.714390074388620633e+01,2.760515033993607403e+01,2.824489183201762899e+01,2.684888785424664093e+01,2.875947069293999903e+01,2.859382746961040311e+01,2.656974033294306992e+01,2.803681732963605100e+01,2.718370950962003008e+01,2.797420192359010116e+01,2.747720135681367992e+01,2.717264052910809369e+01,2.725860131392306585e+01,2.829859346422904309e+01,2.737097660441713742e+01,2.767335302026435784e+01,2.724243312198660760e+01,2.707402038817224366e+01,2.828664612433215098e+01,2.810919422055371797e+01,2.822807430778215121e+01,2.858175292986641125e+01,2.893392565909039149e+01,2.746701698585457052e+01
2.776216843557671154e+01,2.871358889592215746e+01,2.693664253252370600e+01,2.832377847620313105e+01,2.791167494607623212e+01,2.762807304394578978e+01,2.757908506050767983e+01,2.714934035059678763e+01,2.776617344442399826e+01,2.665193192563884850e+01,2.636831935523520087e+01,2.690609467715319170e+01,2.809832903331312082e+01,2.779473657326252578e+01,2.735181442851938982e+01,2.784816293441383550e+01,2.671432834722429561e+01,2.762894428366121247e+01,2.836277588176068321e+01,2.862307767867451957e+01,2.829795104568501074e+01,2.950892442039702246e+01,2.751563168316039310e+01,2.864865669047986785e+01
2.871790965221049419e+01,2.865195606912038784e+01,2.698063681412810411e+01,2.837357013346058920e+01,2.801126135723916377e+01,2.814194857050438259e+01,2.787582211808233978e+01,2.847926600879071657e+01,2.775125042272503606e+01,2.830661356605429546e+01,2.816514281189074609e+01,2.723309284374568051e+01,2.711845661271303243e+01,2.743131328239655886e+01,2.822321871518164471e+01,2.809830624215453554e+01,2.777625947529043060e+01,2.710321608688690276e+01,2.759586650653170636e+01,2.875781100902202070e+01,2.824428376321941414e+01,2.856819247994650368e+01,2.882521540272517768e+01,2.948519004800510857e+01
2.860790840517364586e+01,2.795360429553443282e+01,2.794370321218076469e+01,2.798982266017662823e+01,2.782196827467981848e+01,2.886663646663055260e+01,2.773740537551844909e+01,2.752295841028677614e+01,2.732908566964476904e+01,2.676235720319266420e+01,2.734995485505754687e+01,2.828713028054119150e+01,2.802828571335567176e+01,2.839072720199419564e+01,2.771194981311185757e+01,2.791441266760477902e+01,2.721167557588256614e+01,2.660225654109501647e+01,2.725822497664341881e+01,2.817891431726741303e+01,2.800536679750160829e+01,2.957239341856887904e+01,2.795539957121479802e+01,2.903617163246826749e+01
2.784168151778112588e+01,2.749214943392024679e+01,2.807367588008094117e+01,2.819112393095974767e+01,2.704760730904723687e+01,2.714176159804623012e+01,2.780679786013502053e+01,2.777272178473697295e+01,2.731190577945159248e+01,2.895534011159980992e+01,2.741214307416646534e+01,2.727526008603308583e+01,2.832565205022348209e+01,2.786451880483696186e+01,2.836260527188608194e+01,2.840023690177861226e+01,2.678465321883345496e+01,2.818891845541747898e+01,2.759845793412318926e+01,2.846040407879473833e+01,2.825009393060116736e+01,2.863846500572668674e+01,2.862024477633667630e+01,2.878546145026314207e+01
2.794357830250692132e+01,2.744911874926776818e+01,2.754381202796457728e+01,2.752326713639888567e+01,2.748303983528791150e+01,2.883755199335081443e+01,2.748691383299876634e+01,2.786327517530986597e+01,2.735492676431243808e+01,2.746875739243029102e+01,2.915538523035661456e+01,2.887026202204287983e+01,2.809995652992620307e+01,2.802180284594425075e+01,2.818632945832786163e+01,2.912541026216706541e+01,2.729832132933751154e+01,2.791951349795021997e+01,2.816364579749057384e+01,2.893547444610175035e+01,2.952237154852952017e+01,2.907047400397675574e+01,2.882308918551052557e+01,2.859243261925570323e+01
2.818069708120270889e+01,2.770647977763576364e+01,2.847344223931145279e+01,2.840801455590622027e+01,2.826132130411468779e+01,2.811060223381690548e+01,2.756744619829095200e+01,2.828951743404314811e+01,2.817372779538231953e+01,2.811334507083608969e+01,2.854312694753843971e+01,2.717291619454488227e+01,2.849904941890486043e+01,2.877758743199598257e+01,2.873187042454929951e+01,2.880905585307397132e+01,2.705090004223967526e+01,2.765477871221759187e+01,2.840296356677345102e+01,2.793112653316984506e+01,2.900015150454254353e+01,2.930999742246518736e+01,2.949274029008336129e+01,2.987001106415948470e+01
2.821358346918844973e+01,2.866173256240864475e+01,2.786180992337244788e+01,2.777771735523890584e+01,2.838400206412478610e+01,2.856499160363847523e+01,2.800670458539093488e+01,2.836278599879676676e+01,2.749840858787803199e+01,2.766618999834906845e+01,2.804269596608781967e+01,2.819313775164494018e+01,2.814423331256335814e+01,2.912612672872705843e+01,2.789271693459494372e+01,2.871819194888752236e+01,2.670721908090735042e+01,2.736438895639508928e+01,2.731013691819390488e+01,2.816207398361524383e+01,2.923866571887185728e+01,2.829179065965388418e+01,2.892882830088791479e+01,2.739606953091413288e+01
2.787726456479452963e+01,2.864128126238767891e+01,2.867323934541235531e+01,2.765380876563608581e+01,2.852949623788521194e+01,2.712818561116915816e+01,2.783391873846795761e+01,2.861691756629534211e+01,2.688104993530805586e+01,2.734840657167495692e+01,2.752702597690688435e+01,2.808684197338141075e+01,2.790638836985147009e+01,2.861196766906192579e+01,2.820941787669954692e+01,2.845562129130939866e+01,2.731979333525742959e+01,2.688716994041186581e+01,2.681335377772097672e+01,2.790680828461194096e+01,2.877408894599386713e+01,2.824708345452489766e+01,2.852237079910912598e+01,2.857861324136393932e+01
2.799668653681516162e+01,2.875243391327552445e+01,2.756362811381791289e+01,2.853868412735278071e+01,2.753218059810495788e+01,2.798328343099507265e+01,2.745919385568180360e+01,2.813430245256984108e+01,2.748957977841769207e+01,2.794755640809171382e+01,2.746668765204407237e+01,2.822352668979516466e+01,2.803694308559829551e+01,2.827147287673324172e+01,2.893214772033513782e+01,2.765246485218096950e+01,2.676680700129367096e+01,2.749939354973463423e+01,2.742431257490005692e+01,2.781281769178900731e+01,2.859241852837260467e+01,2.882847409128106619e+01,2.838493553691250781e+01,2.909037168756930214e+01
2.686145710932976272e+01,2.845954185831556060e+01,2.800256831789812395e+01,2.824075570176302108e+01,2.871463723077630448e+01,2.830493536803123789e+01,2.837443725634625480e+01,2.778879476103060142e+01,2.805755259446391392e+01,2.818392506670954845e+01,2.836321127310560541e+01,2.729842317810420127e+01,2.745030709667605606e+01,2.723355579145578531e+01,2.810701361544170140e+01,2.750047873471748971e+01,2.690997662057986872e+01,2.695145786740920357e+01,2.878190364636577669e+01,2.887113133779109830e+01,2.841377220422037908e+01,2.816624488054861786e+01,2.901850001041208316e+01,2.865520436332064946e+01
2.854515423059660861e+01,2.780808060005500693e+01,2.862713845802238666e+01,2.752611509284446356e+01,2.811261577802315514e+01,2.798866066334863945e+01,2.876653557905865455e+01,2.828098993664940508e+01,2.919462815919479226e+01,2.850142935795844323e+01,2.824554436410409153e+01,2.839722646413326856e+01,2.849558731168178838e+01,2.826890034094242310e+01,2.827471716423377757e+01,2.757598374945536079e+01,2.738607808430191426e+01,2.750110826829887856e+01,2.755885497751353341e+01,2.735195613769462852e+01,2.892063552867472254e+01,2.868069322231355045e+01,2.826333115887445047e+01,2.917478652446669685e+01
2.834067920904857374e+01,2.939364736407117107e+01,2.766038473396434938e+01,2.863793172562958489e+01,2.822576774261813171e+01,2.827357144038109027e+01,2.821040636448896066e+01,2.867178486490428213e+01,2.777918284682300509e+01,2.833906164829778618e+01,2.726773072136120390e+01,2.818325201527153467e+01,2.801904621584429833e+01,2.811019978443772516e+01,2.744372903243549899e+01,2.721481809570946098e+01,2.754379201847450531e+01,2.739370027701346544e+01,2.701814833367313895e+01,2.805975967395306725e+01,2.865705280554681167e+01,2.762832295792975401e+01,2.902479304004737060e+01,2.855213558274766683e+01
2.903631573512859632e+01,2.916579348382151693e+01,2.821402845608861298e+01,2.763000300576442214e+01,2.856031652703899226e+01,2.849601375242644963e+01,2.835081503381820767e+01,2.831150821611566926e+01,2.754061550852412665e+01,2.799836821018607225e+01,2.769861485260258860e+01,2.841730264720183641e+01,2.819678568004604813e+01,2.793872426884536253e+01,2.788770105837545543e+01,2.826818872935473337e+01,2.727928059072002043e+01,2.739098729495566431e+01,2.785270074162457377e+01,2.858366899368064651e+01,2.823995625670119125e+01,2.831494853181754934e+01,2.874388139967231837e+01,2.852997963122783176e+01
2.828548274629747539e+01,2.860910684341905608e+01,2.904269200171552257e+01,2.821508287855800745e+01,2.877621952336033928e+01,2.868101969464555623e+01,2.827484957790574072e+01,2.925206511901563999e+01,2.763729144199129450e+01,2.921143645232262998e+01,2.871142240398569356e+01,2.833365055078638761e+01,2.799219885586410328e+01,2.705186778936604242e+01,2.802289087578321869e+01,2.812875944021408259e+01,2.668500142484231219e+01,2.680341920446898030e+01,2.748500100975769556e+01,2.836481530026287601e+01,2.899715712698929337e+01,2.824298110394852301e+01,2.820335623145552972e+01,2.909626023490170610e+01
2.882339479480845057e+01,2.865529751827523341e+01,2.904893683461671117e+01,2.831073945207992892e+01,2.889073573830035002e+01,2.916363527823864388e+01,2.886915985691570086e+01,2.778655648655603727e+01,2.812602423296516463e+01,2.876679567172010366e+01,2.800826398242384130e+01,2.815792852129391122e+01,2.846998757934932200e+01,2.815093025982184827e+01,2.801683850090961414e+01,2.829785494169607318e+01,2.732540386766947904e+01,2.711650571613319016e+01,2.746793427861916825e+01,2.827106484053706481e+01,2.854021098115043742e+01,2.862280179297158611e+01,2.852052090687084274e+01,2.801627648672280202e+01
2.888565757666191303e+01,2.897437505972970939e+01,2.829747522286487538e+01,2.853001430128057336e+01,2.849356036912337231e+01,2.713605083025726117e+01,2.840720033565872882e+01,2.953880598400621693e+01,2.809470132435404821e+01,2.782814477971862743e+01,2.842005457656352974e+01,2.815693649840255830e+01,2.787379123687986748e+01,2.697214367088554354e+01,2.741916196641767556e+01,2.793042336063172115e+01,2.729280257320135661e+01,2.678748907643358734e+01,2.849520820363721896e+01,2.839491681674246593e+01,2.802959914507505346e+01,2.854775670236409724e+01,2.884914835055434423e+01,2.860478082864011640e+01
3.136937133172256154e+01,3.201062119193346689e+01,3.115713721047524132e+01,3.194105585502285294e+01,3.011948882939634586e+01,3.075777385464692770e+01,2.943878709232245683e+01,2.969830613146916676e+01,2.884985357126851113e+01,2.960667251877555373e+01,2.904222228090418412e+01,2.913174114449611807e+01,2.827022787855986508e+01,2.766763336077582380e+01,2.823636302113442298e+01,2.698863289867222193e+01,2.706323902343217469e+01,2.709744008400565463e+01,2.912872380694102503e+01,2.879051935797014039e+01,2.942454037596263561e+01,2.883578861047482178e+01,2.878126087272033828e+01,2.909085896329764864e+01
3.136980185709973057e+01,3.149589302851785533e+01,3.146105628073286198e+01,3.257240820705771966e+01,3.167513204779032776e+01,3.072058333015826292e+01,3.013811168518986960e+01,3.007095602918553823e+01,2.894189424255034737e+01,2.899810230036939629e+01,2.881375310396339273e+01,2.925415280147723252e+01,2.747730262640618548e+01,2.769340389760520793e+01,2.823901352946165844e+01,2.816797822448319266e+01,2.760200137581193758e+01,2.785663409660338630e+01,2.853941491114574092e+01,2.863657120380429433e+01,2.898242953246517573e+01,2.872966061768369173e+01,2.868451697412160684e+01,2.886001702433492255e+01
3.100004018081727963e+01,3.097687052714962874e+01,3.177076994075304128e+01,3.135918094989301608e+01,3.082262052177503620e+01,3.215854012459953992e+01,3.142343753643297077e+01,3.170765597736919972e+01,2.841009211555348202e+01,2.823043073196760133e+01,2.910935084756238211e+01,2.921643659166511497e+01,2.803552296946116940e+01,2.668484345736032992e+01,2.805340182711285024e+01,2.767392136662692792e+01,2.626819586253662919e+01,2.709838382610081453e+01,2.726293934764623828e+01,2.806866326170364800e+01,2.751497336001045824e+01,2.955215716017715977e+01,2.910441833684927815e+01,2.887965660507808252e+01
2.985141705416646118e+01,2.895720983263481685e+01,3.015577425562776170e+01,3.110486861250217316e+01,3.121393604470995342e+01,3.110636347487621833e+01,3.051426196137572333e+01,3.121009234467754823e+01,2.885748719941193485e+01,2.854403618850943758e+01,2.846926085259644879e+01,2.854294191176683171e+01,2.780098987713608949e+01,2.716636123004087722e+01,2.835243825978471932e+01,2.752847618753236247e+01,2.636573284671680995e+01,2.656281078345796232e+01,2.754995778735172962e+01,2.824260694715150066e+01,2.878940231461029953e+01,2.881086558029107891e+01,2.943718980283540532e+01,3.011461427938945690e+01
2.939152949959344596e+01,2.880089005768849120e+01,2.895854631125899914e+01,2.758348971404933536e+01,2.906904054775668556e+01,2.879682354681330025e+01,2.936603393978913346e+01,2.998134828167843580e+01,2.896964626573196711e+01,2.816644223844372164e+01,2.871957536727973093e+01,2.914516932387067527e+01,2.814423331256335814e+01,2.770542328825831646e+01,2.779594388341189415e+01,2.791357623971157409e+01,2.749351705100104937e+01,2.689911563800245631e+01,2.793435746576000156e+01,2.892424828042442186e+01,2.909055489162335562e+01,2.957095758312203770e+01,2.856522257938661369e+01,2.854399252169048395e+01
2.896263818887894104e+01,2.890525658024148470e+01,3.008541407387662048e+01,2.926814176081853702e+01,2.788166072331728174e+01,2.931455292103305510e+01,2.978222523113151965e+01,2.948183617895682573e+01,2.874902855458117301e+01,2.793699455624198436e+01,2.842180458081980987e+01,2.934833643499666778e+01,2.800235801024660987e+01,2.728798347906632671e+01,2.885701393098202061e+01,2.805759069837040443e+01,2.714630644333067266e+01,2.701390216444923453e+01,2.885998443377320655e+01,2.720478223687115360e+01,2.889214907484523565e+01,2.899121290784643179e+01,2.927015299390473047e+01,2.829587698809797303e+01
2.891137657514497050e+01,2.707371232659170346e+01,2.787596277909705123e+01,2.804527772928150853e+01,2.792660894692545526e+01,2.882813120006096597e+01,3.041500169304833889e+01,3.050122846904218932e+01,2.820519731906563266e+01,2.847938119406893520e+01,2.847648715739626368e+01,3.116881222170394494e+01,2.808423097283417746e+01,2.683228189768504990e+01,2.844258310656408639e+01,2.732002724945385808e+01,2.722319719367499147e+01,2.685539183170743627e+01,2.827613034654382318e+01,2.762501651855262708e+01,2.889315712010574089e+01,2.902349123064374226e+01,2.790441513804944407e+01,2.846388313857750063e+01
2.881691328309835853e+01,2.913215456426735273e+01,2.804207482027248943e+01,2.874842279333802253e+01,2.860818644250042553e+01,2.890240429990507209e+01,3.103211368226362765e+01,3.138846546743297949e+01,2.868443576264257899e+01,2.787193846917460860e+01,2.958356899473278645e+01,3.063928189202226804e+01,2.845045547213914006e+01,2.815189230195051096e+01,2.823985782138805689e+01,2.754494535606073669e+01,2.573633289803893831e+01,2.664272416376462616e+01,2.788659245860645797e+01,2.915591405903563782e+01,2.790063072468092287e+01,2.769948480097929178e+01,2.761409936945051413e+01,2.869092739280222304e+01
2.937041117916089661e+01,2.886865501404832912e+01,2.805139596588213635e+01,2.861402217215118071e+01,2.902959993779541037e+01,2.991674058118428547e+01,2.959029413248191531e+01,3.080688510624707988e+01,2.930863018491459115e+01,2.901065870276840997e+01,2.967182096504035371e+01,3.026544827222096501e+01,2.826818027856609206e+01,2.832265421822933149e+01,2.704342559901908771e+01,2.785063568061292472e+01,2.729692748355756748e+01,2.732338372763825873e+01,2.873116036597178891e+01,2.768929197651749519e+01,2.885665816803589223e+01,2.967558341599823279e+01,2.763930279537339629e+01,2.786106714117840966e+01
2.780865330452485296e+01,2.919770648816125913e+01,2.880802391067589951e+01,2.854965146901770368e+01,2.982841792607644038e+01,2.854696655255298765e+01,3.000529350603710554e+01,3.026483816700493890e+01,2.921059137968308050e+01,2.870767422107024913e+01,3.002624166399687056e+01,3.069674596761865359e+01,2.728798853846757311e+01,2.833920662060569384e+01,2.747974826533140913e+01,2.795207034729264706e+01,2.706431413667303332e+01,2.716313884674900692e+01,2.871888444674976881e+01,2.786003437125089022e+01,2.776202746943687316e+01,2.864619765742321533e+01,2.907529680862052146e+01,2.861078758384508092e+01
2.757871308472977034e+01,2.834011900831609410e+01,2.857832229156446147e+01,2.835648518013243802e+01,2.941161015890520503e+01,2.995566174475197840e+01,3.135238439529956622e+01,2.929093682103331275e+01,2.900872018331108393e+01,2.912176946230039221e+01,2.909807555670175816e+01,2.906078020746792845e+01,2.827541466767689826e+01,2.855772090167556598e+01,2.862628101724794760e+01,2.661948620293179602e+01,2.652053117729292353e+01,2.718025112294077417e+01,2.825038852971800907e+01,2.790887376499387074e+01,2.799291136671087088e+01,2.867483184789369943e+01,2.743428619365170107e+01,2.872389615926971373e+01
2.889247458410773106e+01,2.875194422899818392e+01,2.852925280121723972e+01,2.824313982985580651e+01,3.052623353806706064e+01,2.832883754003438526e+01,3.058635095791311187e+01,2.890192517172260978e+01,2.920050521895791462e+01,2.949210459873393120e+01,2.853972908742952086e+01,2.855174640819558363e+01,2.766842473124438584e+01,2.694451362718950804e+01,2.799597756943745708e+01,2.742392258223310364e+01,2.772720819186923791e+01,2.654150531236882671e+01,2.796573653286219496e+01,2.815613585607775349e+01,2.834738466416860092e+01,2.768279990510609423e+01,2.807893124084660030e+01,2.769327547567309011e+01
2.918858539599324331e+01,2.807209125091918622e+01,2.915103937082415086e+01,2.882320456740927739e+01,2.809581107636574870e+01,2.877679328887626298e+01,2.822599478021612640e+01,2.927501989492049006e+01,2.886990356571965322e+01,2.940513677573926543e+01,2.800514997799098182e+01,2.874417124120293465e+01,2.790079737999025156e+01,2.738511220877188634e+01,2.800313497334229851e+01,2.680927477053199937e+01,2.748881954318926546e+01,2.759084100765926451e+01,2.846644087638560450e+01,2.744890559931610596e+01,2.844176855179966878e+01,2.869419257609263241e+01,2.947279836586619695e+01,2.892151648880013681e+01
2.789530230405699740e+01,2.754885764055336494e+01,2.913956011447135097e+01,2.842169751520827958e+01,2.908090558972492090e+01,2.988494305791869010e+01,3.045073614380697791e+01,2.836311464275473782e+01,2.933288826025057006e+01,2.819918184392565763e+01,2.857281401054098069e+01,2.904995793632639334e+01,2.748834820962503045e+01,2.801585060113035297e+01,2.777091196498901127e+01,2.728880454889792873e+01,2.647101280319964189e+01,2.640348314484725734e+01,2.864584423618401843e+01,2.912610087256689440e+01,2.857950236139578237e+01,2.801353309257456203e+01,2.976783929208892232e+01,2.895152896683333665e+01
