2.763441178919578078e+01,2.904422017344433016e+01,2.817186205331614701e+01,2.968492779869211518e+01,2.868003127740053060e+01,2.867273050061925233e+01,2.893722568961533170e+01,2.793203548918137358e+01,2.935013993863213955e+01,2.841489207617911461e+01,2.853011361188629280e+01,2.912366474239007630e+01,2.832793904135951379e+01,2.896511625945100832e+01,2.928369626003490112e+01,2.874786460548256173e+01,2.874428264758762452e+01,2.913067905931808355e+01,2.942475078259849397e+01,2.955568724442611028e+01,2.946999759837308375e+01,2.873372641579601350e+01,2.857900044845615639e+01,2.953108230370844467e+01
2.920743327332257877e+01,2.826436818373093729e+01,2.832433973811123451e+01,2.790551632291163742e+01,2.903357306240400248e+01,2.742974459756294436e+01,2.839181612751622197e+01,2.823410221962069500e+01,2.783504562591178910e+01,2.968917105548473501e+01,2.806346839739529742e+01,2.816745864783240449e+01,2.990210300894500506e+01,2.842234094772436492e+01,2.900386542204512352e+01,2.801589208648113072e+01,2.827471446076498296e+01,2.939502316963847761e+01,2.932411586356192856e+01,2.717055319107015521e+01,3.025613987345519718e+01,2.832640666838233301e+01,2.918905334487703840e+01,2.938342140341819686e+01
2.760663300576959500e+01,2.829925285310082472e+01,2.795921299752626510e+01,3.023620202000103063e+01,2.902462051114446240e+01,2.959892785242493574e+01,2.946259135122375028e+01,3.026352001347805754e+01,2.957731088087098215e+01,2.888491546892697670e+01,2.954885178734554074e+01,2.823421167030545575e+01,2.798234530030470069e+01,2.969157618119322706e+01,2.904388191411050002e+01,2.833505158378704891e+01,2.849379925788275614e+01,2.774629491921950830e+01,2.992250795379010242e+01,2.874728595393935393e+01,2.910769605797730719e+01,2.901806793806309770e+01,2.910579184394111962e+01,2.840519503171793758e+01
2.779943934493110191e+01,2.942274432017256913e+01,2.888790359132246977e+01,2.927473579807406168e+01,2.866362432603671095e+01,2.941302956875568952e+01,2.867660731813293751e+01,2.965379526226331564e+01,2.889302035512213251e+01,2.839713275106817036e+01,2.885341058182592633e+01,2.871070314604594387e+01,2.876853016914060390e+01,2.846118371982061035e+01,2.949360962339255821e+01,2.836321289139192459e+01,2.886875949271706077e+01,2.958178227521995041e+01,2.812492323958326779e+01,2.946833606580440801e+01,2.817324626325699910e+01,2.933579258448298788e+01,2.945806552883738050e+01,2.898505676991061364e+01
2.885365352165553077e+01,2.840344333933342114e+01,2.811371771773622186e+01,2.834796649925965539e+01,2.919358096010000736e+01,2.917054692221955747e+01,2.877000734748429522e+01,2.948723625942994886e+01,2.812481983825790621e+01,2.811016946873616007e+01,2.890083625159417124e+01,2.924312779927612382e+01,2.898034019408959239e+01,2.745954330870091553e+01,2.790559145622262349e+01,2.883615303487300707e+01,2.875734925284177734e+01,2.928770293085528920e+01,2.827683703298555429e+01,2.880393855863326280e+01,2.968232465772030082e+01,2.783146726616541855e+01,2.827940482308383707e+01,2.914343131011207788e+01
2.899641383844334541e+01,2.950976789798630762e+01,2.973653973703608244e+01,2.896053872890740877e+01,2.918243586976092274e+01,2.783140075773019362e+01,2.867958455071243407e+01,2.880458364929728532e+01,2.888565107688441458e+01,2.878568935333595391e+01,2.834251493095410979e+01,2.819267928357652409e+01,2.851457627120157667e+01,2.895983460994983716e+01,2.854930235330567712e+01,2.913059522379143118e+01,2.830863672288364796e+01,2.912622779322362021e+01,2.896663493998619288e+01,2.905083641055637145e+01,3.003717993787279283e+01,2.849124978411668963e+01,2.956254569743350658e+01,2.888574080462154825e+01
2.926905066885524320e+01,2.852564173775181189e+01,2.767878440765019832e+01,2.867526879962042585e+01,2.857457780328400077e+01,2.871111949495445970e+01,2.885527830120440740e+01,2.882489193125996962e+01,2.792062645961323142e+01,2.857816574566265899e+01,3.003204789788162543e+01,2.921244612321203249e+01,2.898114010308739807e+01,2.889840275748537124e+01,2.904691749466002193e+01,2.856481020497483314e+01,2.839345935356112705e+01,2.937565652870983968e+01,2.853175856753216522e+01,2.894389758532236101e+01,3.010019126024371872e+01,2.947412590618688455e+01,2.829357379271249329e+01,2.887352428889005296e+01
2.879530238062091030e+01,2.913054235312876017e+01,2.922597762146182276e+01,2.932232300498731092e+01,2.832716952357196760e+01,2.833556081190943132e+01,2.967443032805357461e+01,2.977990206882384427e+01,2.854042385787187186e+01,2.918122254916693237e+01,2.834029769032326840e+01,2.839371394184928477e+01,2.847959324796090641e+01,2.927399802635596870e+01,2.924100995404342029e+01,2.877082438572335832e+01,2.956807293515095125e+01,2.799324801628233672e+01,2.931571187028515624e+01,2.902652120378832024e+01,2.939420353198090652e+01,2.818459781233627837e+01,2.916584050163328357e+01,2.853374174097632476e+01
2.834010171466968586e+01,2.896698414911173813e+01,2.870694010872273338e+01,2.838800098511228498e+01,2.821023056187601696e+01,2.874874832059242635e+01,2.909071775620583367e+01,2.906109963285820186e+01,2.853111058457386662e+01,2.920304166099487020e+01,2.728950343456136807e+01,2.864081611263708282e+01,2.909424408407869578e+01,2.820032192956227846e+01,2.921093504679055286e+01,2.916565647406991957e+01,2.820700603295421161e+01,2.867880951096464059e+01,2.883676958226351417e+01,3.001541486554532412e+01,2.974724151192748423e+01,2.917138808300921937e+01,2.819011107816828599e+01,2.895727680606961485e+01
2.987501972913298687e+01,2.894102674323454494e+01,2.854015508338108020e+01,2.923013960855604410e+01,2.834722175040496950e+01,2.894371296125450499e+01,2.870166729159410579e+01,2.840077462294721045e+01,2.895823888862315698e+01,2.834528594349370678e+01,2.868949461685593860e+01,2.888513162376563059e+01,2.917347956526799635e+01,2.852802071522535243e+01,2.998545701777163686e+01,2.938082412344874683e+01,2.879097259308173307e+01,2.886038379952725563e+01,2.956759580934834730e+01,2.959379988564631958e+01,2.874608826992812283e+01,2.893784153596413944e+01,2.927872059815075545e+01,2.764170581224294665e+01
2.748113747048523692e+01,2.903469126890695406e+01,2.800150261969872645e+01,2.856963526552260646e+01,2.791107613936793541e+01,2.871845120042314647e+01,2.862519137056636964e+01,2.893152249531880216e+01,2.812945874847883942e+01,2.840738484677837050e+01,2.842170914419835981e+01,2.899928212516141457e+01,2.930532587442525028e+01,2.836504200813322996e+01,2.901246653676508913e+01,2.908106328236192439e+01,2.977824676062607523e+01,2.881136465162887816e+01,2.908134221134054087e+01,2.844976790595393368e+01,2.926589589203751984e+01,2.772763220056981481e+01,2.911705690167059402e+01,2.871820909555952994e+01
2.858766023017261659e+01,2.911050688902787442e+01,2.862659032297199246e+01,2.974797679274354323e+01,2.889793558265677120e+01,2.954545254286557565e+01,2.887934882231138545e+01,2.862518670761392059e+01,2.869394843708533926e+01,2.811266442212257743e+01,2.930131917409022435e+01,2.922586457101044743e+01,2.837427398584839011e+01,2.929301276470249604e+01,2.886928170132392779e+01,2.974761055616295380e+01,2.886776539744010961e+01,2.940223707989673585e+01,2.924391292020015953e+01,2.880443425633364996e+01,2.888648884078179435e+01,2.880285887623909957e+01,2.900961199336416030e+01,2.881003080434174990e+01
2.878261822140279946e+01,2.916030897050558224e+01,2.826136447204606839e+01,2.843306030693224784e+01,2.915726385549055522e+01,3.022022201558013421e+01,2.767395120578038359e+01,2.870944093434991373e+01,2.844183306190279836e+01,2.891772386052406318e+01,2.882994135457875018e+01,2.929659463185367940e+01,2.934653115612161400e+01,2.895501244147840225e+01,2.914473741882790137e+01,2.861139397781226990e+01,2.845268502770949226e+01,2.872390752641132394e+01,2.866440203464992464e+01,2.862609503296249613e+01,2.851542145868478428e+01,2.932129323634552520e+01,2.893586305164529904e+01,2.930712205581789931e+01
2.878926963357338309e+01,2.885656417893005710e+01,2.857545701561429041e+01,2.879958894895725052e+01,2.819606809122518598e+01,2.770388810007017355e+01,2.885128470224566399e+01,2.826037830564911246e+01,2.986262968976268439e+01,2.808127630040689837e+01,2.886508910937607197e+01,2.892283279032733390e+01,2.952252343981820104e+01,2.879355790408919802e+01,2.898496218134124547e+01,2.857626649286277143e+01,2.895188413988842058e+01,2.863456251463219360e+01,2.877623725689875300e+01,2.913227339000110305e+01,2.894145151370383928e+01,2.895488656308441477e+01,2.951700982933755313e+01,2.868814796474759987e+01
2.928707912125122448e+01,2.921196447488392778e+01,2.932807695577542972e+01,2.836534777838954824e+01,2.905487994589879008e+01,2.897986686340175311e+01,2.949625762424000186e+01,2.876321086250959524e+01,2.863654647125179054e+01,2.973777208228068503e+01,2.842884160817897055e+01,2.914247058706962434e+01,2.859342224886427175e+01,2.915561232921686496e+01,2.877623480337189221e+01,2.866686288730693377e+01,2.920198183234612088e+01,2.980779660273105947e+01,2.947169817600735087e+01,2.902330830532906703e+01,2.888040854282098735e+01,2.931026610446718905e+01,2.924941541018165481e+01,2.922252202546860644e+01
2.933026736134229395e+01,2.903240315208637412e+01,2.886595641646789545e+01,2.929473308304392276e+01,2.821402652636913899e+01,2.984173881915347692e+01,2.957875056511306866e+01,3.000677155491467829e+01,2.856182856518660174e+01,2.894809056843166672e+01,2.845344806406853877e+01,2.936001693290296544e+01,2.935223907705022839e+01,2.922045585525916067e+01,2.921281951811425870e+01,2.881585059367159829e+01,2.876146174315084636e+01,2.852599084190984513e+01,2.874803642388923208e+01,2.993737582948062936e+01,2.910921085513285789e+01,2.868865804312764567e+01,2.854441653010309210e+01,2.959072460260125581e+01
2.847334114392725724e+01,2.941453445272384215e+01,2.867769572667356215e+01,2.865645726748334710e+01,2.900328389999475576e+01,2.790129811442778873e+01,2.828403162492793399e+01,2.904506370252590841e+01,2.886563757744607983e+01,2.883093578454116823e+01,2.824283853378778986e+01,2.919537976847249183e+01,2.884264067528056330e+01,2.802993642037137079e+01,2.903075675369694864e+01,2.817896567382274498e+01,2.923404669255694444e+01,2.869477799020046405e+01,2.871807449363546993e+01,2.950642387199980021e+01,2.829453570089503955e+01,2.991166164778405800e+01,2.916879160669378734e+01,2.936123578428185965e+01
2.891968367559769604e+01,2.898756222264739790e+01,2.904809018399930665e+01,2.925849277238938839e+01,2.915028759504969003e+01,2.917499133501740971e+01,2.765858717232771369e+01,2.878147777433389365e+01,2.832825602968540579e+01,2.935120269890802547e+01,2.946316086320507566e+01,2.967424683841056776e+01,2.889442750763799950e+01,2.863331628791831918e+01,2.908947067611131843e+01,2.862111353490581678e+01,2.933638849964773954e+01,2.917176529119888073e+01,2.957068898487864317e+01,2.913227339000110305e+01,2.950207277705794695e+01,2.933538931139861461e+01,2.933588898548083534e+01,2.873188591230882594e+01
2.832864089240842986e+01,2.903204454263328671e+01,2.932592364320294109e+01,2.868092611450146023e+01,2.796703021531624245e+01,2.880538171605354592e+01,2.920292917324337623e+01,2.962957071447618773e+01,2.961373769355321883e+01,2.919349394585310620e+01,2.896164076217974070e+01,2.888325635617388798e+01,2.897838782075962172e+01,2.854742050430587597e+01,2.895388414067514304e+01,2.902677854306909921e+01,2.950716132897684929e+01,2.905228153001104374e+01,2.954305130324451056e+01,2.988947243832456024e+01,2.936647197875612392e+01,2.982466673668591284e+01,2.928261236634546094e+01,2.923753988558473793e+01
2.929155898049361895e+01,2.924008332053381309e+01,2.890123559370505291e+01,2.842812379613832263e+01,2.953107739661692221e+01,2.856700543184064145e+01,2.888675494241692832e+01,2.881239915337965840e+01,2.852772365792952769e+01,2.890724733134572944e+01,2.892006599699328717e+01,2.934187447257488657e+01,2.923534503799550066e+01,2.910058592766142738e+01,2.929837470574494773e+01,2.953926872296028705e+01,2.870860699700398300e+01,2.961538231615151062e+01,2.830241433634239456e+01,3.007993623281964801e+01,3.029604300972169995e+01,2.986629085387619398e+01,2.993650210513368393e+01,3.008649059338648613e+01
2.950090755264085374e+01,2.833784755008122147e+01,2.792902955927320363e+01,2.845747953954207787e+01,2.902528207097884660e+01,2.899625456386894484e+01,2.861562631282447455e+01,2.977665597060212122e+01,2.832626357705078135e+01,2.813771565848674072e+01,2.951957730405496250e+01,2.994565788041592214e+01,2.859764408432329219e+01,2.889150046912470771e+01,2.975505735536756902e+01,2.888696829097847285e+01,2.971337209301145776e+01,2.984591009847719079e+01,2.952858133421750608e+01,2.981708776428484953e+01,2.938610972260437393e+01,2.983782454752162039e+01,2.960978332240114241e+01,3.028188812748101100e+01
2.972044915648416463e+01,2.919657415929356148e+01,2.850022724166825583e+01,2.801319139883156595e+01,2.942342979776975653e+01,2.896593180865755812e+01,2.976907368311816526e+01,2.773295242447090914e+01,2.930206442374770859e+01,2.931856609600168895e+01,2.888634900524556315e+01,2.943943930893038896e+01,2.973080482891191423e+01,2.908984257093055703e+01,2.942983348261213905e+01,2.960332456871287832e+01,3.060451954943471264e+01,3.012782572480301724e+01,2.986035620029753090e+01,3.087215868703196975e+01,2.925756008888038195e+01,3.013616917982210452e+01,3.049546025902481006e+01,3.043922099063411224e+01
2.867543817842954468e+01,3.026630232341955207e+01,2.899733811519456594e+01,2.819010822832825625e+01,2.887987336881479905e+01,2.842531650256796638e+01,2.862358347504073208e+01,2.835569749020368135e+01,2.874952417029032858e+01,2.864986353631280735e+01,2.900645376637498885e+01,2.925719306362589123e+01,2.943228065940672877e+01,2.899734690090292588e+01,2.858314524570283766e+01,2.920561457133885597e+01,3.157157109903522496e+01,3.302078385888620460e+01,3.325234154164701295e+01,3.200433958598034678e+01,3.082660896711519172e+01,3.130403631468129788e+01,3.075239570694702707e+01,2.964500244114265115e+01
2.866974193707619634e+01,2.797612746692675501e+01,2.800379739998868445e+01,2.795732807441322620e+01,2.957356642209327902e+01,2.930553366427261608e+01,2.796302253012407846e+01,2.944569508173867689e+01,2.835162100587052691e+01,2.908567912651454890e+01,2.871663289539350217e+01,2.945088891630786065e+01,2.901173274864748919e+01,2.947789944176662402e+01,2.896373142248893373e+01,2.917469942457694287e+01,3.110253163890797623e+01,3.348712374728131635e+01,3.228773497836897377e+01,3.185861887319680363e+01,3.031018972897516051e+01,3.110845202244274788e+01,2.928130194278401177e+01,2.997093371655461169e+01
2.735341380597839134e+01,2.779365868488054048e+01,2.833464825837558010e+01,2.828708096742576572e+01,2.866885656148554062e+01,2.881624745861751080e+01,2.985446756975312610e+01,2.922473113669201439e+01,2.852773520982424316e+01,2.897083724627771062e+01,2.930612958670695889e+01,2.904320496061274071e+01,2.974262571466988447e+01,2.884471132737030530e+01,2.889613852576002273e+01,2.777905849174516106e+01,2.941699102133014776e+01,3.191900831629789081e+01,3.122299700965351121e+01,3.112432976775829729e+01,2.958610502923158947e+01,2.971823201394511216e+01,3.004371702151820500e+01,2.888161393528935150e+01
2.853856481265779621e+01,2.799857630977544432e+01,2.912552556983911245e+01,2.860677860673212081e+01,2.919291869783762650e+01,2.853271512587980396e+01,2.885490781144676475e+01,2.886296387440989974e+01,2.902648144198826685e+01,2.838073942575380215e+01,2.953801639086202613e+01,2.849770264965144406e+01,2.982447645923764412e+01,2.969297607269015771e+01,2.906398004218516462e+01,2.993004088587537126e+01,3.009942289275011262e+01,3.010350872294623059e+01,3.141618004944331233e+01,3.054175642230967469e+01,3.009951491979501270e+01,2.880978264511503539e+01,2.936282514674377353e+01,2.984644740650315953e+01
2.776637227153844378e+01,2.904519238005008219e+01,2.754306940276069327e+01,2.913682210575484532e+01,2.849974502794799491e+01,2.822207708986445596e+01,2.885856611790211446e+01,2.895674348871227721e+01,2.857300684251669054e+01,2.846705969072229436e+01,2.929441628829084721e+01,2.862852430069972343e+01,2.861269822962492526e+01,2.885126965811639366e+01,2.848350263521291481e+01,2.927811174792117299e+01,2.985140440405098161e+01,3.061422583512711526e+01,2.932074623633548072e+01,2.924310059432360731e+01,3.043189422705336256e+01,3.010868511516679291e+01,2.951438826270623395e+01,2.974387921852576255e+01
2.828887950708718790e+01,2.803990389570395791e+01,2.853174971802764048e+01,2.845954572559384133e+01,2.830802709459396738e+01,2.958388342843761620e+01,2.947215651136184533e+01,2.858178110972187369e+01,2.885332063934339430e+01,2.908249834218713659e+01,2.984451699464295871e+01,2.904251524837604848e+01,3.023414772802937023e+01,2.905296422016289171e+01,2.932839108302164277e+01,2.904249987757361851e+01,3.022424627852456069e+01,3.085120131497262719e+01,2.933122653435964367e+01,2.999155983102332357e+01,2.901672670060838755e+01,2.948815849656608634e+01,2.918777901714202017e+01,2.953803013099985719e+01
2.809063129836914641e+01,2.881058417817962436e+01,2.786945397699878413e+01,2.807995596426684415e+01,2.848581360100132542e+01,2.843000119206635645e+01,2.903221672592206914e+01,2.876292966961256070e+01,2.885354244708327087e+01,2.953505111130471050e+01,2.836201231154058178e+01,3.019193455725422837e+01,2.828420064157330671e+01,2.893666328050130687e+01,2.847062466521998658e+01,2.955311946372404464e+01,2.920541215549297931e+01,2.984961859796737826e+01,2.848744646074044340e+01,2.893870356977242864e+01,3.028934646576016121e+01,2.876026065794161468e+01,2.820504138392743698e+01,2.863341852637233842e+01
2.844343546752338625e+01,2.899315524881836836e+01,2.873284254085911016e+01,2.775194491091991722e+01,2.939808180265765714e+01,2.887396187178666196e+01,3.006994591106962389e+01,2.896557072736896998e+01,2.827984646105659294e+01,2.837215393466408386e+01,2.838451169469550450e+01,2.915447562226825085e+01,2.902816370740310958e+01,2.905048838692954405e+01,2.993955579258721400e+01,2.993708729132384860e+01,2.893872941518645803e+01,2.970075968944001943e+01,2.961605521086119097e+01,2.841928406449699196e+01,2.987882013249452484e+01,2.841193985501297448e+01,3.056343083823077222e+01,3.060964054523367395e+01
2.852099854019917302e+01,2.766706485728286680e+01,2.870765001795365379e+01,2.790153900767762707e+01,2.762563315277725451e+01,2.852691306649080616e+01,2.925741309806443269e+01,3.005914424962833209e+01,2.857487440650777444e+01,2.973539802904986118e+01,2.892693557453674202e+01,2.985709471970227469e+01,2.880607172289234086e+01,2.990676826925368914e+01,2.955417772331639981e+01,2.755611789396971290e+01,2.929331321413121714e+01,2.938742208032687131e+01,3.008054262048858618e+01,2.909555030529179476e+01,3.081426260917993432e+01,2.866060082972438749e+01,2.923791119636786107e+01,3.056221431989985149e+01
2.750605030222232017e+01,2.766393881771318775e+01,2.722648379550707887e+01,2.675337348228947576e+01,2.792132613976144739e+01,2.849933343647990114e+01,2.864981343257659319e+01,2.895418656398294388e+01,2.904975963457991384e+01,2.853192946445517464e+01,2.933184647039109905e+01,3.040113482388881039e+01,2.924416190368441448e+01,2.912859179872020832e+01,2.998743727024259442e+01,3.009434946321670168e+01,2.788409127856328951e+01,2.800393699745620779e+01,2.924303669444111620e+01,3.099815001199851849e+01,2.855975243716301293e+01,3.023507833279705892e+01,2.835876270356442319e+01,3.036633860834280085e+01
