2.527315262535000784e+01,2.701877744115080304e+01,2.511282791741109577e+01,2.543600422496575675e+01,2.447452113676553154e+01,2.477887468080433564e+01,2.367869057363935781e+01,2.554908826211124051e+01,2.564177393069599020e+01,2.516087879828666019e+01,2.504202757073045404e+01,2.432997583554265475e+01,2.462959891985576633e+01,2.418108556085718419e+01,2.355682967222060142e+01,2.529360076569042803e+01,2.477986513210521480e+01,2.520000218319739815e+01,2.590675092455279582e+01,2.511570463219231897e+01,2.540407123160861147e+01,2.583130694342548850e+01,2.608565711417116972e+01,2.528765056850716064e+01
2.443176842255115844e+01,2.570983932926515081e+01,2.508393765962262023e+01,2.442749503235461361e+01,2.516474698148562084e+01,2.500190681236546197e+01,2.511483213613405496e+01,2.565552851933773582e+01,2.410459630167252953e+01,2.603022241761289024e+01,2.401271578314441513e+01,2.345975034447138796e+01,2.488657673685111149e+01,2.378350453316124913e+01,2.456118081918850748e+01,2.375676163513463734e+01,2.463994218393173696e+01,2.577434815732732432e+01,2.479716691917496973e+01,2.526048895187176413e+01,2.443640419020067611e+01,2.591656601877269850e+01,2.509211816211524138e+01,2.523753245653034583e+01
2.533760993106983506e+01,2.429508089130644066e+01,2.551132553883547871e+01,2.475031097763377375e+01,2.552600840110164881e+01,2.504478517105468427e+01,2.319564929193211356e+01,2.412646173835008767e+01,2.474991408725242081e+01,2.428390621771922042e+01,2.397739316193695913e+01,2.370795028238779878e+01,2.469452648094215874e+01,2.482748324948465779e+01,2.372974659451534762e+01,2.488399044646052971e+01,2.538184476678566170e+01,2.420664644195915116e+01,2.406030439546304933e+01,2.498877014322715695e+01,2.545764779359171825e+01,2.646502507536223447e+01,2.462135177989739532e+01,2.529484282127572214e+01
2.480899802763292428e+01,2.477012983968262461e+01,2.411580915947843096e+01,2.457268206736688398e+01,2.588207724115488872e+01,2.464517453696032590e+01,2.574639410905211889e+01,2.481451545293066374e+01,2.541204748161806037e+01,2.511065675535769515e+01,2.458959781591107685e+01,2.485752310135154630e+01,2.497100813656476248e+01,2.445982888313079684e+01,2.445281555628946535e+01,2.593287860846703552e+01,2.398201087836412171e+01,2.511555864784128289e+01,2.460303583522568260e+01,2.510242166987120527e+01,2.545254296895666357e+01,2.637738497145022620e+01,2.623289037188811790e+01,2.615856710410923824e+01
2.381944513682128672e+01,2.463457985327357846e+01,2.422576945531244519e+01,2.453564102474712172e+01,2.503164529100325808e+01,2.527508722694989274e+01,2.437150087134762089e+01,2.478274639721541917e+01,2.380388837107136624e+01,2.421842994164717311e+01,2.538181373489589987e+01,2.459499138765727366e+01,2.471757708366544648e+01,2.490606785279038604e+01,2.441847474299788701e+01,2.518730006106443398e+01,2.542957601028541603e+01,2.578244204620403934e+01,2.567727859718087302e+01,2.441905688251085849e+01,2.562808122009340650e+01,2.557441625737521917e+01,2.535189967481585427e+01,2.450359450841023090e+01
2.499320407166777613e+01,2.463894596879322307e+01,2.505529632434127052e+01,2.496335497065484788e+01,2.531757179355787457e+01,2.374655341445742351e+01,2.485784735738349127e+01,2.481063364172882757e+01,2.497555971143640363e+01,2.487871901540506769e+01,2.375686097786217488e+01,2.380141230332395708e+01,2.525641544575887565e+01,2.551488704947638553e+01,2.490260541442916065e+01,2.530281175987011011e+01,2.481942994453316942e+01,2.524810431651491172e+01,2.446943766578999657e+01,2.511312753929883002e+01,2.550808843771636703e+01,2.507007493413152588e+01,2.391269301873467157e+01,2.530966768114751630e+01
2.463893522838520767e+01,2.464166784619555983e+01,2.517325385721505882e+01,2.433887045197036514e+01,2.450651771360929843e+01,2.532416463234943649e+01,2.337255567788980670e+01,2.399358212030341519e+01,2.404837662772047224e+01,2.419690610180117574e+01,2.461311394616194548e+01,2.490762848634818738e+01,2.315685184936467067e+01,2.441730581579213322e+01,2.493621994789691598e+01,2.518283758504975367e+01,2.456717902327295633e+01,2.577957236889824344e+01,2.543684021134606610e+01,2.567161433479554944e+01,2.525453008731318505e+01,2.536848876612873482e+01,2.522691529858076365e+01,2.539573138053759749e+01
2.448836660227806306e+01,2.402096715978848351e+01,2.464459705421813851e+01,2.522345999544722872e+01,2.455453217304943792e+01,2.418693656590926366e+01,2.446848461583090284e+01,2.441860359552953241e+01,2.379921666003451719e+01,2.353521282784714685e+01,2.440225911190924535e+01,2.464154274858736926e+01,2.491953591419058966e+01,2.481150244678917716e+01,2.496316727306140137e+01,2.429561066866421015e+01,2.508918377052225424e+01,2.548840525164450810e+01,2.476945126308305589e+01,2.442776678138608304e+01,2.456483023803991728e+01,2.502666307311949367e+01,2.514818113351373086e+01,2.547480976750517812e+01
2.542550614487367966e+01,2.464472690019749734e+01,2.450759006449192157e+01,2.405024272734499391e+01,2.489733539103480098e+01,2.338774726769207746e+01,2.454642013746143903e+01,2.492898413723304429e+01,2.461382490333869555e+01,2.425168054415297547e+01,2.376580800484526890e+01,2.411449137498107120e+01,2.442184638390961027e+01,2.385913893490089777e+01,2.449939146193480610e+01,2.517154200909476458e+01,2.541861435378535816e+01,2.360870541923151222e+01,2.567650498015910898e+01,2.511162433857617771e+01,2.562387168294509365e+01,2.520407937671910759e+01,2.404323064804742671e+01,2.481917617281283128e+01
2.423900215356968602e+01,2.483583732170376379e+01,2.355048715115174218e+01,2.491406292682722778e+01,2.452213004508178074e+01,2.403789551124117452e+01,2.442088234663566482e+01,2.413799389591622457e+01,2.527733564563385471e+01,2.518527389138023409e+01,2.556685745863705961e+01,2.400434939302760995e+01,2.439660490508754265e+01,2.459296646944920894e+01,2.504467342051918877e+01,2.475116532466336139e+01,2.517961861682147173e+01,2.418899287529382036e+01,2.537230013109626725e+01,2.556261838838986478e+01,2.425308697138643765e+01,2.460684863013835866e+01,2.407663821767977197e+01,2.409445444643949941e+01
2.396857842988578113e+01,2.419109585569395904e+01,2.481781462557006535e+01,2.349039395398858687e+01,2.384777133567865803e+01,2.511560090013841773e+01,2.352374929128245640e+01,2.617765401773351641e+01,2.674136739705983246e+01,2.633815433706109843e+01,2.754525778963466109e+01,2.694952572018820547e+01,2.415453057158015326e+01,2.407148065309422691e+01,2.542458348310833571e+01,2.448476917660849494e+01,2.547176814409743884e+01,2.640233983123431472e+01,2.595977100090590284e+01,2.584775516224016201e+01,2.552935635478507947e+01,2.506030756628024392e+01,2.432883564947633204e+01,2.427901249452236243e+01
2.430622689935097469e+01,2.531488365553673248e+01,2.412042943411319129e+01,2.396961495148025278e+01,2.435149237378686848e+01,2.467350901229343663e+01,2.480446916673531632e+01,2.687829830552857402e+01,2.715162072458343800e+01,2.723580220848089084e+01,2.709444352395769329e+01,2.717370707304758071e+01,2.463826811452156562e+01,2.421783727295968447e+01,2.442527574738369367e+01,2.413537984840320405e+01,2.493591072335487979e+01,2.546897174845281597e+01,2.630181190661795654e+01,2.547026321395634341e+01,2.467743476977966566e+01,2.473677182380600925e+01,2.446402226680049807e+01,2.384410114224374411e+01
2.522173499939202657e+01,2.508472945070019477e+01,2.554857075460392934e+01,2.519626246110993861e+01,2.469181120950702280e+01,2.421782777834170020e+01,2.645753269734132118e+01,2.834373521211915659e+01,2.990999456055180872e+01,2.986871801805898485e+01,3.026504159077506984e+01,2.875077163299459926e+01,2.502999946426882616e+01,2.432328794418936013e+01,2.562548127616571492e+01,2.475353952222855014e+01,2.470792783458136910e+01,2.534344252263230146e+01,2.608320974875874754e+01,2.484201203104214528e+01,2.517743398144062894e+01,2.438151331554297485e+01,2.446291559701325014e+01,2.428803093784006251e+01
2.521191297964691103e+01,2.531475456163963145e+01,2.608071406518791946e+01,2.613266961080114470e+01,2.482623439428829215e+01,2.577466133946569471e+01,2.678144430264023867e+01,2.992988019821319767e+01,2.982126561165034673e+01,3.063713870795857019e+01,3.047102190211120387e+01,2.968663165020069528e+01,2.489685622141763588e+01,2.397590857675771758e+01,2.429861466803049552e+01,2.504879273568803910e+01,2.471607734040696869e+01,2.641045208706339054e+01,2.588655825042968672e+01,2.521647269801479752e+01,2.404268749690737650e+01,2.367473171426604495e+01,2.360975949828520015e+01,2.400866151194878739e+01
2.490653035320656272e+01,2.431143142112671285e+01,2.475769940803672853e+01,2.531905716227771563e+01,2.478321078057877003e+01,2.476018125716979057e+01,2.725554478654106560e+01,2.959971388420234462e+01,3.122008779014191759e+01,3.211698476400772506e+01,3.095575675841547536e+01,2.728506482354407581e+01,2.452982396792032205e+01,2.395274788037579583e+01,2.421472103884440230e+01,2.428629402088319011e+01,2.477336964493832738e+01,2.506646034074049112e+01,2.552019529522272023e+01,2.454316890552985342e+01,2.446285891749420216e+01,2.437402513852129005e+01,2.493621378924910914e+01,2.434239262224542699e+01
2.495853248268980451e+01,2.509685279487695198e+01,2.466871146408169579e+01,2.570120826883140808e+01,2.395317668368539898e+01,2.583621039734066471e+01,2.821598360079087797e+01,2.946488084164940346e+01,2.984451259791075017e+01,3.002513661031724723e+01,3.082369805849214117e+01,2.911596112546590120e+01,2.535934046165215250e+01,2.521875878568209828e+01,2.505995209720401817e+01,2.513620314186573523e+01,2.454680040446362455e+01,2.463067206904628392e+01,2.568368604174986558e+01,2.586544577243620324e+01,2.440647062333601980e+01,2.429944372587794987e+01,2.365933796901839514e+01,2.526806602914462019e+01
2.433037364980043549e+01,2.421151756804613342e+01,2.653545482128834010e+01,2.653531020055675071e+01,2.967400391477826815e+01,2.959166248419666090e+01,3.008077937052422612e+01,2.851052232822814858e+01,2.913843914593002182e+01,3.087391085118935052e+01,3.013416756630914506e+01,2.944862406243788655e+01,2.907831618817476738e+01,2.858228931894302605e+01,2.668261565745297048e+01,2.483715517687664942e+01,2.532844039226574751e+01,2.477612390031913492e+01,2.530609020911163043e+01,2.475637057177880251e+01,2.410005466877089475e+01,2.383655272134160441e+01,2.403041689609835885e+01,2.350321111332726787e+01
2.382628415971100821e+01,2.473881807341246031e+01,2.691597521879134547e+01,3.004541955186709856e+01,3.003011488053647327e+01,3.070256840879261517e+01,2.962827910176298474e+01,2.872083785004002721e+01,2.860149529423694048e+01,2.910899281248180159e+01,2.842920772859690715e+01,2.862438489329741742e+01,2.929683340098682720e+01,2.837826706869537929e+01,2.788502736021700912e+01,2.724015058207345419e+01,2.497387771396688549e+01,2.529071846693727821e+01,2.551797275605053983e+01,2.487467730001895916e+01,2.287720018186655579e+01,2.320254395962672334e+01,2.419747039212563777e+01,2.390050452599854225e+01
2.512926719679637699e+01,2.609857674612754863e+01,2.940990882871329859e+01,2.913310298959800093e+01,2.957501605873198969e+01,2.986310524796073196e+01,2.884531678784770747e+01,2.603741639092459081e+01,2.670675164017080760e+01,2.732274504886458999e+01,2.656066371391563052e+01,2.633548665720394411e+01,2.595397155944652923e+01,2.503245315378092073e+01,2.575073298135407640e+01,2.551465115183009402e+01,2.592760392216774790e+01,2.495372686340476776e+01,2.543208442198971397e+01,2.476742625727712266e+01,2.444136650222486651e+01,2.418886585719621962e+01,2.403957420066376471e+01,2.381679646984923693e+01
2.488793321698034333e+01,2.665873193112497574e+01,2.898869486386280414e+01,2.938654876019631956e+01,2.993764374639454218e+01,2.911931378349237320e+01,2.871631991630323455e+01,2.810531264656748363e+01,2.732371318473190058e+01,2.634584133912147763e+01,2.721190373122323081e+01,2.659801594792884316e+01,2.601765169868184557e+01,2.604138702353702683e+01,2.593776196325273986e+01,2.599862058163091660e+01,2.494407866730546175e+01,2.602458378715658682e+01,2.483974636894186006e+01,2.524992453328485453e+01,2.420124979522819331e+01,2.442995278979270779e+01,2.469236595670417955e+01,2.501170274173290409e+01
2.571039571988012540e+01,2.751131730577782264e+01,3.055736930513984362e+01,2.978205386718383352e+01,3.045152017396452493e+01,2.918760268608701836e+01,2.757490586793170451e+01,2.805785318234438819e+01,2.845003597727685474e+01,2.759301561950627502e+01,2.813785533291093088e+01,2.657859054485618344e+01,2.705004154047281872e+01,2.636301180605761374e+01,2.640103945203458125e+01,2.652143553356131633e+01,2.648439762573252665e+01,2.830166035818990622e+01,2.848060464685340776e+01,2.471272525086874339e+01,2.407934664084666565e+01,2.330315374422212926e+01,2.455061145506243747e+01,2.394413370582964262e+01
2.532580270158979374e+01,2.720760413742465289e+01,2.987900080000281378e+01,2.916834841331876760e+01,2.928569507032551655e+01,3.054083007588104692e+01,2.805000858102562233e+01,2.908493716987840116e+01,2.741215517285053238e+01,2.827339539161505400e+01,2.735087652822852533e+01,2.672724588280021862e+01,2.650842210428066892e+01,2.753894602706526484e+01,2.755871479504173749e+01,2.638150767404061980e+01,2.624721302566393888e+01,2.808992701594661412e+01,2.933052393547598058e+01,2.797012348205169019e+01,2.378910862868798404e+01,2.451298411844049951e+01,2.414749056846659414e+01,2.498745518503505991e+01
2.559574991317123249e+01,2.483995966011292467e+01,2.987994201155936480e+01,2.944107355305624196e+01,3.021146034382337575e+01,2.903613479015558596e+01,2.740648690137828680e+01,2.840211845380105160e+01,2.893510420685612416e+01,2.901540004716139265e+01,2.779189408327226829e+01,2.805828613129682481e+01,2.855820892575565040e+01,2.796604225401682697e+01,2.753599377803817561e+01,2.765794618762129176e+01,2.848446773775714291e+01,2.963169450646125824e+01,2.982799042235700426e+01,2.837478034715257991e+01,2.456317514707330929e+01,2.450784675240379329e+01,2.432446134373782343e+01,2.353502761997799553e+01
2.703838753798515881e+01,2.592162016236795807e+01,2.933261649444324348e+01,3.128543562891121610e+01,3.003410230091361655e+01,2.918446822102112037e+01,2.802139351353821439e+01,2.929239897101206225e+01,2.853732491064624810e+01,2.941141899793746006e+01,2.872254831699916622e+01,2.857782767810897440e+01,2.833289133071883725e+01,2.859963041110967197e+01,2.878328853168591195e+01,2.778657307476782989e+01,2.783132080507471073e+01,2.991930008936282093e+01,3.006515801838224888e+01,2.821753304121796191e+01,2.509962027734769663e+01,2.478148173770131280e+01,2.427564490192793301e+01,2.475896922222324292e+01
2.696948477313867443e+01,2.595416663864250495e+01,2.946925978148362901e+01,3.072266339984952310e+01,3.145447953465071578e+01,2.906080394180480653e+01,2.827656228560016416e+01,2.927323125184187802e+01,2.890541775546961389e+01,2.829288267068648111e+01,2.896218493660092008e+01,2.870545144517888048e+01,2.835481436758891505e+01,2.848629177124934131e+01,2.853559950386272703e+01,2.828789812402476400e+01,2.785083008623297474e+01,2.987233629413520930e+01,2.789937567100758997e+01,2.636917805600990050e+01,2.450976694852533910e+01,2.481983278616024791e+01,2.415631043897178643e+01,2.391909885650238721e+01
2.668010184855074840e+01,2.635446800814384005e+01,2.871346314451835724e+01,3.030583485443611380e+01,3.114109385371290273e+01,2.916233454113995549e+01,2.800862489382490139e+01,2.890334749788451063e+01,2.925754904999411110e+01,2.964948570962781105e+01,2.955345382512905417e+01,2.867795237317295687e+01,2.915200173307516707e+01,2.847710980785905122e+01,2.889869353163658161e+01,2.871461225946472950e+01,2.732318955479343003e+01,2.975132531009109016e+01,2.826750790931936308e+01,2.609024875769767959e+01,2.404229640514978428e+01,2.419153177720653503e+01,2.409569306467574279e+01,2.456383004744918708e+01
2.539298478672407100e+01,2.629364929353437219e+01,2.779278266376309148e+01,2.627396355772839343e+01,2.767513208683749326e+01,2.857840322985475723e+01,2.840571080215391930e+01,2.926228227904096002e+01,2.978562594418514209e+01,2.931210120467761726e+01,2.934660139418127756e+01,2.833401602504073935e+01,2.901753584786661122e+01,2.764842677897183876e+01,2.707396107998124535e+01,2.643405348601078231e+01,2.735571643184204049e+01,3.013892920546879850e+01,2.753056057298596215e+01,2.553071518864436484e+01,2.648781257040229775e+01,2.434623255466448200e+01,2.463733031215372193e+01,2.421956023012484138e+01
2.495879800751993116e+01,2.589248964613403814e+01,2.494391723609504652e+01,2.531877972347643890e+01,2.648835469395703512e+01,2.757755507675193485e+01,2.671530921870379416e+01,2.735845036732428071e+01,2.726955756430686506e+01,2.786261040803384503e+01,2.790402644660264286e+01,2.781406959877779173e+01,2.738205682944612818e+01,2.745784763179267429e+01,2.608369585165439730e+01,2.651795454701141352e+01,2.810231948969988025e+01,2.926339850339121540e+01,2.599622642509774550e+01,2.703399770508735855e+01,2.480293218686961154e+01,2.483958762077810434e+01,2.545969975304018362e+01,2.470272777650524176e+01
2.466465052066700991e+01,2.498796086876643585e+01,2.460803385509780128e+01,2.597874826784340030e+01,2.870324957785265951e+01,2.557631187603283252e+01,2.699433459990353867e+01,2.614008303730736316e+01,2.606212643382622218e+01,2.600452763793924760e+01,2.579556274913420566e+01,2.519220790598819804e+01,2.553371782264770218e+01,2.488297254330581154e+01,2.627514531211318172e+01,2.563001434672258938e+01,2.510641952585638137e+01,2.674196744609844245e+01,2.467789133729144169e+01,2.494095891719740621e+01,2.601397473626064993e+01,2.505678534176905714e+01,2.437749558641280601e+01,2.372313585042451223e+01
2.476421420559307762e+01,2.538330912929745864e+01,2.546870455533263566e+01,2.584625667978673391e+01,2.776350500062852689e+01,2.658725964686180987e+01,2.562333110513077372e+01,2.654048491947719413e+01,2.549307611962620967e+01,2.733895602111948619e+01,2.619524919895309267e+01,2.638842093922551157e+01,2.570512750372228084e+01,2.668842975397114969e+01,2.486015911385419486e+01,2.544257872358826944e+01,2.497247732288457200e+01,2.653338665570640842e+01,2.519882028957601960e+01,2.598056384953855513e+01,2.514009583831403916e+01,2.507306739642802995e+01,2.459605191772544686e+01,2.372331766347372195e+01
2.541145665498498829e+01,2.326793010173105358e+01,2.575769184450496141e+01,2.572044959685541698e+01,2.545987665558635626e+01,2.640162380522582453e+01,2.672449361335344520e+01,2.582828566577268248e+01,2.562503708278592285e+01,2.577684312543391343e+01,2.479071846310353067e+01,2.493001228560052596e+01,2.613887701328076218e+01,2.584598234581108045e+01,2.687441366611170679e+01,2.506646813996036371e+01,2.594500132002838200e+01,2.542830193587940357e+01,2.519810481819007464e+01,2.528076852501840222e+01,2.489220175977811778e+01,2.354519176977015604e+01,2.322921681685556905e+01,2.360846050251501538e+01
2.490032016707573348e+01,2.454497981949600671e+01,2.474715172755526282e+01,2.501613784601426005e+01,2.599220617256554533e+01,2.565126545516011447e+01,2.653987623929054962e+01,2.662903494610060307e+01,2.611206371703173090e+01,2.665060937837489519e+01,2.535380213586449827e+01,2.560901862943836704e+01,2.512100849099988409e+01,2.644587583926960406e+01,2.561548792512184036e+01,2.635723333099463161e+01,2.516734019854442295e+01,2.504810415409696134e+01,2.536537182898672427e+01,2.492708511482004496e+01,2.480924253239203381e+01,2.533817022038664390e+01,2.371119153210156583e+01,2.454055884345268623e+01
