2.860919700609542815e+01,2.964612699021341768e+01,2.994049330537990272e+01,2.880547090025697798e+01,2.785357638340138919e+01,2.945324352884483687e+01,2.930168003549482592e+01,2.929117523586489824e+01,2.941412118892560557e+01,2.967340226511498713e+01,2.885701658272472514e+01,2.997357704159810510e+01,2.731627862209580826e+01,3.006191682143264643e+01,2.832840350592499590e+01,3.005684643553058777e+01,2.882645033879850871e+01,3.040530071642177745e+01,2.765189621568828215e+01,2.920551840554412593e+01,2.984696935119228556e+01,3.058257872253517462e+01,2.976943112201081476e+01,3.152866236079904638e+01
3.003123318573733513e+01,2.754489082803763722e+01,2.990502145071945961e+01,2.876421293374392008e+01,2.976808041174706432e+01,2.889616302959393579e+01,2.862090444373973241e+01,2.940113204104295619e+01,3.060836138250800786e+01,2.849366887665314607e+01,2.916384072850206621e+01,2.779531416559797208e+01,2.963188026432686684e+01,2.852637075510648401e+01,2.908781922326539870e+01,2.831936076319357198e+01,3.002044244069873002e+01,2.831657998833890133e+01,3.018043127976847018e+01,2.777520084309173853e+01,3.006074896149459619e+01,2.880875102943696220e+01,2.976065961052205466e+01,2.879397366680740333e+01
2.909495044923482965e+01,2.859472138297110178e+01,2.714846816497544069e+01,2.957906986305482633e+01,2.970558846705114320e+01,2.968589340884335570e+01,2.813417915014383652e+01,2.992790258186983010e+01,2.945677981291163405e+01,3.007648397328460987e+01,2.895828681903839197e+01,2.890015216767920947e+01,2.925812017705476364e+01,2.918860859162577981e+01,2.873298876456419748e+01,2.945778259579998348e+01,2.908821567540832120e+01,3.001707984146935360e+01,2.883740753613153629e+01,3.078959829755541477e+01,2.930374132289688305e+01,3.011342445690843306e+01,2.956013277151362217e+01,2.913745939202965474e+01
2.936165191106408656e+01,2.738261616537084819e+01,2.968224374454257486e+01,2.901538248397463349e+01,2.915860348805620106e+01,2.909618705502089142e+01,2.976302849456749300e+01,2.891244211109386697e+01,3.051963206204612788e+01,2.904973286916367670e+01,2.975532119649261631e+01,2.903421890205873979e+01,3.033159284230231378e+01,2.907420546700649311e+01,2.882305485035857373e+01,2.950921722966734251e+01,3.017778985513342604e+01,2.933259680290342430e+01,3.018365730866156582e+01,2.949783092573608201e+01,3.101653237548168818e+01,2.943661922199788705e+01,2.956769216920127974e+01,2.891629577642964932e+01
2.750377738255389204e+01,2.977384961964997956e+01,2.913472724909217959e+01,2.969639467535193944e+01,2.826147083395102300e+01,2.960631909630757264e+01,2.837666150585783953e+01,2.958829695586473463e+01,2.994808182865443769e+01,2.905621727314638747e+01,2.921602906598104710e+01,3.001125945425911823e+01,2.858799148963800008e+01,2.901598209377453941e+01,2.829295963511827949e+01,2.875421499353723220e+01,3.023021482303317953e+01,3.006237295449244584e+01,2.871553425581333840e+01,2.890054030771574389e+01,2.919271400911048886e+01,3.081584018506828215e+01,2.800033118522634368e+01,2.980111351315622414e+01
2.963399927809109613e+01,2.860397634055561866e+01,2.952914852628816789e+01,2.859456138832371153e+01,2.902763169261811527e+01,2.810559635110990939e+01,2.960870517059191798e+01,2.900970813444905616e+01,2.936828043023609780e+01,2.873673368833152608e+01,2.951603120489289722e+01,2.937265300208707686e+01,2.986729686103313952e+01,2.886353524937715065e+01,2.898713338912631343e+01,2.976346594641699994e+01,2.983314497655118203e+01,2.802834748154054978e+01,2.891059689069840033e+01,2.881894487605643462e+01,2.991600100445469934e+01,2.889882954761583278e+01,2.933310341121676856e+01,2.993574741002419159e+01
2.838190323106317692e+01,2.995712305092035876e+01,2.944537974961974669e+01,2.946453447347431620e+01,2.965357060673409251e+01,2.925650146243509653e+01,2.914386973251407653e+01,2.956856682561027583e+01,2.869675404303558253e+01,2.902748110380235858e+01,2.835025228691671373e+01,2.937178767826202375e+01,2.894758253960878847e+01,3.016378661462891841e+01,2.924382465430090861e+01,3.037555182985573765e+01,2.922673612634332585e+01,2.968038569022513684e+01,2.914665884637935278e+01,3.029868245933698745e+01,2.931031460058369476e+01,2.926389225614275347e+01,2.920603552315458273e+01,2.942856911337594283e+01
2.982016338455503046e+01,2.937760836539627007e+01,2.934711086359584442e+01,2.932361067507497410e+01,2.888669158076726262e+01,2.958319068126075990e+01,2.924671919926521468e+01,2.906018984639325708e+01,2.898430186324230817e+01,2.821996697799943377e+01,2.978408973299332274e+01,2.914237436648039647e+01,2.827842111897365385e+01,2.966727091714614062e+01,2.907554205380910162e+01,2.845022603041820730e+01,2.973640163662844316e+01,2.870160001916752890e+01,2.959585996239718497e+01,2.950555161542581573e+01,3.032928202969549147e+01,2.895285685279168320e+01,3.071960627920572051e+01,2.953701239682396817e+01
2.821748394206662169e+01,2.878001274281797350e+01,2.847816076830270049e+01,2.889401181072958025e+01,2.856590238375554236e+01,3.012486587147151340e+01,2.974248754864146349e+01,2.996739273358127775e+01,2.892605473108005754e+01,3.020324404078070302e+01,2.899874848525439575e+01,2.971738922924015469e+01,2.930501944047267671e+01,2.947958863469875723e+01,2.902737584088237099e+01,2.885925945092265010e+01,2.958967095334685382e+01,3.010930772147901280e+01,2.930624649702713214e+01,2.950229996932966969e+01,2.864813217989444638e+01,3.028858032530087030e+01,2.888511932075056166e+01,2.895231065606736820e+01
2.855005339746503523e+01,2.894915226506185491e+01,2.871622740794600759e+01,2.871642918841422443e+01,2.933697177046633442e+01,2.812794039199246754e+01,3.015275483943037216e+01,2.862875843688647137e+01,2.922405146520293329e+01,2.829186104989315709e+01,2.935850671038662085e+01,2.764891968519225429e+01,3.011519874084092407e+01,2.828233457977188436e+01,2.956411876557609730e+01,2.964989736638568729e+01,2.969410341877471637e+01,2.841404732752550899e+01,2.953550969509535662e+01,2.920663015755371816e+01,2.985146541258831121e+01,2.802653507754479278e+01,2.817848610873511461e+01,2.916861951505336492e+01
2.933097791318380132e+01,2.933071058247526253e+01,2.880304113794329623e+01,2.984162478896888615e+01,2.924613476972808712e+01,2.934255683519972990e+01,2.821563477388951924e+01,2.929123522638548138e+01,2.947817362095588578e+01,2.909977937611762400e+01,2.914572637047035641e+01,2.974894543250621837e+01,2.938824309600522611e+01,2.964049022107133169e+01,2.911924283124506019e+01,2.903728843456832465e+01,2.896492545670218988e+01,2.970502664616634547e+01,2.857176984960267419e+01,2.897222060445494662e+01,2.894414161527527085e+01,2.991542764987218561e+01,2.937584464672295326e+01,2.975418178974251759e+01
2.924756463241050142e+01,2.986183251832102314e+01,2.983458857950677157e+01,2.861317111775122157e+01,2.933882652451870854e+01,2.969869410656110631e+01,2.979593244960881293e+01,2.941606269712190169e+01,2.884379897353301203e+01,2.900566597393788015e+01,2.937149997842033144e+01,2.833286471677058671e+01,2.983165670947568060e+01,2.963520004437447142e+01,2.914157222988711737e+01,2.921939661666021948e+01,3.031742776946782669e+01,2.917432744592485960e+01,3.096130507975016144e+01,2.968035085017487518e+01,3.007194456838141150e+01,2.931548041924372683e+01,2.986493982476366682e+01,2.934980252798413858e+01
2.822524409910539589e+01,2.931490407752505689e+01,2.846720139856074638e+01,2.946945728193662717e+01,2.914994556124736391e+01,2.963545456227149089e+01,3.025075491621652191e+01,2.965902206498736859e+01,2.901283537224253450e+01,2.922041959917862641e+01,2.927276589366721282e+01,2.947576807782309061e+01,2.879176311836323521e+01,2.973558872237094874e+01,2.985718007820895536e+01,2.952819212251813497e+01,2.945957727370330304e+01,2.977169960071842070e+01,2.908714578989093980e+01,2.943646676550315533e+01,2.934875835970728986e+01,3.001832300525478558e+01,2.844076207956737790e+01,2.978260131487002127e+01
2.997559250610044046e+01,2.930799319826519422e+01,2.995727825690158852e+01,2.911271349187717306e+01,2.948041968483164510e+01,2.775015074301973073e+01,2.916579122162886506e+01,2.862180493325399766e+01,2.898756794840585371e+01,2.905327419900419272e+01,2.915063651913141030e+01,2.889772140967988889e+01,3.027132698559148594e+01,2.972774298368511836e+01,2.919490598721409924e+01,3.012418148080712399e+01,3.078157485926175241e+01,2.979429773237490053e+01,2.943174871372178814e+01,2.911638255436287182e+01,2.964433159042465604e+01,2.964537633949777273e+01,3.012719568111759827e+01,2.982396468759810659e+01
2.906790330664853172e+01,3.003881179281836467e+01,2.897222781199513975e+01,2.991139994690132653e+01,2.909185461176315357e+01,2.889439241455698948e+01,2.894697589005443206e+01,2.895359327351582124e+01,2.956878330762071982e+01,2.905108741767560332e+01,2.942846856340639761e+01,2.916810422899692412e+01,2.975971607243889139e+01,2.935616624107615280e+01,2.862578628834927486e+01,2.984951036331790419e+01,2.932916958715946976e+01,2.980976865104929630e+01,2.902635047312480765e+01,3.011216598768737640e+01,2.972212638820803932e+01,2.999499789411055417e+01,2.943910680144523440e+01,3.071297625340417881e+01
2.990190444441026330e+01,2.811329910274969279e+01,2.983379380725210694e+01,2.902959654241618637e+01,2.897024552646041684e+01,2.855123145376182947e+01,2.907845077024165903e+01,2.942035050239428529e+01,2.902104141101358437e+01,2.944804243695722334e+01,2.994946140602928608e+01,2.927043875055744593e+01,2.975374651656250080e+01,2.914613611278133476e+01,2.930199632732654891e+01,2.894063388673941972e+01,2.941735605301948908e+01,2.905356754997274038e+01,2.988378580079825042e+01,3.025176591109607216e+01,2.928888385183324772e+01,2.924413237093841644e+01,2.962735362996244248e+01,2.983027580014174873e+01
2.874701230310887468e+01,2.981207864977068311e+01,2.817417542045473056e+01,2.898982384571507964e+01,2.879941816864811699e+01,2.912562119516962866e+01,2.800380019322898306e+01,2.933553971458007936e+01,2.883442219260564343e+01,2.919798266545819843e+01,2.956700476949509948e+01,2.893768238542878635e+01,2.924833845519640363e+01,2.914807595967818088e+01,2.864089278441321085e+01,2.945154759323361304e+01,2.888452915267220078e+01,2.989136086342432463e+01,2.918422650900316739e+01,2.969346785545496914e+01,2.937096840771653206e+01,2.965364624632366031e+01,2.874361577904932119e+01,2.989208738088626660e+01
2.883443950817422774e+01,2.915715136226805271e+01,2.945834934751769651e+01,2.987857200822287496e+01,2.924742154542661865e+01,2.877146807715899968e+01,2.858681284100970288e+01,2.877189460977598401e+01,2.918280712417242739e+01,2.875832001454972442e+01,3.000054367638779240e+01,2.875832001454972442e+01,2.915813397200111012e+01,2.859240072585606640e+01,2.920539401887526765e+01,2.954348008964927885e+01,2.971612837781430017e+01,2.870219640994446308e+01,2.938103367258861454e+01,2.911638255436287182e+01,3.007050701431222706e+01,2.884082413904570785e+01,2.977644253295272847e+01,2.918273493427665244e+01
2.909439435789352046e+01,2.928653115398043383e+01,2.988603619430398339e+01,2.946554045967468483e+01,2.887766888468109983e+01,2.853928889107754685e+01,2.919699287344838012e+01,3.001911065494851982e+01,3.103487120415195477e+01,3.097415936933646208e+01,2.988559214020472155e+01,3.050797429154403062e+01,2.919524750477012276e+01,2.942928351851401203e+01,2.947897118672904071e+01,3.022986799624231935e+01,2.944559045628653848e+01,2.949164476471395346e+01,2.931795562915630171e+01,2.999136821807167053e+01,3.019888618789070733e+01,2.946197803040672625e+01,2.931013020404714098e+01,3.002075410367694985e+01
3.042410749897305777e+01,2.928755517370620964e+01,3.043710746200110862e+01,3.145484931311733590e+01,3.004672076858525998e+01,3.020866490681140704e+01,3.008639656006170071e+01,3.158207374738344697e+01,3.313292398786853710e+01,3.301261964270452154e+01,3.300107743478622524e+01,3.111069292389777274e+01,3.070643248403297321e+01,2.924955832585379767e+01,2.964940808673088668e+01,2.976189535124183294e+01,3.049646057831188273e+01,2.924471479885323788e+01,2.937327896554171502e+01,2.948748516110686069e+01,3.030605358321281528e+01,2.919540546482596710e+01,2.990676643261690515e+01,2.938645919005421092e+01
2.908551629736018640e+01,3.170178419158895622e+01,3.311681386774029079e+01,3.435104031198983421e+01,3.275931629897200992e+01,3.242147537407294067e+01,3.202512910693201320e+01,3.168281848035093162e+01,3.357676601914283765e+01,3.437698439689910401e+01,3.328876706928991780e+01,3.243139147882004636e+01,3.205639738189734089e+01,3.157905144400899644e+01,3.093608421757363658e+01,3.092341819518344437e+01,3.002139229544707177e+01,3.020905499483302492e+01,2.964808389088142349e+01,2.998631365909847091e+01,2.899291019628196864e+01,3.036934213273184469e+01,2.907576354292268661e+01,2.998168768135025175e+01
2.988664752124878987e+01,3.019514265267667952e+01,3.422577613865763624e+01,3.300002164583452213e+01,2.980780195558850210e+01,3.027500664812600917e+01,3.115447798791922196e+01,3.084068201608931759e+01,3.473291635184654069e+01,3.440309434278702838e+01,3.282421357223256564e+01,3.059837717231613397e+01,3.169928084071290186e+01,3.221613808148788394e+01,3.288963565408266732e+01,3.174598015882878599e+01,3.145255563991656800e+01,2.947624615157349126e+01,2.994220121955612512e+01,3.010293555520377140e+01,3.010847483674950809e+01,2.959119959513515141e+01,2.994427007911895089e+01,2.954568323312315670e+01
2.865623228008996648e+01,3.059511406458676674e+01,3.021041166037355197e+01,3.284448684076124891e+01,3.314405897321142902e+01,3.252220801649673376e+01,2.986218335120423717e+01,3.104913557912908573e+01,3.437774765517440301e+01,3.528203205191408642e+01,3.292662237326555896e+01,3.081019833726639945e+01,2.964790128440324679e+01,3.126433924420985022e+01,3.268708355650477415e+01,3.349105824717247515e+01,3.139689513789420516e+01,3.033031852320300459e+01,2.937939928263523370e+01,2.969397683864769988e+01,2.978849026749128370e+01,2.976925311448133016e+01,2.955571971894801209e+01,2.939862899489520487e+01
3.048538370972397615e+01,2.923096363077013393e+01,3.054682667303325161e+01,3.035676824437967980e+01,3.363503409914676467e+01,3.285478157696530843e+01,3.243819423258520374e+01,3.108114467835827099e+01,3.432950449096665579e+01,3.452362664387118230e+01,3.111875347885916199e+01,2.998331528382567512e+01,3.069816241365299447e+01,3.190376726713680000e+01,3.390331036229110850e+01,3.344575479624995751e+01,3.228572140286610193e+01,3.146167552709323445e+01,3.084682053260621615e+01,3.028173361457817236e+01,3.084623116021600708e+01,3.005489969564484909e+01,2.987524355097502848e+01,2.986162032503898445e+01
2.958093284236764475e+01,2.968799056009089554e+01,2.969271457038098561e+01,2.951586776154891822e+01,3.111941541738679007e+01,3.311171262539681948e+01,3.411083532144976971e+01,3.298041357931265338e+01,3.453686227322219793e+01,3.342981576276059741e+01,3.237195130512054675e+01,3.264886010773608405e+01,3.400176431026221735e+01,3.282623605591959404e+01,3.182342684446479097e+01,3.108524204852540151e+01,3.114608231390707260e+01,3.048326526268158432e+01,3.025412451419509807e+01,3.034622349128835594e+01,2.994131706185993380e+01,3.047931990110276956e+01,3.224415786785300497e+01,3.172072497315770079e+01
3.029638430098719937e+01,2.830826372074233177e+01,3.086130153258363862e+01,2.898888924140874224e+01,3.199146623393352229e+01,3.227453275719784642e+01,3.315113764656541662e+01,3.296509538637269543e+01,3.311982949024650225e+01,3.249387839486098528e+01,3.209610665058676204e+01,3.346928858459898493e+01,3.475700562299522289e+01,3.205942482824440276e+01,3.250165559967024365e+01,3.094284283591929352e+01,3.163556494461295188e+01,3.058615603243987380e+01,3.094467967847737100e+01,2.985998088945865447e+01,3.022012345232411690e+01,3.165637671775277795e+01,3.177909697642047604e+01,3.096255510508569841e+01
2.916396740618205286e+01,2.963610484045761950e+01,2.976288221855571692e+01,3.036232333438181286e+01,3.102465637690528411e+01,3.270075542338287278e+01,3.124313953359649076e+01,3.322530915568057708e+01,3.210851718970513957e+01,3.292950674243860476e+01,3.284255849011719874e+01,3.254900853209989009e+01,3.235498697749073926e+01,3.152823119706658872e+01,3.189377323904489003e+01,3.180220939874106989e+01,2.977828636838034981e+01,3.073352129761980223e+01,3.040948237847237579e+01,3.149746496354487135e+01,3.167596319543861227e+01,3.327007351328740015e+01,3.203549325022345329e+01,3.234463906892091245e+01
3.028642143484375993e+01,2.898164403750189422e+01,2.856178195609561499e+01,2.985034631894501445e+01,3.261435810886041509e+01,3.328095283570996799e+01,3.299465806291379977e+01,3.305842745856921283e+01,3.240459456694480878e+01,3.390175665808732219e+01,3.302853074360172059e+01,3.245233418425152649e+01,3.252085832827106060e+01,3.156336704220194633e+01,3.125634548442951655e+01,3.173028236164003602e+01,3.177363702185505190e+01,3.078282683934668285e+01,3.154470489425841606e+01,3.166686375352981031e+01,3.117902453044320055e+01,3.226051165206837368e+01,3.308424585429708031e+01,3.287039316535168609e+01
2.833696774293940734e+01,3.014812922847926302e+01,3.064395089396253979e+01,3.048548567756336070e+01,3.357444692729887947e+01,3.312677010495252716e+01,3.213600448000244114e+01,3.442723004167527279e+01,3.257742526368411973e+01,3.289525866628832773e+01,3.245939462381448948e+01,3.172001988858215782e+01,3.111066737690151740e+01,3.141509844001228657e+01,3.161813188080219561e+01,3.310627578913585012e+01,3.201944476219284752e+01,3.100556750556239649e+01,3.029895869475876680e+01,3.115590522724625089e+01,3.220682731342179750e+01,3.311004678681825908e+01,3.231355795819416699e+01,3.343033463480622913e+01
3.017580168621117309e+01,2.981143894099761837e+01,3.171331703182528372e+01,2.966427803122269324e+01,3.368052174798742726e+01,3.296398535488225434e+01,3.374785335092053629e+01,3.344822220665020041e+01,3.314856848689873914e+01,3.304809535332071846e+01,3.326841092351787665e+01,3.193786048302513336e+01,3.146894835864929973e+01,3.167305780371725632e+01,3.141637214460524774e+01,3.026089121216574540e+01,3.115541753147493864e+01,3.035841088523676490e+01,3.080291017882103688e+01,3.077082322068139320e+01,3.278465564552072919e+01,3.293684352030243190e+01,3.257531175255047629e+01,3.197832586752673478e+01
2.861368794938198334e+01,3.071877907126832952e+01,2.913614594406720926e+01,3.174548588329150789e+01,3.306247798918820990e+01,3.350634603929404420e+01,3.373987618685964662e+01,3.371860392190916400e+01,3.350072691719589102e+01,3.483420125977465887e+01,3.240155863382642565e+01,3.275206221905204984e+01,3.130463656343437151e+01,3.202185705170319352e+01,3.140929069167486887e+01,3.231096282375881401e+01,3.236199443198853487e+01,3.185763021977658127e+01,3.123973786975653866e+01,3.068685252504826622e+01,3.075546579019732008e+01,3.213209342757335207e+01,3.194039244861170346e+01,3.330407869395219222e+01
3.027999149023537484e+01,3.019875708786469204e+01,2.959305509541940182e+01,3.088179720464728462e+01,3.317677289249564865e+01,3.215029501370679554e+01,3.361925613901462384e+01,3.325937567830447961e+01,3.377365963703988427e+01,3.308331244202912558e+01,3.301752759974039009e+01,3.345965161920230457e+01,3.193698434120557295e+01,3.124592921376085997e+01,3.140826485676478796e+01,3.258846964896167719e+01,3.222054199850572331e+01,3.196085612111403407e+01,3.230645582628631018e+01,3.125913198010579208e+01,3.111069446559804419e+01,3.079282405764104169e+01,3.227598689086920558e+01,3.380883672426227804e+01
