2.935333944813521612e+01,2.996149797389375635e+01,2.932542990742018674e+01,2.908586682005005741e+01,2.948516915387028803e+01,2.898685350601795108e+01,2.896582712877557242e+01,2.953015542842496188e+01,2.953884129001141901e+01,2.877534406687817636e+01,2.987525946058877935e+01,2.974994215886420079e+01,2.923573835001946009e+01,2.895574777409467515e+01,2.956660233715967934e+01,2.961097738329658569e+01,3.007941914309031972e+01,2.928534334858079546e+01,3.030129323306397282e+01,2.828602647950634719e+01,2.880620639705784924e+01,2.988456410335965074e+01,2.991969029609964537e+01,2.907213443861701307e+01
2.761636416436618902e+01,2.851834291517110387e+01,2.867492855308131539e+01,2.791505842053607012e+01,2.906421067073631548e+01,2.879581817009415090e+01,2.931464018218565570e+01,2.839566627708364877e+01,2.744847773697614457e+01,2.883984819755755780e+01,2.785453243397967071e+01,3.005745425776513002e+01,2.962068519930159027e+01,2.842600734534454432e+01,2.972097383448561914e+01,2.886217645512954277e+01,2.936406118853614089e+01,2.931114992556291554e+01,2.885895786597853885e+01,2.856804515084576224e+01,2.868665000278969046e+01,3.009756502730243710e+01,2.857779651563652124e+01,2.942150511243119126e+01
2.769486420250206038e+01,2.913035919401789897e+01,2.877131916326374039e+01,3.007062292353151634e+01,2.823357739176771020e+01,2.924161956605303203e+01,2.781193168847568131e+01,2.884990064374642316e+01,3.019946400244180040e+01,3.048145807225398585e+01,2.864900733204905237e+01,3.030874749758078224e+01,2.935995731367847839e+01,2.997837644707004756e+01,2.842717651134597645e+01,2.943653211359776378e+01,2.898697030241663697e+01,2.958698740397858273e+01,2.852571155151451876e+01,2.973059434526146561e+01,2.876420458863373142e+01,2.966666302027817892e+01,2.853669486846183645e+01,2.914034023710695465e+01
2.989339933486860446e+01,2.728165993110394538e+01,2.993126036085533315e+01,2.844952878828365783e+01,2.780079696850754090e+01,2.743042255288770548e+01,3.061368657802313464e+01,2.859656076412335324e+01,3.009590084269109411e+01,2.832901518919089767e+01,2.912949474507519199e+01,2.893195778969567300e+01,2.872553183909951713e+01,2.857760851582878558e+01,3.060474110962331906e+01,2.840386591496252322e+01,2.894635116019321686e+01,2.882617495850581690e+01,2.975581859827190101e+01,2.918902304309534657e+01,2.973552294383881645e+01,2.868839505912148979e+01,2.956865787582393068e+01,2.904527914094086327e+01
2.977657524205534401e+01,2.862895394685915562e+01,3.012826977873720580e+01,2.839789590051145751e+01,2.900369030272713644e+01,2.938465632610143530e+01,2.926268182737806001e+01,2.858917863782818358e+01,2.927394665149915909e+01,2.883332331610466781e+01,2.968533792062146404e+01,2.960017667837468025e+01,2.905467794644278001e+01,2.879167401308245644e+01,2.894178545520486523e+01,2.908997328995587850e+01,2.860321767347898003e+01,2.869435947423295374e+01,2.939635149948259141e+01,2.867409356488764161e+01,3.010205844951451581e+01,2.835803764129826732e+01,3.001105362018944334e+01,2.915020939076595141e+01
2.918031702183691323e+01,2.896061369734542268e+01,2.887229024424095769e+01,2.741453237495608164e+01,2.941990802248585624e+01,2.982290642973748618e+01,2.878685840515555583e+01,2.989027657159283535e+01,3.048829377623957271e+01,2.844157336718524220e+01,2.836485491746634580e+01,2.890129984658682361e+01,2.909058016059515239e+01,2.838838772662745669e+01,2.895158301940648471e+01,2.966151886540467331e+01,2.942419760222378500e+01,2.849704885624493045e+01,2.849412826323140280e+01,2.968044499780631895e+01,2.851626446292988248e+01,2.899759910369692761e+01,2.910941713343470383e+01,2.878357455767041984e+01
2.919091960681919318e+01,2.929435670069085518e+01,2.891882651920343505e+01,3.007071808044696581e+01,2.934933721738735812e+01,2.982785072280245231e+01,2.865599480567050250e+01,2.991289919490918692e+01,2.878056570723731511e+01,3.009828236044643290e+01,2.898109139992732253e+01,2.969515195774886251e+01,2.847802923238305084e+01,2.976372101128367831e+01,2.877965397076224008e+01,2.925720893599657302e+01,2.912408831529029385e+01,2.982559712852435041e+01,2.904458679361113127e+01,2.933048650540962399e+01,2.882598458732468316e+01,3.018953616940592610e+01,2.890319605746913112e+01,2.940488509868532674e+01
2.981904174892855508e+01,2.819751364309161090e+01,2.975656206575393981e+01,2.880870543551014862e+01,3.081825884346403654e+01,2.831878020628840886e+01,2.902619458811784625e+01,2.857937014219965022e+01,2.968495671520781798e+01,2.921806977874155109e+01,2.956383687092153423e+01,2.831826861905466330e+01,2.968531165098164593e+01,2.794031587977917752e+01,2.903465614148302620e+01,2.870812548548161658e+01,3.059909435848567227e+01,2.914564060463851547e+01,2.881865340595794578e+01,2.828424302089990761e+01,2.916229992890509948e+01,2.866041733986725148e+01,3.049915188953281131e+01,2.863417302741191861e+01
2.917578503146893354e+01,2.793181159776150935e+01,2.956272881498802008e+01,2.944354916476299877e+01,3.015904402068395029e+01,2.934727567649605362e+01,3.036906922054902225e+01,2.865434601689355532e+01,2.971407871355546604e+01,2.838836758921513592e+01,2.854484690045518391e+01,2.845677724905226569e+01,2.971531521071545967e+01,2.856947619137798711e+01,2.892359199974373496e+01,2.933081384549689119e+01,2.948630592427986130e+01,2.919680539424155086e+01,2.902767387312377423e+01,2.910218022147415695e+01,3.000114281957928597e+01,2.933733098837700481e+01,3.012622887660018023e+01,2.891819918891809493e+01
2.875066505358034874e+01,2.884732713929406600e+01,2.849491062790178830e+01,2.880805804896141353e+01,2.911614467613190982e+01,2.894634392716903903e+01,3.011198064981999778e+01,2.941472871644987208e+01,2.900339770510549897e+01,2.871740375686960078e+01,2.931227015314533446e+01,2.807133026549274746e+01,2.905126101464674093e+01,2.834940497662375947e+01,2.951406532756368506e+01,2.988589467059028948e+01,2.809726433614815733e+01,2.848362148919511583e+01,2.878507574069254815e+01,2.945675010089030366e+01,2.854379779387556937e+01,2.810873816686870441e+01,2.890378426473682794e+01,2.925980106625581811e+01
2.819875311275285412e+01,3.031178002457488674e+01,2.889543810639969479e+01,2.962113905745815146e+01,2.839226822308722831e+01,2.930681480726133259e+01,2.881445644327311584e+01,2.872348864202280083e+01,2.815245696207637138e+01,2.905181551636087534e+01,2.817967147451821575e+01,2.969866405078653315e+01,2.911404925607689620e+01,2.958902599475271700e+01,2.884591288980857371e+01,2.965857025552668347e+01,2.886149346839584950e+01,2.913914921933866253e+01,2.916368510972318973e+01,2.909761795230485859e+01,2.902208223199488657e+01,2.951397047058992484e+01,2.927507992212542831e+01,3.045957923385373078e+01
2.963649891543303738e+01,2.836927606384324463e+01,2.980815124629532420e+01,2.945752641566264174e+01,2.948767864021857577e+01,2.923131797177506996e+01,2.886096437901170475e+01,2.913527990168671522e+01,2.914492962671823761e+01,2.924575039033095436e+01,2.881078125560253511e+01,2.890763971278323652e+01,2.877377202322753647e+01,2.986409300888618645e+01,2.908983735316593311e+01,2.860936875327740836e+01,2.908305475894763958e+01,2.890175521066674946e+01,2.918227513855038069e+01,2.852684196582754339e+01,2.932616862554635873e+01,2.868444714728281042e+01,2.982678869167415314e+01,2.832511358585190919e+01
2.871081446595366060e+01,2.966490852790803956e+01,2.911204126341954179e+01,2.924834804578841840e+01,2.886543238561523594e+01,2.905922678594350828e+01,2.929074861608233959e+01,2.841250107891733023e+01,2.907884482840677265e+01,2.916748251706326300e+01,2.899914297825267795e+01,2.908663700823728959e+01,2.901431602713734037e+01,2.821455197974921703e+01,2.909664519976911379e+01,2.996027051469422986e+01,2.885446586232916388e+01,2.938385652613442289e+01,2.898398054365060261e+01,2.870156033713982424e+01,2.994522734805582331e+01,2.926750673252644219e+01,2.833875706816411366e+01,2.883822651906638157e+01
2.916562218490997793e+01,2.959218608645971926e+01,2.863123570256482253e+01,2.900988989795666839e+01,2.925996507470102870e+01,2.925120522124541367e+01,2.841877011867939018e+01,3.006883967878292196e+01,2.859733499383088429e+01,2.911692869090842350e+01,2.808260357093024595e+01,2.811816872769776410e+01,2.875124627387521059e+01,2.913920211704328267e+01,2.963300320501082297e+01,2.904087797981509311e+01,2.856007524609378834e+01,2.902304684720286332e+01,2.887345767109405870e+01,2.985300651135344197e+01,2.907429938365112321e+01,2.884579613340474680e+01,2.865137879968222023e+01,2.936670589583661695e+01
2.817044231761730089e+01,2.981976354883073554e+01,2.942850749047340742e+01,3.024040547012367597e+01,2.844844167425850401e+01,2.938074832948473158e+01,2.796695713398520411e+01,2.907790175822697165e+01,2.810977828135111167e+01,3.000169056421646019e+01,2.899178186738777185e+01,2.944426803913603408e+01,2.899178186738777185e+01,2.963079344717857566e+01,2.918677415165313960e+01,2.962912574989684344e+01,2.905705801342804762e+01,2.975544541328844161e+01,2.960711866720009766e+01,2.972091691276699521e+01,2.979469680612572802e+01,2.924430778155209509e+01,2.879368268782712903e+01,2.922327081542209726e+01
2.968199361054973906e+01,2.918048484955522781e+01,2.942831093473836290e+01,2.855800602806186816e+01,2.999228616055142993e+01,2.791585669744239340e+01,2.989111827711815295e+01,2.846200904529405307e+01,2.879950380149790590e+01,2.951069144769240893e+01,2.956580489024634062e+01,2.900238718325351783e+01,2.920558375959586783e+01,2.871433909546198038e+01,2.891697400278974328e+01,2.997551430475050438e+01,2.852941258805526559e+01,2.895079253139903130e+01,2.983107014079024566e+01,2.931040533558586958e+01,2.941448040771433625e+01,2.914211179831522713e+01,2.940543005860797621e+01,2.918700325241081828e+01
2.960914850459914760e+01,2.940196099648863992e+01,2.881664688149857056e+01,2.784611212760495391e+01,2.939253767010984575e+01,2.838442316534860765e+01,2.909680246946822990e+01,2.860689581742002474e+01,2.973367361677338749e+01,2.830818796679898242e+01,2.863015673964230245e+01,2.904604276201501989e+01,2.898018691260239166e+01,2.957240206685844441e+01,2.967592243802033636e+01,2.922948508402959078e+01,2.928361256111361399e+01,2.983579653900289941e+01,2.924884795361504075e+01,2.913490524472007337e+01,2.944004255303991613e+01,2.856442211408858611e+01,2.952585835683464666e+01,2.860636412113001370e+01
2.957592138118116054e+01,2.924392260025069845e+01,3.072412777592859356e+01,2.959197306299893171e+01,2.955620507587258317e+01,2.884389714750278699e+01,2.785440464223387380e+01,2.849995566608185982e+01,2.896111938772310168e+01,2.898466944019503444e+01,2.879103441104973626e+01,2.898466944019503444e+01,2.844707687560980958e+01,2.913920211704328267e+01,2.832852699284819664e+01,2.878929873874312761e+01,2.916387410970850169e+01,2.959706665835960848e+01,2.882327113178592981e+01,2.968577345914735588e+01,2.846627429452269098e+01,2.960738349754689125e+01,2.937804349214206923e+01,3.014870743425200317e+01
2.819913789762193801e+01,2.945287974407801812e+01,2.865538402660223483e+01,2.943105718209085353e+01,2.913177940742855299e+01,2.973309688744444657e+01,2.839560058189107394e+01,2.911397693886527804e+01,2.855224776245711382e+01,2.924261708142466887e+01,2.893217088633230105e+01,2.928208279142631909e+01,2.909108309287279326e+01,3.002636906399493455e+01,2.937515591670660342e+01,2.968234464491638391e+01,2.917277503110790349e+01,2.960902934503548067e+01,2.921447485430013558e+01,2.993985653705107097e+01,2.869403457533741175e+01,3.029093640575553081e+01,2.848072178247707598e+01,2.997639466861249957e+01
2.960944297287710469e+01,2.918514374800020050e+01,2.965947925388144313e+01,2.879778681972834420e+01,2.928450630120113374e+01,2.903329685937160320e+01,2.882983951222331598e+01,2.910297222945200701e+01,2.907753339678333759e+01,2.977228099885985557e+01,2.889491606424945758e+01,2.948575570732322149e+01,2.914799707126064732e+01,2.813445901275844108e+01,3.009117506127716979e+01,2.866146692067366075e+01,2.858317805730490591e+01,2.880135332135506587e+01,2.932364648026140230e+01,2.834910398478649540e+01,3.043150947584393862e+01,2.944324514344265253e+01,3.005005610910643554e+01,3.019790116242637623e+01
2.898227123952722195e+01,2.994980196151180962e+01,2.860745845482671257e+01,2.983314492092250703e+01,2.875664917722900782e+01,2.887403904377737263e+01,2.896918012699507017e+01,2.869986952707478167e+01,2.899253989407816334e+01,2.908663700823728959e+01,2.953793584770039615e+01,2.873268686239447334e+01,2.916373146312429299e+01,2.923489195744775770e+01,2.951796847783003841e+01,2.922479739120950626e+01,2.941318062161570879e+01,2.897894934830731017e+01,2.886882436393358375e+01,2.875002924201254473e+01,2.959504713928043884e+01,2.979741521030678086e+01,2.988141527542256881e+01,2.921127440109432882e+01
2.926706933630799767e+01,2.872674487075471461e+01,2.942988646319429336e+01,2.872113238314199180e+01,2.904783655876735793e+01,2.946356435394397977e+01,2.850329015959579237e+01,2.866940657006648507e+01,2.894714336667630050e+01,2.943932602578269098e+01,2.912609612009737248e+01,2.966515351244260046e+01,2.879424832683423574e+01,2.979376084755881493e+01,2.902410512616415872e+01,2.948604820430756490e+01,2.890425471306912186e+01,2.970789931319728794e+01,2.937853104301842677e+01,2.931600310539374732e+01,2.900895023717771437e+01,2.896254571173187742e+01,2.917281093136978143e+01,3.017791223187145988e+01
2.896873666478535370e+01,3.077391047513771127e+01,2.952976525355364856e+01,3.019145288811625960e+01,2.902778996330823702e+01,2.830924836854438809e+01,2.848631708248746008e+01,2.904232840404102944e+01,2.924740218586674700e+01,2.976060815848438779e+01,2.974034348104936498e+01,2.921231897063290717e+01,2.868451398410570619e+01,2.969210936547193569e+01,2.902239052870521618e+01,2.905711293606736945e+01,2.921098403830774259e+01,2.906092726119487679e+01,2.998546319600495735e+01,3.000299098290531674e+01,2.968676977650807203e+01,3.115959385038553364e+01,2.926879098119479750e+01,2.991732436039660570e+01
2.899964217416925294e+01,2.767637313872876348e+01,2.915127508197787165e+01,2.890509199524979067e+01,2.936781719576532623e+01,2.854195399211209860e+01,2.971457678897343158e+01,2.937255669122362178e+01,2.948440969570759762e+01,2.932101374447415765e+01,2.986195906960455204e+01,2.849230901744033417e+01,2.995363285330336112e+01,2.938821083695302150e+01,3.014862414482081476e+01,2.895695536095547595e+01,2.963654039818032970e+01,3.014583112326943137e+01,2.992133289508353755e+01,2.894185643676672726e+01,3.062639895096629061e+01,3.031735886595214424e+01,3.021569316583406817e+01,2.995071843005285928e+01
2.926843474254474131e+01,2.905371090265356315e+01,2.939040208527688947e+01,2.929379972323067705e+01,2.860745845482671257e+01,2.853253318679668382e+01,2.933191095884728838e+01,2.807541110124958550e+01,2.952786554477887648e+01,2.971608588369639392e+01,2.929475749562760711e+01,2.859846090864539292e+01,2.894768083575269202e+01,2.866978780697741058e+01,2.948415725211066274e+01,2.914302848606274665e+01,2.843733013416976974e+01,2.817483003786975360e+01,3.032911784949857292e+01,2.904982102009046230e+01,3.092415232852437157e+01,3.061852151329230765e+01,3.062339866552309786e+01,2.996169585639495381e+01
2.942906860800570712e+01,2.884487379362201409e+01,2.983772173240282655e+01,2.848837880038951198e+01,2.857181610566476593e+01,2.921307644804352321e+01,2.951132192008611810e+01,2.891293028149965494e+01,2.914613546195352001e+01,2.828482148843346522e+01,3.012908797137856709e+01,2.884292512070493331e+01,2.914021280403306946e+01,3.002970896767885733e+01,2.879993962369712790e+01,2.926970962884325900e+01,2.914172846563258190e+01,2.925566037556683341e+01,2.946627897617355529e+01,2.975935620192541364e+01,2.925736276950885895e+01,3.008522223837081810e+01,2.850908374538744283e+01,3.010405488240598970e+01
2.928970373216441203e+01,3.007508445390351426e+01,2.796209378069670493e+01,2.952147977190031725e+01,2.893809619226004770e+01,2.878979538326780130e+01,2.844669313456603277e+01,2.905918988845235162e+01,2.823705723841749204e+01,2.899463976860226921e+01,2.818523170225182639e+01,2.998908381156985570e+01,2.918878067165246648e+01,3.005082133532926036e+01,2.889766251664161700e+01,2.923839124922392330e+01,2.930791988521963276e+01,2.996343362797028931e+01,2.839327900366998847e+01,2.994890464740427660e+01,3.002906969087416655e+01,2.956440515887629772e+01,2.954504218797796966e+01,2.930995085989241034e+01
2.889757567187348286e+01,2.842343466644138061e+01,2.920286875949494743e+01,2.805197134436673423e+01,2.940437197014125559e+01,2.847847494997188278e+01,2.932264629043180548e+01,2.859094676506384758e+01,2.995024970190326030e+01,2.844476819213906538e+01,2.987591813089568404e+01,2.850672669624913169e+01,2.937309855487615096e+01,2.889860176712517159e+01,2.882081019268878208e+01,2.868648526170414925e+01,2.952146374477979407e+01,2.806606828456216363e+01,3.037041798971523576e+01,3.023037038354908645e+01,2.957703432226611540e+01,2.919787186462525597e+01,3.061416256037983885e+01,3.071645861806092626e+01
2.920633282608275749e+01,2.898516656809965752e+01,2.876540201424421639e+01,2.917255590208907279e+01,2.898096185536149960e+01,2.888235563260514027e+01,2.818900279864641334e+01,3.009927382318551281e+01,2.958883153731164839e+01,2.962997654403483239e+01,2.972392899234165498e+01,2.809846837090873350e+01,2.950919843361907624e+01,2.932955332100300438e+01,3.036902878349718549e+01,2.829362234676779053e+01,2.889737279685436988e+01,2.964911281126575204e+01,2.921937649035589857e+01,2.917040030481786062e+01,2.948616139270984604e+01,3.068222253360141849e+01,3.032825793756302346e+01,2.900828531094111895e+01
2.922321361933319395e+01,2.947649139377512029e+01,2.856078125082621000e+01,2.844971568563721576e+01,2.921990712642480048e+01,2.952347356659788602e+01,2.832228469874451093e+01,2.800167180083803942e+01,2.769063056372283427e+01,2.894012177159282828e+01,2.825664086731319458e+01,2.896726095181838900e+01,2.858216712412291827e+01,2.988259698216893412e+01,2.947290518823035654e+01,2.881295392598519811e+01,2.859857971628883888e+01,2.948085582262677917e+01,2.898770629353225559e+01,2.867349229709213887e+01,2.908983751365786929e+01,2.997133471964252749e+01,2.893792886364246897e+01,3.039134151774953807e+01
2.824543129030746513e+01,2.998114254927980937e+01,2.854283842830335516e+01,2.890293437429443202e+01,2.862548811323893005e+01,2.927434717653045482e+01,2.977338296366912118e+01,2.727832168464072993e+01,2.790230300295462484e+01,3.071374388953529433e+01,2.840854334719108465e+01,2.948683965157368903e+01,2.957648138754115053e+01,3.059734872547602436e+01,2.923814559372419808e+01,2.962068364547025112e+01,2.890999742789756510e+01,2.934222215048089311e+01,2.878735532381494977e+01,3.025006174448822094e+01,2.819346049248719055e+01,2.923072272868427035e+01,2.927908397253446537e+01,2.958008994481792797e+01
3.005446268832145051e+01,2.798401448091618704e+01,2.936911753799341795e+01,2.885921969078202665e+01,2.832368290769494479e+01,2.841128883306424768e+01,2.878299709499214032e+01,2.883817991425337368e+01,2.889418520674212232e+01,2.877503963440528878e+01,2.924363281339316245e+01,2.858435503702077085e+01,2.904838644553802851e+01,2.950764297546078296e+01,3.014327438413192795e+01,2.896838608878158539e+01,3.012376014690630655e+01,2.956717641377542805e+01,3.078629733260419243e+01,2.874865009880915068e+01,2.907289065177587872e+01,2.933143872325558732e+01,2.992151235009180255e+01,2.899487688013306297e+01
