2.797078117415605902e+01,2.883780757468633738e+01,2.822898637172028202e+01,2.850030841154801919e+01,2.873664090520668424e+01,2.849425058398759347e+01,2.922510123956072903e+01,2.913939785582334707e+01,2.896107761424138971e+01,2.936143648154092034e+01,2.814157900734369377e+01,2.852593607701453493e+01,2.816352627454728008e+01,2.858935537041713815e+01,2.846142636227034473e+01,2.902841569143674860e+01,2.880121093027440793e+01,3.029412230985616361e+01,2.880662455766957919e+01,3.006686361311841438e+01,2.836228190901118751e+01,2.949910885691497242e+01,2.912783272245781063e+01,2.984143049906339229e+01
2.980330840595757991e+01,2.646223733699571312e+01,2.863395035513775611e+01,2.918847344707091906e+01,2.885462431884837997e+01,2.724810249172935528e+01,2.799684743917111973e+01,2.806633943689286070e+01,2.878972026783162619e+01,2.908919714045214278e+01,2.961494313844235649e+01,2.843686257431687636e+01,2.954611968689528112e+01,2.889644609791224639e+01,2.948447396625164174e+01,2.849632629965060460e+01,2.876612644952894016e+01,2.859145480659350369e+01,2.873190102333484219e+01,2.744951771235349725e+01,2.918727414432612477e+01,2.929987939709332068e+01,2.877739505599282666e+01,2.849213701817541278e+01
2.792088208481311540e+01,2.785866610605069127e+01,2.777305515766846611e+01,2.936090896123505445e+01,2.908059685123294003e+01,2.811168340120173070e+01,2.822936679173255925e+01,2.948446802560465585e+01,2.753230559433751523e+01,2.873680724927527308e+01,2.777041539599133557e+01,2.849734996262168352e+01,2.844418694999541231e+01,2.935284680374905975e+01,2.749080338321630279e+01,2.919495496756087505e+01,2.896267321367406566e+01,2.884251840162221470e+01,2.832333422160758118e+01,2.880896651452985679e+01,2.873083009543267963e+01,2.864244116729389589e+01,2.870704082566970783e+01,2.984684180493030681e+01
2.910879548480608037e+01,2.826985403754099480e+01,2.918012024462001364e+01,2.818922576827702642e+01,2.916795116413260303e+01,2.771468944270117163e+01,2.873549193015981018e+01,2.929216483433521034e+01,2.854220667513538956e+01,2.804618511603860043e+01,2.871205887846940641e+01,2.776799258578444096e+01,2.960871912545832174e+01,2.832271677237071117e+01,2.836111062786693537e+01,2.841982561896196557e+01,2.892791770839477294e+01,2.824193774872571794e+01,3.063803228250912980e+01,2.849700627118880902e+01,2.908149663168148891e+01,2.875484126154628939e+01,2.818532830723921734e+01,2.792588112083558372e+01
2.726605672789634127e+01,2.959927748994465446e+01,2.947265563263738386e+01,2.925616725022570108e+01,2.841906028157507080e+01,2.902577847601611438e+01,2.882605467267984523e+01,2.916462341154579008e+01,2.856041206870241922e+01,2.854492089191137438e+01,2.781784507136228513e+01,2.873969595981321845e+01,2.847505410445961616e+01,2.919810258932210445e+01,2.796168368818291583e+01,2.815751198097535735e+01,2.881345998891248428e+01,2.840508504869319495e+01,2.813945407883164762e+01,2.828212627033695981e+01,2.834012119691510634e+01,2.910400513982875736e+01,2.833651520188527684e+01,2.920680745203867446e+01
2.836641921482845419e+01,2.798859862836047796e+01,2.893957205361181195e+01,2.774747428735537369e+01,2.883732479195714404e+01,2.828873744007836422e+01,2.853956582278988208e+01,2.827525955588271245e+01,2.932321346594170564e+01,2.884178050848760222e+01,2.858447000620503786e+01,2.788184423260577205e+01,2.894026942080631670e+01,2.865014776163377519e+01,2.842307208740601254e+01,2.881992710940761526e+01,2.929784851694313375e+01,2.806159778108491309e+01,2.807356451865581448e+01,2.815454406295771150e+01,2.855268657871897631e+01,2.815549997412756511e+01,2.817009901681564088e+01,2.789716328934588319e+01
2.752630631649287807e+01,2.946106252635564715e+01,2.773494406125087153e+01,2.873432779340009802e+01,2.822941297471589905e+01,2.896585484998814763e+01,2.815098256811529609e+01,2.944299397192946799e+01,2.834795977995929661e+01,2.845388168636640103e+01,2.864994183647979753e+01,2.909208604174898483e+01,2.885726521797175792e+01,2.895759444277109651e+01,2.856902555330162841e+01,2.808716680539555455e+01,2.881453513772385122e+01,2.834327854168867589e+01,2.858805875376862105e+01,2.918913425461209954e+01,2.731855209902624892e+01,2.877655032516514666e+01,2.794767686050431621e+01,2.933895336412473398e+01
2.928885714265419438e+01,2.790981910157336188e+01,2.845272474748901459e+01,2.876866096676985762e+01,2.838543504793921102e+01,2.896472077692158109e+01,2.917101203338165760e+01,2.872583925180413189e+01,2.914473900616405899e+01,2.778830356257441281e+01,2.893436128875208624e+01,2.844980178479784172e+01,2.925049577188218564e+01,2.808566874473166308e+01,2.965377479804874383e+01,2.864966831204117170e+01,2.873028664549991618e+01,2.841058196359341537e+01,2.846056366054000364e+01,2.871608533161463583e+01,2.926639308039631260e+01,2.918389322912895523e+01,2.843419553182809523e+01,2.898849439856223853e+01
2.776606128129515128e+01,2.943239348469228389e+01,2.778209452885431574e+01,2.806352186117214842e+01,2.845338943581970170e+01,2.935815391039614042e+01,2.823646414684685624e+01,2.929861719991129121e+01,2.893989517448056858e+01,2.908693760679921070e+01,2.855769956683275268e+01,2.938096554921315828e+01,2.898049906640073914e+01,2.910738940141305875e+01,2.875206169395852385e+01,2.888233272670851193e+01,2.860641449642946554e+01,2.993026263757411698e+01,2.854470671443368701e+01,2.869075681266627953e+01,2.926727465413983964e+01,2.923189756490427271e+01,2.843751548646707761e+01,2.806303183593655604e+01
2.889865580541123791e+01,2.859063573434940508e+01,2.956941214495958548e+01,2.813755820600795232e+01,2.913899190155677843e+01,2.845594749126877332e+01,2.964429329171014160e+01,2.845651080748478989e+01,2.849166998149843266e+01,2.822732602390294687e+01,2.943415810906583374e+01,2.859835825186939928e+01,2.856194319128951520e+01,2.824910673889132795e+01,2.870252951290530063e+01,2.926949380572108339e+01,2.850972399451279671e+01,2.789839429272842608e+01,2.875916940372655972e+01,2.947721886690078463e+01,2.987196534674939130e+01,2.845567474416435516e+01,2.859271092356993904e+01,2.750990749009088177e+01
2.774207126285318736e+01,2.869611912019428246e+01,2.882992002349709537e+01,2.862857551978453330e+01,2.907717906258312723e+01,2.932209629824313879e+01,2.868067297327479537e+01,2.864849321909690616e+01,2.870226103515165050e+01,2.880885431695344323e+01,2.898608308568890379e+01,2.855160955300095793e+01,2.852146576292261670e+01,2.976238788905959609e+01,2.823154755408165784e+01,2.830560848267373331e+01,2.796432893212420367e+01,2.904091398249698841e+01,2.828082334516500396e+01,2.885381387193251612e+01,2.843462796601966147e+01,2.921596940077739646e+01,2.898981747941081721e+01,2.951962896381610335e+01
2.824283261625043906e+01,2.877467128696565624e+01,2.868483351634944256e+01,2.887322505172136289e+01,2.785674230594173650e+01,2.852228706039693407e+01,2.893733061232865111e+01,2.850570291323430183e+01,2.806351325412686037e+01,2.833930740821386962e+01,2.919163538602640529e+01,2.861542787912389940e+01,2.826579091128883192e+01,2.819477440502345189e+01,2.976047460072868489e+01,2.797399709859894301e+01,2.875847960032371020e+01,2.895685108530079788e+01,2.947404261708066997e+01,2.937822719741348010e+01,2.842417295034283597e+01,2.938011016654553487e+01,2.852252313228740377e+01,2.923120494986284257e+01
2.864571454637882653e+01,2.903059123299294697e+01,2.850185926318795282e+01,2.957739960072387930e+01,2.850104137751827693e+01,2.940930597405514391e+01,2.875554304456221644e+01,2.910414040881539677e+01,2.933863857176481815e+01,2.897589550727821006e+01,2.888542693999528410e+01,2.918983855380400882e+01,2.924169502040678026e+01,2.853263324655279121e+01,2.936221476935327246e+01,2.931814079558319008e+01,2.834331314412031588e+01,2.861850348168707114e+01,2.972501070087406561e+01,2.918926390437638929e+01,2.891829364396306801e+01,2.955446051750482184e+01,2.810400981206970528e+01,2.883707905217494272e+01
2.923639910159783994e+01,2.872117816023779824e+01,2.826820380715628289e+01,2.795274505475953220e+01,2.913928809565072697e+01,2.898972271680355561e+01,2.873650389372153313e+01,2.916907128965277707e+01,2.892696638651500507e+01,2.863336561719836482e+01,2.858962711216986463e+01,2.897863032571797248e+01,2.909913715859789818e+01,2.900944634691751389e+01,2.920505096215424601e+01,2.879443819887848122e+01,2.983260737188908251e+01,2.852497889071264581e+01,2.900048702705339565e+01,2.918848156624972034e+01,2.900008721786264232e+01,2.849351315313288069e+01,2.939977773425260921e+01,2.803223653989550712e+01
2.856297539003242036e+01,2.984144874242525702e+01,2.919987842120968935e+01,2.933208158760345441e+01,2.822514902548942928e+01,2.903822428456919624e+01,2.886661036140492342e+01,2.916189767243218967e+01,2.902530828989074507e+01,2.913670701471698976e+01,2.831976157404875494e+01,2.903744228508514880e+01,2.815473576740782846e+01,2.937684514063084862e+01,2.850378328396107008e+01,2.905315256550574077e+01,2.875927752282643723e+01,2.870699882677291725e+01,2.851488703376111289e+01,2.925164534734568633e+01,2.788937544911755140e+01,2.971689092753854311e+01,2.823087138004234475e+01,2.946315245493639168e+01
2.919415586609596858e+01,2.908811490478785799e+01,2.837118417418497529e+01,2.935023932510449640e+01,2.915182130531979965e+01,2.763968180296348010e+01,2.912783162509435897e+01,2.905866907637090435e+01,2.895295785422501922e+01,2.801229280777346275e+01,2.949089427497943916e+01,2.876825513484033081e+01,2.892497663408579456e+01,2.846836343478014442e+01,2.943177953998582552e+01,2.951404903458143281e+01,2.914803950118619014e+01,2.874626979665237059e+01,2.880677307651853880e+01,2.866561280457744942e+01,2.830843245968907240e+01,2.908883083085265753e+01,2.860392256564495028e+01,2.964798447877063836e+01
2.948136704490985949e+01,2.928675760991330890e+01,2.909965787905241541e+01,2.871456291089879187e+01,2.819648418944183277e+01,2.813093049791064004e+01,2.884490859004893082e+01,2.893633188394619538e+01,2.892105489355947157e+01,2.905279771282300771e+01,2.911997284375257777e+01,2.925315964257447376e+01,2.776372966578651358e+01,2.920887796232489109e+01,2.876512465212840652e+01,2.904102953546254184e+01,2.796130026059393003e+01,2.858771215501826646e+01,2.927123645790311457e+01,2.823778182694769612e+01,2.920339215878027517e+01,2.963256742651236664e+01,2.870161336734219049e+01,2.976879855280037646e+01
2.935776822749340909e+01,2.867036477395743077e+01,2.984155031259541602e+01,2.784749170525299178e+01,2.798327445787305123e+01,2.923049535428424406e+01,2.938800387237409950e+01,2.867213623039100412e+01,2.772520769698070353e+01,2.843232424516514811e+01,2.919585569459223962e+01,2.859535442732089905e+01,2.879147188348275677e+01,2.900944634691751389e+01,2.834174314719928134e+01,2.786953319504868887e+01,2.906800905868578866e+01,2.840700843117201657e+01,2.946366139250102378e+01,2.968393337955660627e+01,2.870928774196727318e+01,2.939177741170584568e+01,2.956923276312835469e+01,2.878896859124211005e+01
2.779650740995396063e+01,2.889970556159960324e+01,2.863966553964746709e+01,2.855565459016219165e+01,2.820031362829126920e+01,2.868909093752512263e+01,2.908749787019752375e+01,2.951911486484203806e+01,2.882872128887623830e+01,2.925171671808305973e+01,2.968611891559851301e+01,2.910806266270458309e+01,2.870897975214268172e+01,2.909273692656057619e+01,2.835465288471840495e+01,2.876005919411647938e+01,3.006040498756215129e+01,2.994450711726346981e+01,2.943201166076715936e+01,2.978182140628842944e+01,2.890333629999315690e+01,2.971203365405807517e+01,2.951714373308715267e+01,3.054006666905348766e+01
2.895672713792123432e+01,2.852335758568915480e+01,2.896018282655819576e+01,2.848422712341124452e+01,2.923221480923251647e+01,2.915423835048176215e+01,2.860252784950756677e+01,2.920641127981178897e+01,2.942335459098944739e+01,2.846339021514484102e+01,2.897799162115171612e+01,2.922965676799083212e+01,2.929350321716549388e+01,2.816043851181041191e+01,2.952015869810230697e+01,2.926892537834407904e+01,2.960305282088046397e+01,3.016975723010665433e+01,2.955048482069872762e+01,2.946193469933342612e+01,3.035471852107770019e+01,2.871838589945571130e+01,3.017498185797967380e+01,3.050062484428008247e+01
2.897085854365576552e+01,2.897352666666665755e+01,2.761337267637344439e+01,2.887987194333692287e+01,2.890351684392283005e+01,2.922912998296811793e+01,2.867121851986217962e+01,2.949276735789123904e+01,2.871693743818082112e+01,2.935459260612742582e+01,2.924272878818203480e+01,2.835128709648341783e+01,2.815901664215482469e+01,2.943784974141186694e+01,2.883190495598603320e+01,2.959685432598018906e+01,2.893935275000580987e+01,3.023370842650211898e+01,2.908543277384109160e+01,2.937858739479611359e+01,2.978830003899207668e+01,2.972501076714519286e+01,3.055467869383073776e+01,2.909131074004693573e+01
2.919047764800563982e+01,2.867309573986517535e+01,2.929951090616515330e+01,2.770184464024555382e+01,2.948154517449580680e+01,2.813955392607391559e+01,2.948470560573531429e+01,2.882071377189646455e+01,2.884922398307469393e+01,2.869676288233256400e+01,2.911038756694608765e+01,2.833817230873830795e+01,2.945642411085680124e+01,2.864690718880024178e+01,3.014756498260226181e+01,2.866580198739927710e+01,3.000844523322336954e+01,2.919888224068364480e+01,2.941339312479999535e+01,2.958496423184817559e+01,2.896969245369245982e+01,2.898344239389354016e+01,3.055425742235718189e+01,3.138771666946365713e+01
2.893536087239994004e+01,2.874127162731252838e+01,2.866989708154585514e+01,2.881778483284131198e+01,2.856877897726559468e+01,2.902845365797469412e+01,2.867933508598065373e+01,2.877104902788488516e+01,2.810146702125388174e+01,2.940408540593557518e+01,2.888978715154416932e+01,2.982655420837664906e+01,2.898049906640073914e+01,2.888726184126949192e+01,2.897919233378280524e+01,2.960237819656038027e+01,3.060883124031016678e+01,3.190622751547209646e+01,3.160678573148663872e+01,3.120509410229067271e+01,3.140708268460355157e+01,3.101341701225334191e+01,3.062731819906298369e+01,3.170196340054991424e+01
2.935577204581380784e+01,2.803277149096419407e+01,2.845458808781438620e+01,2.839829491127699157e+01,2.870637557516357674e+01,2.862936736438638263e+01,2.910365646442272691e+01,2.861381503063427090e+01,2.910519251069797519e+01,2.845289123719152258e+01,2.842894231650484471e+01,2.882308375630287856e+01,2.976515220395720007e+01,2.901876107893622248e+01,2.953269286866924404e+01,2.939974660728302069e+01,3.184111478573873910e+01,3.203198605953957667e+01,3.217520660246901798e+01,3.242484640105902827e+01,3.125598228919847088e+01,3.063206994412718132e+01,3.118235827277902672e+01,3.076549841031720689e+01
2.887547740443750399e+01,2.907841414489638510e+01,2.839090917378155154e+01,2.931246183688875817e+01,2.835547726418542425e+01,2.978121981024855813e+01,2.864310124560086024e+01,2.856279751239907228e+01,2.858362069477158229e+01,2.920498093570699893e+01,2.866165289338078992e+01,2.857874016547287965e+01,2.859734902226261966e+01,2.907478168523493878e+01,2.895212253822245430e+01,2.904254748168204969e+01,3.015675687750456291e+01,3.130760217388268529e+01,3.005886534152477907e+01,2.925463887545032549e+01,2.982144619412451902e+01,2.977845661415528866e+01,2.914873961723662887e+01,2.932698760270551475e+01
2.752190944290185826e+01,2.889207616757397545e+01,2.818275349726690138e+01,2.826990262277877264e+01,2.812367591981944770e+01,2.840320976714099288e+01,2.891387611512641342e+01,2.855847893171028318e+01,2.908495833044332812e+01,2.879432195655709847e+01,2.872067698129274049e+01,2.872931011128656564e+01,2.935715465615464836e+01,2.887244868209188553e+01,2.894889219272852188e+01,2.912222504045371352e+01,2.929200439968792580e+01,2.981401791427555281e+01,3.042078866285078220e+01,2.935754399440855877e+01,2.979511812906304158e+01,2.978500700937024703e+01,2.979939488050331420e+01,2.876706566391123943e+01
2.782318513835667773e+01,2.888664100803106294e+01,2.865180699305028611e+01,2.775290415861843485e+01,2.815942185737236514e+01,2.964255688905694797e+01,2.872331233035805553e+01,2.882686704692810054e+01,2.768433271302080811e+01,2.982781131806979147e+01,2.862277755558619674e+01,2.886906603129074256e+01,2.866869364983210744e+01,2.909034949775184486e+01,2.926170465999877024e+01,2.933774702274888568e+01,2.936372332973814991e+01,3.031309492537906181e+01,2.975325920409159153e+01,3.043212775992799379e+01,2.933691295811888722e+01,2.958976796192939673e+01,2.777103447748453391e+01,2.900661572607884864e+01
2.858179076920305306e+01,2.832350714716898210e+01,2.944142303485295997e+01,2.725092708880146120e+01,2.916936095692176423e+01,2.866060962499551579e+01,2.876217526917372425e+01,2.920867042899885746e+01,2.797262904318887422e+01,2.876772605161431784e+01,2.916873179965762120e+01,2.873365998614207228e+01,2.901676376732353901e+01,2.856210433355278155e+01,2.847001527923623598e+01,2.928196780528190857e+01,3.046579919030000383e+01,2.999662999500901606e+01,2.920021151520643343e+01,3.023773687023594903e+01,2.927330198049230603e+01,2.915159834512155612e+01,3.027499607477682275e+01,3.000854646765293410e+01
2.814760257219364803e+01,2.910322978913478664e+01,2.836999048589831318e+01,2.835778211299361828e+01,2.812922888803433352e+01,2.787944631423209785e+01,2.868551987686998928e+01,2.782374102327634091e+01,2.929557557163252568e+01,2.806131589508305524e+01,2.822830314873442603e+01,2.950686083976626151e+01,2.890259763276054628e+01,2.843707603042940946e+01,2.948546630685001446e+01,2.884886705462866985e+01,2.907388400796014594e+01,2.990944040524169623e+01,2.912695934826865596e+01,2.996899763963864416e+01,2.954565792414098269e+01,2.963089564051063007e+01,2.994740758977945916e+01,2.932885540210781983e+01
2.777925657131709158e+01,2.858121492345173920e+01,2.766434592433250828e+01,2.691766239302552322e+01,2.860415576699784879e+01,2.808783417622635170e+01,2.913082761564317025e+01,2.842666220808018807e+01,2.853395732364640480e+01,2.881279337825577613e+01,2.882911973311314568e+01,2.844634194632845947e+01,2.946509481969070521e+01,2.816446641696279585e+01,2.866697178066141305e+01,2.770513447702239773e+01,2.899866373475828141e+01,2.937325227466061506e+01,2.908543456927196758e+01,2.926943895437750598e+01,3.094939727143827213e+01,2.970573390734296026e+01,2.999115931364252674e+01,2.982062578256716279e+01
2.831347233948741859e+01,2.850581939650851382e+01,2.803373280715578630e+01,2.867925037470189409e+01,2.906124498601411688e+01,2.926077030569859971e+01,2.757057186729110754e+01,2.905456543541998826e+01,2.884336405116317792e+01,2.979535241585944050e+01,2.775075380018461146e+01,2.910587551352472246e+01,2.865940963640861128e+01,2.896212233685116644e+01,2.961064686802029655e+01,2.906949869541597309e+01,2.914122018109497958e+01,2.924070266011409558e+01,2.779987465003080160e+01,2.873100371971412414e+01,3.173795002760806483e+01,3.093690311001546434e+01,3.022039531897206643e+01,2.992957427418849647e+01
2.865212531100888782e+01,2.903404497544403284e+01,2.902258998441993754e+01,2.850379491248452268e+01,2.868268414487778273e+01,2.855680317398810075e+01,2.848988849663959400e+01,2.944399650284634617e+01,2.868461914417486014e+01,2.837775422411976933e+01,2.939279630544240263e+01,2.838330833377034423e+01,2.869089666828040208e+01,2.857273522721180825e+01,2.859129728356299438e+01,2.870672614597054917e+01,2.836751585051200664e+01,2.869195474675228752e+01,3.060119132294227029e+01,2.954825971055032596e+01,3.130370870391419658e+01,3.051620924965692438e+01,3.078379349351598648e+01,3.019052940830783882e+01
