2.983695087695940629e+01,2.876405914288596932e+01,2.815915155330651487e+01,2.892547079224925710e+01,2.842130203653698572e+01,2.817927900817295495e+01,2.938405396599631558e+01,2.837782457945422721e+01,2.911183213445514184e+01,2.862244053850668024e+01,2.895674840529585481e+01,2.867032328115755035e+01,2.897296778904097891e+01,2.895108187024726476e+01,2.926898966426205106e+01,2.873469331997972631e+01,2.872921378763862776e+01,2.956025761485358316e+01,2.918774486250873679e+01,2.864195586009884664e+01,2.922782217061654819e+01,2.942670795764649938e+01,2.906111026604628478e+01,2.829275683220384963e+01
2.702309884255083716e+01,2.798958339781484028e+01,2.730421133054659322e+01,2.764620186614155273e+01,2.901789509299499059e+01,2.860047049842796696e+01,2.677706957645307284e+01,2.822022713689250395e+01,2.893656346500341670e+01,2.901826062497161729e+01,2.932768335102963420e+01,2.878992414886681672e+01,2.800606561390503657e+01,2.882663534777913128e+01,2.835107003454521646e+01,2.821525935932288576e+01,2.954964008279517884e+01,2.938251955616414079e+01,2.800050749702785424e+01,2.760290221811368383e+01,2.865749963458284810e+01,2.854774978194552659e+01,2.799026740653175693e+01,3.032128142950432448e+01
2.887439829504444333e+01,2.652184061999008691e+01,2.890896163087177229e+01,2.905306634846198222e+01,2.855802577985281232e+01,2.781522209339249230e+01,2.858774207012834268e+01,2.856541495694847299e+01,2.955973838862809089e+01,2.845422427680551891e+01,3.033639875797189234e+01,2.801690414592439993e+01,2.816830310660964187e+01,2.807398084661730309e+01,2.782267840864147956e+01,2.892243335720871755e+01,2.930110731097198595e+01,2.835653119367816544e+01,2.846056094942866821e+01,2.873661118786600355e+01,2.822580884595112138e+01,2.922769018131805296e+01,2.932218704376384721e+01,2.839999171599924921e+01
2.728211434503498367e+01,2.820017483167043792e+01,2.840618865804549387e+01,2.880420841544406585e+01,2.820107517335696912e+01,2.939702973728606139e+01,2.929956136062122596e+01,2.984557633759214923e+01,2.928471925688774036e+01,2.878674619090890019e+01,2.863658156163353397e+01,2.889330602516980662e+01,2.835901797510103961e+01,2.941524237809005626e+01,2.888315700172717015e+01,2.933680975284619308e+01,2.845187632662799615e+01,2.936884629075626663e+01,2.913893849329787145e+01,2.945549999044800416e+01,2.837143135134812155e+01,2.868657126541990010e+01,2.811121376302531871e+01,2.830974944975889684e+01
2.860498994223394220e+01,2.884414724133091568e+01,2.939966217117694214e+01,2.918086338678614311e+01,2.876095417760478767e+01,2.813192036711836863e+01,2.875188380942074673e+01,2.851429364745399653e+01,2.886477756837524566e+01,2.884353440649948652e+01,2.888113172982605192e+01,2.866338904313761304e+01,2.783669848244448985e+01,2.912232991152706063e+01,2.825952421876456810e+01,2.900421510600517649e+01,2.855081483564737255e+01,2.870767104754139609e+01,2.826104318599408316e+01,2.936985233135771978e+01,2.826924723937895578e+01,2.882896547197577775e+01,2.826674947595216736e+01,2.808682528159749836e+01
2.898048837442911463e+01,2.837062241140165497e+01,2.864910721795325799e+01,2.873424486049214011e+01,2.855913386632835227e+01,2.801593609031993992e+01,2.846331935736776586e+01,2.839751055602096130e+01,2.848645841094679554e+01,2.839072221059240064e+01,2.887504534633927733e+01,2.908727358760012294e+01,2.868028136685086338e+01,2.839394215540949062e+01,2.871545986686777496e+01,2.819503878155404664e+01,2.810347768977680971e+01,2.855158153887072103e+01,2.875948878244122398e+01,2.922627206916695286e+01,2.808730942311137824e+01,2.847960554496853547e+01,2.809440040690554952e+01,2.866928940658181091e+01
2.858121717912922577e+01,2.784955647406178514e+01,2.955014283643902218e+01,2.886525150340162327e+01,2.895525683994060273e+01,2.849904508229298017e+01,2.845679956569927072e+01,2.862181272162735013e+01,2.956214203398377549e+01,2.819500504040223632e+01,2.965414953130010645e+01,2.901725835210163496e+01,2.860205766114194148e+01,2.870423257041056786e+01,2.885028757098319829e+01,2.908458290046070260e+01,2.910404371254378475e+01,2.845190115635944039e+01,2.925019138699741461e+01,2.911574032348710261e+01,2.914632089162728334e+01,2.908341457498966065e+01,2.928065362524256443e+01,2.886496885020068248e+01
2.921466853085217963e+01,2.953660120985227877e+01,2.921005893679205201e+01,2.910247334757406179e+01,2.928164690354208233e+01,2.946100662595637232e+01,2.947055055822465874e+01,2.957730124144580941e+01,2.906934849571058521e+01,2.988000311793302899e+01,2.868004511476641483e+01,2.926113414087632236e+01,2.864075505043621206e+01,2.890207522469688683e+01,2.833196818725718913e+01,2.946030877742600751e+01,2.990777663472152881e+01,2.905619609818506888e+01,2.948107688800945425e+01,2.992361677878693627e+01,2.806304987582620925e+01,2.817165576452708819e+01,3.013303061689578044e+01,2.971022248988003867e+01
2.894874481644671960e+01,2.813192036711836863e+01,2.810126414937445816e+01,2.932367478243918413e+01,2.856442666273414943e+01,2.873031222857002831e+01,2.888881600058562071e+01,2.957975764719725476e+01,2.939112432136414554e+01,2.866048593145836776e+01,2.848131056051113319e+01,2.913437386961857101e+01,2.839516152123007942e+01,2.852279724677219974e+01,2.764051316758644816e+01,2.897734292778693543e+01,2.870246386854836373e+01,2.951518830279832173e+01,2.847091202026348356e+01,2.878919704293355153e+01,2.955170420616525462e+01,2.843466908253816428e+01,2.855593423758824656e+01,2.856358287154330355e+01
2.819727047109711293e+01,2.892481970485772536e+01,2.754240714244537003e+01,2.825675067107783889e+01,2.759010722962398177e+01,2.856377935686384717e+01,2.886078105178387432e+01,2.890918390072607735e+01,2.841500220963553147e+01,2.884746748942063732e+01,2.849824190067232621e+01,2.869592873268129551e+01,2.848527988859410698e+01,2.884411827037212106e+01,2.777954220625008475e+01,2.818747919716753358e+01,2.927983699916211435e+01,2.850560985569620698e+01,2.920376800107732151e+01,2.957806323578512320e+01,2.890739660748641882e+01,2.820515349700411889e+01,2.889029466334312701e+01,2.894915273965671076e+01
2.848347801749952168e+01,2.921743518478979240e+01,2.894752861870495053e+01,2.874269168784707063e+01,2.881723648291165318e+01,2.942867050700954223e+01,2.860502846025599410e+01,2.840176361004438377e+01,2.828211878255189049e+01,2.873345179828726259e+01,2.907905336585378109e+01,2.915095387553373030e+01,2.911732018393041699e+01,2.851685218945527822e+01,2.965716856123702883e+01,2.839792687580529673e+01,2.806080536751062482e+01,2.828365442412768971e+01,2.906270852386597880e+01,2.860777810768195195e+01,2.853933650099747865e+01,2.896503319073667626e+01,2.891797566508915907e+01,2.926274489898270303e+01
2.816777657412654889e+01,2.948343175451151410e+01,2.861007366420284370e+01,2.917220899401320366e+01,2.888069558056429287e+01,2.934762807460413114e+01,2.833035605784590416e+01,2.913072072658331990e+01,2.798747519728777888e+01,2.928271100960574813e+01,2.928345742591562839e+01,2.820644624302622105e+01,2.935031239092074884e+01,2.894617010021562464e+01,2.935231413385440646e+01,2.923352504594265611e+01,2.817775634043601940e+01,2.871643008690392662e+01,2.922702083498217007e+01,2.861552709323291310e+01,2.938937088037579315e+01,2.948136073182462269e+01,2.881236319983008798e+01,2.879938358964642475e+01
2.779787338403008334e+01,2.857724336198339188e+01,2.916275455746330181e+01,2.914040932738038236e+01,2.913647925692953322e+01,2.880791638352548034e+01,2.850945331642481051e+01,2.835320788045845575e+01,2.791314727344462199e+01,2.923236443039758115e+01,2.864194783582229320e+01,2.944248546831988733e+01,2.787487468159258697e+01,2.797326348228716597e+01,2.977045128526270901e+01,2.972555815191100237e+01,2.876250411482504887e+01,2.854202243342365364e+01,2.881376227731328754e+01,2.844116403776735069e+01,2.901745163981462383e+01,2.947931303803630954e+01,2.785293130805825967e+01,2.911727798546240820e+01
2.857716375405618692e+01,2.941109035886103129e+01,2.819186440960612572e+01,2.842170198811152204e+01,2.906313869229643387e+01,2.891563098732723347e+01,2.865997680450834650e+01,2.909441000746340933e+01,2.835034380931955411e+01,2.855916935586287764e+01,2.784349610158733412e+01,2.824009894870687276e+01,2.902270914187494100e+01,2.845482359057621125e+01,2.864045153793625786e+01,2.888249720845709589e+01,2.860238531802440320e+01,2.911326460651918069e+01,2.875800771354994367e+01,2.878472424653847384e+01,2.909573111656158062e+01,2.945529287836325238e+01,2.843889609680968533e+01,2.903166092666174336e+01
2.965566038625075862e+01,2.862183257507422240e+01,2.838872672585119972e+01,2.816609314016835697e+01,2.814932780528215517e+01,2.843843492815364016e+01,2.879046920630628392e+01,2.840448768008792513e+01,2.928151540398152974e+01,2.889580581109385093e+01,2.758206791999356255e+01,2.830576914200474903e+01,2.857279411599279229e+01,2.864870003563146383e+01,2.908304449064655728e+01,2.815722315922874941e+01,2.885024792317506126e+01,2.829784324977924825e+01,2.978782923679182204e+01,2.968268848819542427e+01,2.955510617851291499e+01,2.946987715860944945e+01,2.905503828018771628e+01,2.849232680774747450e+01
2.853296531032850680e+01,2.844037912652720479e+01,2.903320200847304022e+01,2.782337813750638134e+01,2.837317169315343790e+01,2.896028413934146784e+01,2.922223105951860589e+01,2.982063655771901267e+01,2.820974826741922925e+01,2.892898497970151084e+01,2.843550975421169369e+01,2.885598954805561789e+01,2.819827832934879552e+01,2.887942184593833872e+01,2.887249854395270177e+01,2.927952695135257954e+01,2.874409392783320527e+01,2.801557755341008260e+01,2.906434319755703655e+01,2.942482456774428101e+01,2.892143013101173210e+01,2.952976291353394345e+01,2.852888598932577224e+01,2.975674274560054755e+01
2.768642135757335154e+01,2.846267774494884861e+01,2.902341543651795064e+01,2.772951087181075991e+01,2.811997771836945503e+01,2.856734752893680707e+01,2.826312779158701005e+01,2.819108729157437665e+01,2.851302729058255636e+01,2.798807812996699340e+01,2.805617408556480541e+01,2.852500176343374960e+01,2.817477081960583973e+01,2.849301585126283953e+01,2.884946172045164303e+01,2.832181163109663657e+01,2.855083397436351333e+01,2.933843430799328189e+01,2.903044981825706827e+01,2.882751157368903705e+01,2.844735948112617052e+01,2.870601279013033036e+01,2.949852670116843001e+01,2.917350896124753490e+01
2.833091105252520947e+01,2.952764687079144323e+01,2.791763230174035471e+01,2.869311896474494006e+01,2.825823137692742648e+01,2.932862511117281201e+01,2.713341877736780816e+01,2.892783963763838528e+01,2.797913101922915757e+01,2.852096015629768999e+01,2.863027834888725920e+01,2.900850484286257824e+01,2.823136861859074997e+01,2.861521751594705165e+01,2.842645440977071303e+01,2.860349598432526363e+01,2.833539211899625343e+01,2.899098741299582116e+01,2.839229832128063435e+01,2.861861236670694097e+01,2.880396820141515946e+01,2.829269236477233562e+01,2.808831365153690740e+01,2.872049336406661268e+01
2.870044452772754084e+01,2.958699545825652422e+01,2.781809877876747805e+01,2.957815164001232233e+01,2.812479583245630010e+01,2.861350000552391748e+01,2.832502362226802006e+01,2.842672092175712351e+01,2.875230003519402544e+01,2.867474895566033410e+01,2.877279847232279053e+01,2.869940548055774343e+01,2.863297793602322372e+01,2.820481199811734996e+01,2.860684042460911769e+01,2.901052929657043933e+01,2.865297412985790970e+01,2.920376242984434612e+01,2.868646289162541052e+01,3.020764547755504736e+01,2.900269883154589934e+01,2.876987757955970437e+01,2.997612022733977710e+01,2.958216076680031392e+01
2.888217215047137643e+01,2.922327018413682254e+01,2.888490659002104621e+01,2.895594404174397596e+01,2.897813765012244858e+01,2.872625427815916055e+01,2.801118593735321838e+01,2.879397679591772885e+01,2.901343704317207539e+01,2.855591616497167706e+01,2.907185020076201454e+01,2.848109630240924162e+01,2.905186378085352317e+01,2.924743682236163522e+01,2.878865148816231567e+01,2.870351795374813264e+01,2.885925268581462433e+01,2.859508299806822151e+01,2.913676615501373135e+01,2.888094417222470156e+01,2.873778950475929150e+01,2.950832012352577749e+01,2.974177945759970498e+01,2.989536667798819281e+01
2.791300779542297050e+01,2.870501592172308847e+01,2.864917842199650977e+01,2.825655817650942936e+01,2.847183380028440070e+01,2.932697853113944575e+01,2.842080457377625180e+01,2.890134842397793591e+01,2.864063381170592493e+01,2.811884799249321532e+01,2.899912371298245262e+01,2.926887539692609153e+01,2.857724879702175258e+01,2.936140351328214138e+01,2.859205423667930290e+01,2.854156678694619131e+01,2.952714126782638004e+01,2.933266004871518362e+01,2.901063317783740558e+01,2.963488980388837035e+01,2.919433575520224622e+01,2.964979261923303966e+01,2.977053139259356840e+01,2.955490204045315750e+01
2.911532287287337795e+01,2.860124817488127746e+01,2.866886611086601988e+01,2.909128211616689441e+01,2.905143995823834757e+01,2.894824089810487067e+01,2.802750645355104098e+01,2.857551925225186551e+01,2.877266188166220218e+01,2.879264300472067362e+01,2.903425707599421912e+01,2.826422347767805832e+01,2.820839910033322440e+01,2.873983711761815130e+01,2.908026581895336449e+01,2.909025566100524429e+01,2.861227588404261724e+01,2.846488424929322036e+01,2.848965693655810583e+01,2.900536470427272207e+01,2.889384442532951880e+01,2.925950767295677224e+01,2.994222556156444170e+01,3.060617126061606541e+01
2.865790885288487289e+01,2.886586741051127092e+01,2.955070198909982082e+01,2.912030808264512416e+01,2.922586566014786058e+01,2.877197734675030460e+01,2.914117604254118987e+01,2.851744176879839188e+01,2.802578844048514384e+01,2.880744885308052972e+01,2.864128977866374726e+01,2.889855219645863826e+01,2.890471021626171932e+01,2.898105214909520555e+01,2.890382596988013120e+01,2.885082653972727940e+01,2.794771463288162749e+01,2.875703084496183237e+01,2.928241585731382202e+01,2.869113136017296029e+01,2.939683210766276034e+01,2.952634869456261413e+01,3.145661179043224820e+01,3.145014099979431421e+01
2.717985481292140548e+01,2.877805310125552296e+01,2.857525644460429248e+01,2.909048095400072498e+01,2.918813473973614236e+01,2.873956379224750890e+01,2.848873415812488474e+01,2.854037180354026759e+01,2.763544853867813345e+01,2.786012924661730494e+01,2.765672560330034457e+01,2.960342735280073612e+01,2.882048690731039642e+01,2.946038536819418141e+01,2.945756640844859930e+01,2.915788005755081258e+01,2.849595372590505349e+01,2.956904687161608081e+01,2.898204404185651129e+01,2.942923267149973299e+01,3.011682708875514436e+01,3.002573580286957622e+01,3.183732692892510840e+01,3.341791870829149502e+01
2.817611358308511171e+01,2.818645644329910738e+01,2.851319300581792504e+01,2.807441346012666372e+01,2.772407239215897334e+01,2.769977745537516967e+01,2.856696106760762177e+01,2.866642281762960920e+01,2.815064728682318673e+01,2.824513169284858805e+01,2.805735085347117774e+01,2.744832324137280466e+01,2.800263280645003761e+01,2.882666531354692552e+01,2.784001908202361619e+01,2.896619057911698292e+01,2.905428306455723941e+01,2.868224075496084424e+01,2.875092993340376779e+01,2.882450573564983642e+01,2.848790328349292622e+01,2.952300642316708945e+01,3.134499616618552409e+01,3.209117133962820390e+01
2.744683539360784152e+01,2.756446332913708375e+01,2.830823215403364657e+01,2.878764681775493273e+01,2.861377153447108412e+01,2.758447419213291596e+01,2.811035595087281536e+01,2.794268209508476275e+01,2.900934559174282867e+01,2.836424447498518475e+01,2.758358442185215154e+01,2.900640295958004344e+01,2.910583774426362424e+01,2.897577990711050688e+01,2.852404279075017257e+01,2.782949388696158621e+01,2.799167299599639591e+01,2.922221056244359261e+01,2.766503916800297702e+01,2.928672326391688330e+01,3.008383748251725365e+01,2.861268007114966849e+01,2.953670499566948138e+01,3.040090119210685771e+01
2.797714981697100711e+01,2.837425542030592851e+01,2.857859032673502497e+01,2.809254505136908620e+01,2.828394484522323182e+01,2.859728931848582079e+01,2.768798041081788597e+01,2.818313175046341712e+01,2.836594083145325840e+01,2.863815689531912767e+01,2.836569705573276678e+01,2.806634104022742804e+01,2.841313350826112583e+01,2.883571440723898149e+01,2.810273654543101429e+01,2.836213852637831678e+01,2.874403455383247774e+01,2.860263952884776018e+01,2.892624200269699486e+01,2.922954964052655669e+01,2.984144155553144628e+01,2.873826455884892539e+01,2.989674816204819763e+01,2.893372483895245750e+01
2.757702052683873717e+01,2.757371992690082152e+01,2.701480255571021871e+01,2.823575797143689670e+01,2.789053493389849336e+01,2.799757070365234313e+01,2.830050051872410677e+01,2.837578070971699162e+01,2.808606271879318683e+01,2.794998101167880122e+01,2.798185646127825521e+01,2.792688949692524147e+01,2.783549218341818232e+01,2.958198706065627448e+01,2.967817810865210504e+01,2.829369577093734733e+01,2.855406104808787404e+01,2.863757687954608855e+01,2.874319688976657972e+01,2.921760346243280537e+01,3.017619447049088421e+01,2.947626754749819611e+01,3.020207398212278349e+01,2.932367094094263393e+01
2.807694340953918299e+01,2.739101977365112361e+01,2.718557152844698521e+01,2.828191234999286507e+01,2.826274909084077080e+01,2.739483813667925460e+01,2.780107426411046845e+01,2.834766927351898858e+01,2.688663686471727488e+01,2.894579501781197450e+01,2.739158681607693779e+01,2.792723567292074449e+01,2.882820267675970172e+01,2.873400011751618877e+01,2.787419514327933712e+01,2.915564219020848213e+01,2.748503430130762126e+01,2.908457147039661095e+01,2.886049328539382941e+01,2.931324182528442179e+01,2.887006483993860684e+01,2.915254871985854379e+01,2.882811337184938338e+01,2.988483692708240369e+01
2.794774198436812185e+01,2.733236283843842784e+01,2.781682707114123332e+01,2.796223031618245614e+01,2.766884393221158689e+01,2.822953958414535691e+01,2.764247670896071440e+01,2.715573207807688050e+01,2.669525928435723472e+01,2.777987203116072124e+01,2.778890354578135202e+01,2.818382535227226526e+01,2.844363045422034020e+01,2.828325221262099376e+01,2.782273417658524295e+01,2.840323978186688691e+01,2.775860189963844959e+01,2.833777251815570253e+01,2.901056339592361155e+01,2.820915668147011957e+01,2.945818401027611344e+01,2.881615104586768439e+01,2.949334983529911369e+01,2.826012491469680299e+01
2.664305746865477431e+01,2.791541573846353685e+01,2.845031077779799489e+01,2.716685365570600652e+01,2.876065670525190399e+01,2.806185064377615390e+01,2.859050654450390994e+01,2.703679800505983621e+01,2.792011348843868745e+01,2.867698631440492818e+01,2.829573059477490915e+01,2.821389860427257190e+01,2.776948293301228432e+01,2.868560667363760786e+01,2.830050909086264710e+01,2.775140492495921762e+01,2.865025352422730975e+01,2.958198960867815686e+01,2.879696326759773228e+01,2.950860778956177910e+01,2.793553021471831244e+01,2.909687738084375042e+01,2.806066348807144095e+01,2.797947640858780005e+01
2.804098732005172678e+01,2.765829663121235171e+01,2.721725937731400791e+01,2.795732273565408832e+01,2.861004299676153551e+01,2.803398730589219667e+01,2.819468741785539123e+01,2.829147350704437258e+01,2.796843795504173613e+01,2.767138097328944468e+01,2.847996301673958897e+01,2.914961556523394393e+01,2.820585801943275328e+01,2.952426868921514824e+01,2.851798827974158712e+01,2.822239031663536935e+01,2.913321400131155769e+01,2.925093454554047412e+01,2.966584683222038166e+01,2.926482819636134991e+01,2.945110210978691612e+01,3.022757451486063474e+01,2.834953883144470410e+01,2.989404319020718503e+01
