2.880207700373546231e+01,2.928900557181179920e+01,2.909899432641816475e+01,2.924467067041501878e+01,2.854327136043480095e+01,2.842911673099246173e+01,2.831422546318844979e+01,2.831367888047651604e+01,2.915216633976183402e+01,2.941118816544263836e+01,2.972018612818573047e+01,2.905152571752785207e+01,2.885846770688942797e+01,2.781167976170263501e+01,3.030032691734163564e+01,2.846667583744994090e+01,2.969643596094300619e+01,2.879690133136188024e+01,2.854084817411086306e+01,2.870230772662978325e+01,2.909835248154115561e+01,2.887687835602218911e+01,3.216407306081703155e+01,3.048245483537203881e+01
2.775208099469847411e+01,2.854431036229050278e+01,2.908296186880176037e+01,2.795870522717035556e+01,2.995140911248108750e+01,2.908773223604549685e+01,2.811533559768395207e+01,2.891492839812110560e+01,2.899784222407214429e+01,2.957824299006068713e+01,2.760891756591058765e+01,2.992316879974669064e+01,2.918302288291243940e+01,2.935332527018084647e+01,2.905871658864958818e+01,2.872831866207906160e+01,2.998805601062986170e+01,2.873100008053899046e+01,2.882676730764490003e+01,2.974591887839500259e+01,2.863475251815464162e+01,2.947073484271049892e+01,2.874903852504735369e+01,3.043494198105753412e+01
2.850861531996946496e+01,2.826976548046451398e+01,2.881761737245943777e+01,2.928423882153958857e+01,2.875446666720313260e+01,2.874903582811714386e+01,2.919818876943151054e+01,2.904205339218736981e+01,2.900842096224374700e+01,2.984048104400670809e+01,2.894115627707952854e+01,2.867333042674516719e+01,2.965050489837392433e+01,2.977684251678329019e+01,2.851607784253491218e+01,2.943888252731045441e+01,2.844132271464462747e+01,2.957692033746667448e+01,2.923927024211150183e+01,3.013564342920619765e+01,2.949572508160071038e+01,2.963433835710060293e+01,2.882941542765371423e+01,2.908811259545802841e+01
2.954404458787450949e+01,2.905863004462929666e+01,2.915787906797271489e+01,2.851160884477286572e+01,2.934170146503731758e+01,2.906449803546320254e+01,2.886753121760074237e+01,3.079426960787554890e+01,2.905429004020436423e+01,2.903517684323367121e+01,2.993878187743206354e+01,2.902366538548432118e+01,2.933107032782987744e+01,2.906873349915042581e+01,2.920920871568915800e+01,3.049506368205180706e+01,2.894740517198152929e+01,2.952571927375248606e+01,2.953950823319235042e+01,2.948409898913911320e+01,2.907248436266860381e+01,3.091571455743581964e+01,2.952678868368599296e+01,2.911658768905095940e+01
2.817385976878074416e+01,2.880710974101936017e+01,3.063296991590448215e+01,2.837508674827137156e+01,2.950350703586531154e+01,2.792506858643469059e+01,2.757064008422327106e+01,2.919190602554027691e+01,2.879757125781799232e+01,2.771669538389767240e+01,2.978480856783829722e+01,2.886876156100362323e+01,2.877722486175889571e+01,2.901363279821578089e+01,2.979085267770233258e+01,2.837839906627471009e+01,2.908680761276116300e+01,2.853082456993200822e+01,2.910189596348283203e+01,2.967425665488042341e+01,2.836720701730666860e+01,2.918080685372058269e+01,2.904165159709521049e+01,2.871721305914525146e+01
2.865615153807289062e+01,2.970701941840798099e+01,2.730397151397301059e+01,2.857098368186399284e+01,2.880217543301125716e+01,2.849980454722106060e+01,2.879164234235867070e+01,2.939676504895038534e+01,2.936023784808583059e+01,2.950020874775623270e+01,2.858578376115389119e+01,2.882333824103875486e+01,2.893769225940428669e+01,2.905423527621735502e+01,2.842423360947407218e+01,2.921147189182710235e+01,2.851060587463456386e+01,2.954877634877863102e+01,2.851730900518646195e+01,2.939844846009651746e+01,2.971021468717520975e+01,2.968622847958067723e+01,2.930825274348302401e+01,2.971313610962215535e+01
2.970648714943240520e+01,2.925382401812396438e+01,2.878374748653902770e+01,2.902456258478298423e+01,2.903263529124745901e+01,2.844423223750067109e+01,2.875439240242235428e+01,2.861571750633987676e+01,2.925921505808423717e+01,2.939640539011907094e+01,2.890630830472150592e+01,2.919162251698924138e+01,2.931747500821182939e+01,2.835863725366027666e+01,2.943159875054288932e+01,2.894062186692593741e+01,2.904638850651718940e+01,2.931171399275871181e+01,2.989304244224234708e+01,2.954900236732191843e+01,2.950026866121720559e+01,2.964011702247836411e+01,2.959965424409966772e+01,2.879549758554367145e+01
2.868150512911131500e+01,2.935247517413796459e+01,2.953009294150092501e+01,2.992264341219885182e+01,2.847723641376154546e+01,2.977204918169326220e+01,2.923975564438200081e+01,2.924965909803222530e+01,2.935242850159283989e+01,2.951027854451234589e+01,2.888664649149274055e+01,2.897271116629968901e+01,2.846320378812634999e+01,2.913864974200191682e+01,2.889857046697022724e+01,2.918126893976625524e+01,2.882922354758704842e+01,2.852804347902127802e+01,2.941044039531004728e+01,2.969751860350254447e+01,2.918867167249987915e+01,2.971782962305724141e+01,3.070403352555246101e+01,2.933313892113665133e+01
2.819392870000496032e+01,2.896531156235971594e+01,2.826882543263678826e+01,2.888654900578126217e+01,2.913251049035937967e+01,2.900967773099705482e+01,2.845603222700594870e+01,2.942756526602431677e+01,2.929191227047846269e+01,2.862052175033051071e+01,2.901146797501007768e+01,2.851922564451933795e+01,2.932035385571009556e+01,2.915123760241624495e+01,3.008128054488418002e+01,2.887137406509731363e+01,2.873747131998288751e+01,2.925956995139551964e+01,2.931895069324787073e+01,2.880736186924701769e+01,2.974809141915983446e+01,2.901706591027686954e+01,2.946018535580753905e+01,2.836246536077277369e+01
2.894658062264295495e+01,2.975455091644016647e+01,2.870255531609791433e+01,2.929337152778350628e+01,2.803055601549647236e+01,2.923773636040482415e+01,2.908323394770241066e+01,2.792328850401338514e+01,2.834446990207817407e+01,2.883490804802249841e+01,2.936891594338601408e+01,2.958000783701919545e+01,2.962520417583328936e+01,2.931882068773791161e+01,2.889658358140871997e+01,2.966956922071301506e+01,2.919388139679711003e+01,2.860576162522357890e+01,2.919320630161530516e+01,3.009870698515868526e+01,3.003576751489282515e+01,2.949670625220034026e+01,2.950111253061447769e+01,2.955303538448583822e+01
2.849060287042880191e+01,2.890929865988391612e+01,2.918574050255693919e+01,2.887858729569211391e+01,2.924657842277343889e+01,2.989236965256992562e+01,2.787441142329481636e+01,2.895628668121764804e+01,2.896871318996392120e+01,2.858904341516290515e+01,2.898952523402732595e+01,2.925104046985524064e+01,2.957472320665391408e+01,2.965463131990355805e+01,2.964410321355109090e+01,2.871359516448075055e+01,2.846177602876224455e+01,2.902709082746758895e+01,2.910836405040316777e+01,2.915586421636584191e+01,2.949285625972544267e+01,2.973962492646251121e+01,2.975156780769214038e+01,2.881340276235556530e+01
2.902342445316952535e+01,2.925881473362278484e+01,2.905335359379574811e+01,2.956067158348258772e+01,2.896785886395906573e+01,3.024878242933539241e+01,2.854718584011095572e+01,2.853989763219163933e+01,2.972118929070165905e+01,2.987995130762067220e+01,2.870352039567217162e+01,3.020881546772739057e+01,2.968070474764533628e+01,2.899079739094628394e+01,2.966411616281544639e+01,3.041316733018180685e+01,3.050025242225336797e+01,2.970322646518008014e+01,3.010865208857973130e+01,3.091019698431347251e+01,3.008073050619424293e+01,2.950827510435237855e+01,2.968145135208391139e+01,2.862261452794007255e+01
2.802092819813771030e+01,2.835072814352622572e+01,2.940188057127130605e+01,2.873572137264147841e+01,2.861382214924259415e+01,2.928956068885236164e+01,2.940846478180498025e+01,2.899323524659763507e+01,2.885795001577787389e+01,2.906784368685356412e+01,2.996301929007518083e+01,2.882382169897744006e+01,3.027855642011508053e+01,2.894899035346776373e+01,2.889354013361997886e+01,3.020290357686610605e+01,2.898007548489471219e+01,2.896162165684910406e+01,2.961488038464705141e+01,2.996026588503679022e+01,2.988641898402374864e+01,2.914858866194288112e+01,2.952969641619000640e+01,2.943042672718559061e+01
2.838583097485974349e+01,2.910994413570716688e+01,2.959071467952651346e+01,2.820423703362467904e+01,2.876946090554497459e+01,2.989460338029056174e+01,2.952465831516445860e+01,3.001700399132016628e+01,2.917241245893836776e+01,2.924123841911961108e+01,2.950343920411086174e+01,2.925478317895766622e+01,2.883045654617745868e+01,2.878252508679929633e+01,2.954399162528733314e+01,2.933353661705501736e+01,2.863227680702971156e+01,2.931585117208356905e+01,2.928110997007564720e+01,3.031069489948851015e+01,2.913346566108060642e+01,2.913931702233287524e+01,2.941941813780329085e+01,2.983842595276320253e+01
3.043378228492207427e+01,2.867173210686513585e+01,2.878477162985257110e+01,2.936069930927470750e+01,2.892055460606894712e+01,2.996025142268450736e+01,2.878453668009603916e+01,2.896501867951855047e+01,2.941755665455036706e+01,2.906725654200317877e+01,2.878361206754340174e+01,2.902016897005574947e+01,3.011032333909975023e+01,2.837826180925424069e+01,2.964292286289980893e+01,2.937181547413882754e+01,2.934818252630390134e+01,2.999354613365841260e+01,2.938554032844950825e+01,2.927066510107891872e+01,2.920862814121130668e+01,2.947647885426533776e+01,2.890393728530432327e+01,2.981399555736811635e+01
2.929548188964849942e+01,2.966475467860027493e+01,2.890031264591010540e+01,2.940155105670828561e+01,2.915403832033729259e+01,2.891661753547174385e+01,2.752388559296446147e+01,3.011690171127452231e+01,2.987760050445962179e+01,2.963604417633564481e+01,2.914258155258391980e+01,2.929502065521586474e+01,2.895380364290377884e+01,2.867923891842269768e+01,2.932288121968088035e+01,3.075087921971754668e+01,2.960055111106828463e+01,2.974012123360614623e+01,2.973159827346739803e+01,2.977077728524290023e+01,2.912534974674736077e+01,2.961014246928664306e+01,2.999138474104034913e+01,2.984418471581176391e+01
2.932176173091505689e+01,2.867336323732092751e+01,2.910826984074776647e+01,2.899272950610384214e+01,2.846125096878063232e+01,2.827145230068600767e+01,2.904749347377384083e+01,2.901410329338165184e+01,2.935611836089026383e+01,2.921758913489247789e+01,2.892214163352196010e+01,2.928863434739878358e+01,2.894441447833287384e+01,2.852269974644661943e+01,3.012710067193484065e+01,2.915039885009554155e+01,2.990925278909622875e+01,2.940882858626520147e+01,2.953954951384554306e+01,2.937587540775416528e+01,2.938764553514101863e+01,2.932170095090270934e+01,2.857820568235138126e+01,2.919606580060906253e+01
2.863248385303450050e+01,2.877884770149415772e+01,2.945573764040824472e+01,2.988192811601703625e+01,2.890115639517676982e+01,2.948520628333034210e+01,2.944721905481605972e+01,2.946290521068539192e+01,2.920202845726441865e+01,2.944172519240117936e+01,2.886587771710935613e+01,2.927734707844342665e+01,2.966730975684237137e+01,2.959325382133454241e+01,2.971571762102803405e+01,2.908254296657764826e+01,2.990067539442537736e+01,3.005363616914257818e+01,2.973266695285326477e+01,2.930727551497074046e+01,2.904912690551901733e+01,3.024370389401548209e+01,2.889453141666280089e+01,2.902021686439485393e+01
3.006692150142316677e+01,2.791334748436770496e+01,2.856860631088073887e+01,2.964806420726716851e+01,2.888536992263402681e+01,2.943215055961468352e+01,2.990237592968350100e+01,2.986073592593101012e+01,3.403404882419977184e+01,3.411327955885695928e+01,3.124639647527021680e+01,3.018924692010256194e+01,2.888795482544139759e+01,2.944897024402359875e+01,2.916981926848592366e+01,2.926431952818245463e+01,2.996973472347281131e+01,2.984383878898250941e+01,3.001442395051276435e+01,3.017376677812552543e+01,2.968814956171587482e+01,2.964604217376626139e+01,2.950037132549567787e+01,2.984390596165025045e+01
2.981329304179723749e+01,2.849684609324799567e+01,2.950493861955800412e+01,2.909099725582825613e+01,2.877944676431764037e+01,2.932591783084865256e+01,2.992495878794596820e+01,3.092573578579731475e+01,3.428962325922128684e+01,3.448772147625498974e+01,3.334527484508441830e+01,2.960726325055236430e+01,2.955322760727358400e+01,2.960594832909083607e+01,2.933528131632778013e+01,3.011649159322405467e+01,3.000669133621369156e+01,2.977411529135889623e+01,3.007104161517645480e+01,2.985027126039653922e+01,3.048869323913152130e+01,2.991125144579416428e+01,2.972491699087476036e+01,2.958161266284838575e+01
2.986709694122964720e+01,2.841391849630673505e+01,3.020045480269027394e+01,2.913922407536267656e+01,3.047937003248154042e+01,2.857013004644676357e+01,2.890859035306050373e+01,3.152426135940760332e+01,3.391824573927362962e+01,3.391540470547323594e+01,3.363145896058171047e+01,3.047660872166704848e+01,2.928862114406706496e+01,2.964224986596178724e+01,3.128293795541213740e+01,3.126932867622679169e+01,3.104090737312935744e+01,2.972541065124175930e+01,2.983521710650614978e+01,2.966667650948988921e+01,3.006156559674678874e+01,2.985532574976502929e+01,2.962942147690012007e+01,2.962223056494161710e+01
2.887352124689988386e+01,2.862581425923087863e+01,2.852070898556695511e+01,2.956590154532051429e+01,2.927350745782473496e+01,2.975529199470452113e+01,2.943629700268127181e+01,3.136731270629599067e+01,3.358907987475697610e+01,3.491051976364366283e+01,3.136370630320936925e+01,3.012259512174352949e+01,3.004629894738218354e+01,3.075132711949271425e+01,3.176054893090906717e+01,3.193137633432155553e+01,3.047946212152493217e+01,3.115725696583808713e+01,2.978500664627728156e+01,2.891994012402290082e+01,2.906503500649154148e+01,2.978268855210393440e+01,2.994614196008234330e+01,2.992397764313903963e+01
2.925881715168480923e+01,2.876958910810253656e+01,2.884973196654732419e+01,2.926186857752054493e+01,2.950424661436562701e+01,3.144910207363022892e+01,3.165900807049064269e+01,3.175983087160994955e+01,3.421718882266191031e+01,3.478864021771136095e+01,3.175003078801893253e+01,2.978959547875922453e+01,3.017542297984897459e+01,3.261331634391848411e+01,3.369851646010840795e+01,3.399964722087707969e+01,3.243581293801696575e+01,3.171989606011197793e+01,2.956751001242042776e+01,3.005485462757127380e+01,2.907463599557695488e+01,2.977262405208006157e+01,2.993064486667509527e+01,2.920948664455750077e+01
2.898339837718441458e+01,2.942199339101631494e+01,2.935862365441880684e+01,2.939164641626069852e+01,3.033078790898497346e+01,3.213816870845352014e+01,3.314645236693468178e+01,3.354278526860491638e+01,3.450697041644559704e+01,3.503545206156502445e+01,3.266583474733886305e+01,3.068668237683647249e+01,3.070609720319987446e+01,3.377876116954433883e+01,3.408130272713930253e+01,3.494208579533847114e+01,3.297860046297626013e+01,3.182070239299645209e+01,3.190209988144596309e+01,3.047240022356271538e+01,2.976186175491494623e+01,2.970129127795388513e+01,2.987064777722986264e+01,3.005688240971414871e+01
2.786625789045973534e+01,2.884378724922629544e+01,2.968200710731770187e+01,2.970107908530400209e+01,3.185080769261452360e+01,3.329209977836461576e+01,3.411436024801656686e+01,3.333689707501167732e+01,3.316477374254338883e+01,3.378136746933870427e+01,3.358290194772200721e+01,3.317088689621851927e+01,3.233292118337760712e+01,3.334278161923208472e+01,3.335837354657485321e+01,3.429380290000671039e+01,3.387213609800573977e+01,3.254041886968690278e+01,3.289775167739747985e+01,3.176679156807165327e+01,3.103287817099857193e+01,3.030118922388493274e+01,3.052847620678073781e+01,2.979077915654255548e+01
2.853550231776097235e+01,2.871321434586786836e+01,3.024381156950693139e+01,3.016865520046803795e+01,3.235686727248287298e+01,3.318629101798882175e+01,3.297661868187776690e+01,3.297268822525205678e+01,3.329891313537808628e+01,3.406935946140913529e+01,3.262295097145499767e+01,3.314057119533987361e+01,3.442377621605390914e+01,3.396620698100184654e+01,3.336430619039612111e+01,3.318808754890568480e+01,3.336092051384889601e+01,3.301867036854224580e+01,3.324519420831137495e+01,3.271724916026249730e+01,3.186618992522744520e+01,3.092941847368064145e+01,3.063904333090511045e+01,2.963039410666237927e+01
2.844441524183076808e+01,2.915585804733143505e+01,2.952969486019361511e+01,2.951133654359142611e+01,3.296273004951774510e+01,3.249762859049161534e+01,3.405245001168066210e+01,3.303440760139596932e+01,3.229139903303098436e+01,3.292569186191894914e+01,3.373486231351961351e+01,3.326053908775605805e+01,3.464664824602135695e+01,3.259698852015696957e+01,3.243408085251923012e+01,3.269270361480795373e+01,3.322179172619928522e+01,3.272365849484998535e+01,3.210199943529130451e+01,3.130209154143398109e+01,3.128672578504910007e+01,3.230207346410423952e+01,3.143240541738083493e+01,3.093330173465813004e+01
2.953706885270850080e+01,2.985751442593561933e+01,2.896139994410771124e+01,2.962021409293555507e+01,3.259730611728059557e+01,3.441868875384017201e+01,3.317362500156866645e+01,3.398368994321873515e+01,3.331802963913025906e+01,3.245296050617605488e+01,3.338794764883817834e+01,3.424335232451301181e+01,3.484267363537605888e+01,3.354305101555496549e+01,3.252606228469988991e+01,3.335807887933117399e+01,3.177139218725216097e+01,3.207365766007109187e+01,3.360586324977174399e+01,3.223501101727208606e+01,3.329879941105645003e+01,3.283900571747102504e+01,3.285780571706175124e+01,3.245070551695761196e+01
2.901460384668229153e+01,2.963078167315887868e+01,3.016962986921959100e+01,2.980033515494221774e+01,3.295428497080416719e+01,3.350322198107414806e+01,3.448291427089156969e+01,3.267190550043653730e+01,3.445438818090417499e+01,3.326309799016928537e+01,3.338207002948530544e+01,3.374251512102540573e+01,3.441052307731177962e+01,3.214962501476048828e+01,3.349919372675651630e+01,3.272423760516880975e+01,3.220506450025516187e+01,3.249408862198959014e+01,3.241522970825207040e+01,3.153245845298226868e+01,3.318615200741902527e+01,3.249476809377313202e+01,3.145810250257773077e+01,3.153601030751468670e+01
2.914760638986393815e+01,3.024073945353603676e+01,3.077832069154402461e+01,3.073908929263023992e+01,3.197400591668110792e+01,3.417226484884486126e+01,3.353476223168388515e+01,3.285864632258682150e+01,3.332737767562946374e+01,3.267073507910765784e+01,3.269694919335972827e+01,3.380915651472588479e+01,3.258523979367708989e+01,3.260266605146762231e+01,3.197665890429902902e+01,3.253260635239519161e+01,3.133783327413561892e+01,3.303573357311188374e+01,3.098577138181900636e+01,3.214177083456701212e+01,3.316534354567249920e+01,3.272122643165783984e+01,3.191376858046021425e+01,3.405777243344141425e+01
2.880707452541844305e+01,2.986837149129860336e+01,3.006088241324459887e+01,3.026804557320514277e+01,3.257377662198518919e+01,3.192383059457000627e+01,3.286323418292079168e+01,3.264152093808041855e+01,3.388926877309563679e+01,3.440527449317073660e+01,3.278610242879960879e+01,3.372805493117976994e+01,3.328928932743554014e+01,3.437221152171815675e+01,3.301972347718208312e+01,3.269398651510999798e+01,3.316402383388009412e+01,3.183231769360907037e+01,3.121691445880628635e+01,3.150543518867993953e+01,3.094610952490950240e+01,3.098456665879598404e+01,3.143749055016832017e+01,3.069815426216081278e+01
3.019211601776072484e+01,2.987002262366593186e+01,3.051548189151935730e+01,3.131299897973008228e+01,3.335488553276309176e+01,3.256370799606685296e+01,3.293443359352056632e+01,3.302292531711361789e+01,3.498111364719471794e+01,3.429812011235338787e+01,3.340111546744680027e+01,3.344352387720311981e+01,3.392224486348408163e+01,3.344956208686892296e+01,3.384498858004963040e+01,3.338758988146980755e+01,3.322183374094277042e+01,3.194691455764802868e+01,3.162567542973459922e+01,3.123685665530058486e+01,3.016394149737709540e+01,3.211149095137648146e+01,3.175279104372214078e+01,3.167340717349918577e+01
