3.005559580352615967e+01,3.076608408692374041e+01,2.843279010123109174e+01,2.910357015602721731e+01,2.987859127546448690e+01,2.853053422742692646e+01,2.934911248563332720e+01,2.933644801023143600e+01,2.991249685018885884e+01,2.949547855228422577e+01,2.980202589081471842e+01,2.868787011814441712e+01,2.960649656718419465e+01,2.922665013850598825e+01,2.949288533022524916e+01,2.921627329282785013e+01,2.910081579737703805e+01,3.067280080718603585e+01,2.862276108624251947e+01,2.970565077679441401e+01,2.942334949083658557e+01,2.920771049911388673e+01,2.981688934051260276e+01,3.083185173453034622e+01
2.953292665833129149e+01,2.866242533117122093e+01,2.792716988100045228e+01,2.955366308235488759e+01,2.909103865211721995e+01,2.965613477792277308e+01,2.912596674140371533e+01,2.989668538387871877e+01,2.931111720003184473e+01,2.965497926807250906e+01,2.899434676856918713e+01,2.956495073650546601e+01,2.904461320819780212e+01,2.835885509530436366e+01,2.977714993473966842e+01,2.964798850526915430e+01,2.985112963470743352e+01,2.902005531372725500e+01,2.934976642115270806e+01,2.959741613570133723e+01,2.941846828696435523e+01,2.815390546355621382e+01,2.980594530064234959e+01,3.028023697371776279e+01
3.042730042922966049e+01,2.914296074320799335e+01,2.916317034235231631e+01,2.914554059080074921e+01,2.906962052928287221e+01,2.995291542993663825e+01,2.905690890022782469e+01,2.975975918049709890e+01,3.076803748157362861e+01,2.991244102561944374e+01,2.900575222754719107e+01,3.057474992212081588e+01,2.991647204173250429e+01,2.943578223472223954e+01,2.898377068891846875e+01,2.929942106476278241e+01,2.934434231201805687e+01,2.985328435683533144e+01,2.993435722681533662e+01,2.894201225294256119e+01,2.868972202143567074e+01,2.904744794933191088e+01,2.937660029463449973e+01,2.917514186345033522e+01
3.065811129311998684e+01,2.940284245018722231e+01,2.996250041177910362e+01,2.998398111978929137e+01,3.010373739861267950e+01,2.980572306733137111e+01,2.937861337339757029e+01,3.107248104073323702e+01,2.995102696215843707e+01,2.950627882343059127e+01,2.960045993170547263e+01,2.968387480584266314e+01,2.978792105726148520e+01,3.029605598577234105e+01,3.007507412243018052e+01,3.015351339885052084e+01,3.022478053921179253e+01,2.998358993830680674e+01,3.043627643679599259e+01,3.037360094136562338e+01,3.085182415752348106e+01,2.905047918526821604e+01,3.028314843708545823e+01,2.986304191647087691e+01
2.921729331521669337e+01,3.004922488733956243e+01,2.829807210377418869e+01,2.888390194808675915e+01,2.915348566563466193e+01,3.006490426056586784e+01,2.941300190108916013e+01,2.982877972906283048e+01,2.884860682192203285e+01,2.948160785985351140e+01,2.926378718438195392e+01,2.949141868045398951e+01,2.920525673653708054e+01,2.906277460583947914e+01,2.833992421211286228e+01,2.861291245147162954e+01,2.932766226245661301e+01,2.915696129421138494e+01,2.876278033131387701e+01,3.050904926644727766e+01,2.822118449857526912e+01,2.985230570112832993e+01,2.889608504456907667e+01,2.835832863847167573e+01
2.757660541814692579e+01,2.933554011141109186e+01,2.935894261427364427e+01,3.013217671263060993e+01,2.907486973952620701e+01,2.876119417134111700e+01,2.845208696366131562e+01,3.003953139486890223e+01,3.018374972080999896e+01,2.954788671632121577e+01,2.919346066842808796e+01,2.941893753391974542e+01,2.973080240173163702e+01,2.853741176810058278e+01,2.884816317822600240e+01,2.906688362439280127e+01,2.875097834596937219e+01,2.921439237849853043e+01,2.876490439232441076e+01,2.963624561152346359e+01,2.976829796911346193e+01,2.934099480897668855e+01,2.895856293284822414e+01,3.019125981163108463e+01
3.024281062174696899e+01,3.110032283056204960e+01,2.970451481647222636e+01,2.888652874450389163e+01,2.970122451118078288e+01,3.029025314385307865e+01,2.919134967645641154e+01,2.885734743209593489e+01,2.893188905115096077e+01,3.054830172901415608e+01,2.931558466134765695e+01,2.923599537897979417e+01,2.954159658328813975e+01,3.003070669646319857e+01,2.947156331558204556e+01,2.970463965367400760e+01,2.927436772263178000e+01,2.990889707154155985e+01,2.956675785402393331e+01,2.978430726003779228e+01,2.973974068707718743e+01,3.064761885138904063e+01,2.925329849594146481e+01,3.007905217539558862e+01
2.986606321096104466e+01,3.006578582955700085e+01,3.002296120859239181e+01,2.957563025172350990e+01,2.991513581765218532e+01,2.982227407911710770e+01,2.986397255703229803e+01,2.985771014209115037e+01,2.995189586587753183e+01,2.955065330919609323e+01,3.036993388632578217e+01,2.936837822439827050e+01,2.887010368424614626e+01,2.881479823075846980e+01,2.930354885429096612e+01,2.975417156333639923e+01,2.996501538892169947e+01,2.965693936750807325e+01,3.074527648438004235e+01,2.992271262486332262e+01,2.999903068793287275e+01,3.013953869436937794e+01,2.897207904875540407e+01,3.018212737278076929e+01
2.890216347538296304e+01,2.944759234697971806e+01,2.990940317771713808e+01,2.932843664310797749e+01,2.880334338346835921e+01,3.017404466982924305e+01,2.905525183777979237e+01,2.983531957018823277e+01,2.968821927899836055e+01,2.919329253879794805e+01,2.852219572208167619e+01,2.890192856740520710e+01,2.849057523541506498e+01,2.935633948921088177e+01,2.837558572159065307e+01,2.942805978977077075e+01,2.859632256936396288e+01,2.929433563295896192e+01,2.970535028569889846e+01,3.007462327024791193e+01,2.906094958074345413e+01,2.942532523740726447e+01,2.835212405472128694e+01,2.976760982328403315e+01
2.923076922535273070e+01,2.961195616904745975e+01,2.935581455502222070e+01,2.856776452450480974e+01,2.938509336265354932e+01,2.909556512011431550e+01,2.984451454727604869e+01,2.920927978388715474e+01,2.944931703849067617e+01,2.851487036163348421e+01,2.958112085303474714e+01,2.926554113142907454e+01,3.016445744124746398e+01,2.900740173811874456e+01,2.978267545146042039e+01,2.884553899060972526e+01,2.854019135466739954e+01,2.846005785773144225e+01,3.010945400194350441e+01,2.907650254828416791e+01,2.863264239181546600e+01,2.989408604434595418e+01,2.992785899280386275e+01,2.902396062835464363e+01
2.978767348005561644e+01,2.917501895464505424e+01,2.943585753249811887e+01,3.045816780179666239e+01,2.873197621931007006e+01,2.957318960668794716e+01,2.966439310108836480e+01,2.951087072126671274e+01,2.935216267707511406e+01,2.914654105697235309e+01,2.936506476585589098e+01,2.979607313276301284e+01,2.960595943201712998e+01,2.883792082060296025e+01,2.933620131445820789e+01,3.042822060138621509e+01,2.952929362602412766e+01,2.992270002259562034e+01,3.000502997510773184e+01,2.936497848382890652e+01,2.899157807359893013e+01,2.924118192166275776e+01,2.960937084555916954e+01,2.979658306847863969e+01
2.888551532805564648e+01,2.931449301304922983e+01,3.045622939618971259e+01,2.979608658301719970e+01,3.012227470431571419e+01,2.919903783277476350e+01,3.019949329585364239e+01,2.981615451565153307e+01,2.993159477326338447e+01,2.956783727033052855e+01,3.009710842638924078e+01,2.888871602088090640e+01,2.920993020581244082e+01,2.984815665757173520e+01,2.986575829523769698e+01,2.977044312933441006e+01,3.070156319721888849e+01,2.956006465847906384e+01,3.031961380588796828e+01,3.094084505840140764e+01,2.889120159927381337e+01,2.936190638893708638e+01,2.972761739858924557e+01,2.957982539004660794e+01
2.964074208494383811e+01,2.878849302587275361e+01,2.870202953462546702e+01,2.970086317155380584e+01,2.883630960234239637e+01,2.915240145875327471e+01,2.995697934060206080e+01,2.919720259197788437e+01,2.906062835889593998e+01,2.943818492586149205e+01,2.898257608094502302e+01,2.885402054856268705e+01,2.851145813211985569e+01,2.897397925229296334e+01,2.990525336402220091e+01,2.908374321573512589e+01,2.934102821320976773e+01,3.015022605763857655e+01,2.913477412130362154e+01,2.880196057031724877e+01,2.957148533232464160e+01,2.918535456657372151e+01,2.866851219369431192e+01,3.018457944359676048e+01
2.963104439806164692e+01,2.838253342910394394e+01,2.927021877681085016e+01,2.897653625930348653e+01,2.970731196344939917e+01,2.869041794065384465e+01,2.921424318958008826e+01,2.936027335088533619e+01,2.903601803800722791e+01,2.876484794430280090e+01,2.936785441164346366e+01,2.944826325072693862e+01,2.852924938261918442e+01,2.814834819733641780e+01,2.907827800332489687e+01,2.935465693342467830e+01,2.933437639667778285e+01,2.917223022770252783e+01,2.964791908188891512e+01,2.831752812143116671e+01,2.951854984559378181e+01,2.969167882296545713e+01,2.928140612128515841e+01,2.897187122590190711e+01
2.891721625077053659e+01,2.911796779823202996e+01,2.901945581748640279e+01,2.940821218237294943e+01,2.913961076423549912e+01,2.964854868208823291e+01,2.934285064333295168e+01,2.934605209835848427e+01,2.944811676498414954e+01,3.010235653772718933e+01,2.881062406282978827e+01,2.921504774734012244e+01,2.947640622304061253e+01,2.956843251593790001e+01,2.950437065851070884e+01,2.989647528825781819e+01,2.903970664742712415e+01,3.019125436895404846e+01,3.009838493495590228e+01,2.964634541377438381e+01,2.906655514426267928e+01,3.004022953544654229e+01,2.876026209765188923e+01,2.894516601262756694e+01
2.915813032276810191e+01,2.952276875225896902e+01,2.932312085407056657e+01,2.907585928936902064e+01,2.955105947858231730e+01,2.965344791426690563e+01,2.998654346831932571e+01,2.895527145492098953e+01,2.974208216629779145e+01,2.832276775096977417e+01,3.032620784719910034e+01,2.997228631457198844e+01,3.061671480557868108e+01,3.033367207530665155e+01,3.048907438194021324e+01,2.980189762928921482e+01,3.029300594424393012e+01,3.009259013494704504e+01,2.993126062721967173e+01,2.962727358198543470e+01,2.968275480762929419e+01,2.963798189005291306e+01,3.003510679098053515e+01,2.951443362923777158e+01
2.937510960528612713e+01,2.967240355369511917e+01,2.915481665569927827e+01,2.903854838837298757e+01,2.884711785712630672e+01,2.917437134027380807e+01,2.873743144619299983e+01,2.819710433906828939e+01,2.871390328579411744e+01,2.908060467049352837e+01,2.878329144482609081e+01,2.898657571532089605e+01,2.880504423425350069e+01,2.968151882796394148e+01,2.917834541804023729e+01,2.901262362251657123e+01,2.960397152060585313e+01,2.977327543888191030e+01,2.940008614265559572e+01,2.890047474084337864e+01,2.924641519238394949e+01,2.900926736512423076e+01,2.879098755172236679e+01,2.887765152071824559e+01
2.888115291954437680e+01,2.976897541930219404e+01,2.931916980979019627e+01,2.918599824108400753e+01,2.894121199211463136e+01,2.951857872320323395e+01,2.880404313368967451e+01,2.865033985772254255e+01,2.939766833398783774e+01,2.913501905284732629e+01,2.939117221595796536e+01,2.913501905284732629e+01,3.050198763709499872e+01,2.912697317800922292e+01,2.974224906944886015e+01,2.926507079682755830e+01,2.910211145990325576e+01,2.858123649264609867e+01,2.858587299855514630e+01,2.983405201147735397e+01,2.943004815609776870e+01,2.871232306739921114e+01,2.911301954691458604e+01,2.940659363562764383e+01
3.031995220403069879e+01,3.067890433142241591e+01,2.937148202749801840e+01,2.876869307241935303e+01,2.910425574406707483e+01,2.947214043671453965e+01,2.872251237106274857e+01,2.938209937092159407e+01,2.938955837638189905e+01,2.967963311378309754e+01,2.822875740504758824e+01,3.022171172256139471e+01,2.891316487618649944e+01,2.914770465984344128e+01,2.919593027543692187e+01,2.879586130926423948e+01,2.999984447369229201e+01,2.970718150877871722e+01,3.021295139724429646e+01,3.037548696010088634e+01,2.954775945892561140e+01,2.950691884830803247e+01,2.971976125131868685e+01,2.970354343986076628e+01
2.987589358330501454e+01,2.933396901243298771e+01,2.918026829775374154e+01,2.968356941403123983e+01,3.027443308799803390e+01,2.882356011592543155e+01,2.978974657217509048e+01,2.856465328339930920e+01,3.036025339074660678e+01,2.908154737542463408e+01,2.967779760691985302e+01,2.946536111303782945e+01,2.992060099420137931e+01,2.929618143068046265e+01,3.068833217687023307e+01,2.914514052609240480e+01,2.987087224309402700e+01,2.996869642895381958e+01,2.924802653141210840e+01,2.970586988081851132e+01,3.018001761443537134e+01,2.906654168470925015e+01,3.086192592566311532e+01,3.016216765200158534e+01
2.913315399968462316e+01,2.886145491724528256e+01,2.913306670140730148e+01,2.807496824060268636e+01,2.836629539897546692e+01,2.950009768630235385e+01,2.929750464650044250e+01,2.826953923911133870e+01,2.914478954729463567e+01,2.817920603226070853e+01,2.952234039172122948e+01,2.917202661624929760e+01,2.898290478970847062e+01,2.917514174110095837e+01,2.950437065851070884e+01,2.999013869835386004e+01,2.956565206933925083e+01,2.958776267322775766e+01,2.867999293855234555e+01,2.885146171162182327e+01,2.939386213215919952e+01,2.883642128243366187e+01,2.948763167807186392e+01,2.893405510161824168e+01
2.953549471810362093e+01,2.887434405753339206e+01,2.875943847352425564e+01,2.886953063231925398e+01,2.895589146179673889e+01,2.907847695329934368e+01,2.877411221105887762e+01,2.985853031962284376e+01,2.956300623672865413e+01,2.890135849932738665e+01,2.956327406865187868e+01,2.914616024274243955e+01,2.957313474711543222e+01,2.859498558519794642e+01,2.929435617271678893e+01,2.896266109007933665e+01,2.917461815036227790e+01,2.935541951343452638e+01,2.930517157510280413e+01,2.963564975981194038e+01,3.015628090736021250e+01,2.946165376474999675e+01,2.980894580232751423e+01,2.959172365389821380e+01
3.014805027772354151e+01,3.084101835797019930e+01,2.929239234774775014e+01,3.064742064710924296e+01,3.010436264678736507e+01,2.913122512910791784e+01,2.936685693627003957e+01,2.894951611672320269e+01,2.850862207086072431e+01,2.897108566078287595e+01,2.971835604475603532e+01,2.965337015379401464e+01,2.918093405231195447e+01,2.978908834713871556e+01,2.917376360045085448e+01,2.915448702577015183e+01,2.953711436213308161e+01,2.985491370137827971e+01,2.853490515004239114e+01,2.973964221438274080e+01,3.073286263830442522e+01,3.142633468238574324e+01,3.071317364009922812e+01,3.092395167991139715e+01
3.032183767931132934e+01,3.009878879495619231e+01,2.961483274093495766e+01,2.944122337171990011e+01,2.925901878812902623e+01,2.943536116713130468e+01,3.016336050288424531e+01,2.880045649534309860e+01,2.922637485052632655e+01,2.894716550916166398e+01,3.082252789672060089e+01,2.916446137191780963e+01,3.022142094090179398e+01,2.936375667439386916e+01,2.921146811964189283e+01,2.996331912406191122e+01,3.060433550196222541e+01,3.064246673599365067e+01,3.018894616544429255e+01,3.050441944314997045e+01,3.089317497769661713e+01,3.118765546711063052e+01,3.141316343101846087e+01,3.140366917668018232e+01
2.878526403112641674e+01,2.911825476663852896e+01,2.914337273874235734e+01,2.838622230508423172e+01,2.913306670140730148e+01,2.861852305163154142e+01,2.911625831192407077e+01,2.908105653230086318e+01,2.914180406496734577e+01,2.963050257272567478e+01,2.926984281928525888e+01,2.780171590653907288e+01,2.875028072916336441e+01,2.998238423024491794e+01,2.911360084896944045e+01,2.906635054583614419e+01,2.946441389100334618e+01,2.862317207549790510e+01,2.887089366412828895e+01,2.950024236418835244e+01,3.053323026689639619e+01,3.107006087202591971e+01,3.038825193643026523e+01,3.061732193369050492e+01
2.861291715961243654e+01,2.941350272092000750e+01,2.950155190163440011e+01,2.943221464700224033e+01,2.922221641574583373e+01,2.936151276461242787e+01,2.849364522769513997e+01,2.814364736312472814e+01,2.905048558220840960e+01,2.861563548805582968e+01,2.897971311396094052e+01,2.899159225820278607e+01,2.940894783251599165e+01,2.982388395885419641e+01,3.030125674720909501e+01,2.924186332792021403e+01,2.905790058711073698e+01,2.922632880156368174e+01,2.955518983991527193e+01,3.026630662384707193e+01,3.081907620824648575e+01,3.004555732354401698e+01,3.050315799238808268e+01,3.024692898903185778e+01
2.966444964746858659e+01,2.945993926028262422e+01,2.959971806308391251e+01,2.916516951429503024e+01,2.888783825123414317e+01,2.866198256113659681e+01,2.879212706476795347e+01,2.913548602204747340e+01,2.991128010102761436e+01,2.888398354314432481e+01,3.036367835580267638e+01,3.025591473135966680e+01,2.933952435730503794e+01,3.013658639558633467e+01,2.959718819269573942e+01,3.023348182312804511e+01,2.927287749844725795e+01,3.022991486237873460e+01,2.969552099917854093e+01,2.964342302053785261e+01,3.037268643424539505e+01,3.022525477013277850e+01,2.989307334236104907e+01,3.079271242312836421e+01
3.033024243778447726e+01,2.902729145738146599e+01,2.946906810445005931e+01,2.926310364077096438e+01,2.886118147606873663e+01,2.862599288297366229e+01,2.997973548873812888e+01,2.951093942142318838e+01,2.927298825246344904e+01,2.991004896727514506e+01,2.977128242512969791e+01,2.939828980256328350e+01,3.019620583213759346e+01,3.015336456479326444e+01,3.075430764929103589e+01,2.994774185672685007e+01,3.016153949149929758e+01,2.915523430956227458e+01,3.025329556033329936e+01,3.056926938827649565e+01,3.063553613510924833e+01,2.954394880901236320e+01,3.108692735605836788e+01,3.106689288309223684e+01
2.862713962820697589e+01,2.854686276181365656e+01,2.868954960803949916e+01,2.878423820514865383e+01,2.787263307847871374e+01,2.832912406014469298e+01,2.792707024437169139e+01,2.835720100698426904e+01,2.876036370344849047e+01,3.028540681733932161e+01,2.795329955665590660e+01,2.894411347786461874e+01,2.947120255383521226e+01,2.941194444062830371e+01,2.955301564585289498e+01,3.011679016777378592e+01,2.847148445312041076e+01,2.972918154707303984e+01,2.917198606065306876e+01,3.022758504363963539e+01,3.004191609921798545e+01,2.952399405924126086e+01,2.855336256746892332e+01,2.863561637004806926e+01
2.997801539937159987e+01,2.985714587380340390e+01,2.928522936643270214e+01,2.837077591920166242e+01,2.861995693870545665e+01,2.966956093920771309e+01,2.940840146329094296e+01,2.915850838520788102e+01,2.992919952102283787e+01,2.928142047569019724e+01,2.930806800578739058e+01,2.833583900470665640e+01,2.942909225523317218e+01,2.983985807597889561e+01,2.935620686546923253e+01,2.934615615624431939e+01,2.867236537977697708e+01,2.884307116018192119e+01,2.845311222525293715e+01,2.861645591625364204e+01,2.935971274846929191e+01,2.844140395475915284e+01,2.877362769474501647e+01,2.836389698487897704e+01
2.866058813341635414e+01,3.050487548664244741e+01,2.893725140039350663e+01,2.989111243173476851e+01,2.923861965010769381e+01,2.976982634707047737e+01,2.926459320541562192e+01,2.908252292494449875e+01,2.891636768877248187e+01,3.014173538419106535e+01,2.897420902434942036e+01,2.975546676836944471e+01,3.033944702678115846e+01,2.903370448711609697e+01,2.980489331569748401e+01,3.051136895326072818e+01,2.927153253498062213e+01,2.940000375411699451e+01,2.979703181870348772e+01,3.115651964675100771e+01,3.035990218732302992e+01,3.062245109662933373e+01,2.918717253664311784e+01,3.102618576184329413e+01
2.950848794488285876e+01,2.865871484439708183e+01,2.963376904011226998e+01,3.020941927199635302e+01,3.000142121461414035e+01,3.016305547529265141e+01,3.016720038176123353e+01,2.942261717609403604e+01,2.980902193426032909e+01,2.934908773610277422e+01,3.014653164498736260e+01,2.957489992295319325e+01,3.055484037305672018e+01,2.903216349603428625e+01,3.040991309960639910e+01,2.953387598854016005e+01,3.039041178521404163e+01,2.971152474736641125e+01,2.996124985032480481e+01,2.955569936007191245e+01,3.047724700659443897e+01,3.038576470604385804e+01,3.114162973530028466e+01,2.889242577425113723e+01
