2.613868023348351244e+01,2.680669296315738848e+01,2.556087504153100554e+01,2.592676091268089067e+01,2.459781946415307630e+01,2.569243427783976585e+01,2.541892784940353067e+01,2.615014709272219307e+01,2.588513665585065837e+01,2.570741686927220826e+01,2.594906641285990645e+01,2.554063725849039201e+01,2.508322336112269113e+01,2.649273534336174407e+01,2.514592487920964459e+01,2.626930732040597150e+01,2.616206021869982123e+01,2.732496895264677050e+01,2.684542235248528641e+01,2.684660598892861572e+01,2.713324072305414347e+01,2.741237973865446520e+01,2.646035451800366900e+01,2.651847840635684861e+01
2.698109091723557640e+01,2.566409064047411448e+01,2.759592704300871446e+01,2.581706813258415423e+01,2.608231666724208253e+01,2.508602011733279369e+01,2.638715369489153773e+01,2.612653960676504994e+01,2.535565197981145502e+01,2.535169270414445464e+01,2.495439167277089609e+01,2.495151300191105292e+01,2.448819924949617644e+01,2.481228371087945561e+01,2.569191794979781207e+01,2.609118479230664889e+01,2.536862151744577432e+01,2.618683257319344193e+01,2.576495467313395693e+01,2.592054552398394662e+01,2.665675096298883773e+01,2.756939779765031062e+01,2.742287353460380928e+01,2.725413336498809258e+01
2.500336445409737962e+01,2.481524560834151316e+01,2.512957258856641829e+01,2.469950182885577306e+01,2.555640493521281087e+01,2.583548090657382090e+01,2.407344383025633761e+01,2.505919504224914363e+01,2.598772542955009612e+01,2.475416522356982796e+01,2.515269452061784250e+01,2.455705978913010767e+01,2.480700265866545351e+01,2.503610508727496153e+01,2.507711431260258905e+01,2.488266049034564276e+01,2.509860113636477763e+01,2.508937058788859531e+01,2.507057408008057564e+01,2.567558329072306833e+01,2.610913335579732575e+01,2.633222652381488160e+01,2.490670873532241103e+01,2.661718701074369164e+01
2.582659835240980328e+01,2.563273966516663904e+01,2.690827113473193322e+01,2.670796165427390179e+01,2.622005632272902176e+01,2.486870469067753220e+01,2.537393078724880979e+01,2.604908832839868182e+01,2.667742060163766382e+01,2.460055505177291479e+01,2.560871197340713934e+01,2.515317150963585391e+01,2.574330262063892860e+01,2.532342581917123425e+01,2.525643638625712128e+01,2.500549026112980755e+01,2.418507412761169917e+01,2.479673593423007105e+01,2.462537491062875006e+01,2.481063862166610079e+01,2.550434436355305934e+01,2.611509118426613441e+01,2.656185239439145107e+01,2.616457926368991593e+01
2.652654817600750903e+01,2.546695159749936010e+01,2.643897981069972047e+01,2.610746941226642548e+01,2.645094728796334493e+01,2.528244651930907594e+01,2.563918967583231279e+01,2.590394666741963192e+01,2.520969228671901874e+01,2.586740620308904681e+01,2.541092697134223499e+01,2.567000709723168939e+01,2.550419007068404653e+01,2.519634051004896946e+01,2.481115036730636803e+01,2.470980886644457541e+01,2.449069660421952221e+01,2.493323277802863913e+01,2.394998482906606796e+01,2.477182447624358019e+01,2.429402948454878697e+01,2.576813085727155794e+01,2.486715761830657812e+01,2.688254610903817365e+01
2.607222050653905399e+01,2.605300116029553692e+01,2.512212574381129571e+01,2.748316177501811808e+01,2.675453177894439705e+01,2.750815313046979327e+01,2.564625780632644592e+01,2.606916428457350321e+01,2.608050641128397729e+01,2.625372552847875340e+01,2.629579554313181688e+01,2.604305752599543666e+01,2.684109547765643811e+01,2.625038389000218331e+01,2.555916759435353924e+01,2.604914979471914194e+01,2.568547255968178433e+01,2.487421663447503306e+01,2.459903786187805963e+01,2.455981774159170072e+01,2.446539508231307991e+01,2.454299912143665097e+01,2.437041053343841668e+01,2.588328254073456947e+01
2.604020355897165473e+01,2.653615237137444183e+01,2.597846360808188138e+01,2.625679657843755876e+01,2.543067004206812953e+01,2.610285895029431913e+01,2.556550448174198209e+01,2.546245974979643734e+01,2.688158125642530649e+01,2.653798322209161142e+01,2.607021584202965414e+01,2.590198653856703004e+01,2.554946987822256688e+01,2.649588463196278099e+01,2.562784825039608450e+01,2.633915016240331397e+01,2.715380044160184525e+01,2.642361535835738096e+01,2.618858856279416614e+01,2.502483825667178508e+01,2.567541482432221756e+01,2.550543561901412204e+01,2.574144591985503894e+01,2.601600925006312082e+01
2.701832880525631708e+01,2.594725529925790397e+01,2.722348688884505918e+01,2.534852133479483882e+01,2.709880325086271569e+01,2.598946362413659017e+01,2.632877245119135523e+01,2.651612142182165144e+01,2.613581754278663993e+01,2.629804843451455554e+01,2.592594260426733399e+01,2.640803817173235757e+01,2.697985632561687908e+01,2.567971188597135779e+01,2.629705135407732541e+01,2.660869309474509237e+01,2.589412653286370869e+01,2.600727879042375434e+01,2.616831940177354454e+01,2.704246956377244260e+01,2.641338146877689042e+01,2.658044408760935085e+01,2.613908359686524818e+01,2.756391958510266704e+01
2.621841728418127104e+01,2.549103548675219599e+01,2.657528787019111860e+01,2.594428745693045357e+01,2.567536247876904554e+01,2.706239334362845739e+01,2.712277050945408519e+01,2.682058572347148129e+01,2.583162153528576255e+01,2.661078495907923980e+01,2.668286082661671799e+01,2.622251554068685664e+01,2.607244115214422209e+01,2.663526829703994281e+01,2.653068774638018112e+01,2.726900038492379963e+01,2.655576242699316936e+01,2.625716972797516746e+01,2.649771500210408703e+01,2.673050241603800714e+01,2.614827055133883960e+01,2.655820433038337569e+01,2.680381086736548468e+01,2.592739817292573434e+01
2.555511492464353296e+01,2.620403061096419606e+01,2.592495332638213767e+01,2.613423063285034686e+01,2.611444871774023113e+01,2.588380606299779174e+01,2.683186044412883575e+01,2.677845311715498156e+01,2.743569358961559601e+01,2.652668288514809092e+01,2.732868226876951212e+01,2.499015336369888018e+01,2.695038149346680711e+01,2.720738460991032071e+01,2.641558335856137774e+01,2.755340598837017296e+01,2.604812795472554399e+01,2.600563440028150808e+01,2.593137359116184371e+01,2.691122414493077031e+01,2.668618326889003356e+01,2.586840054624354934e+01,2.647748151449974330e+01,2.642575859120267978e+01
2.534459113326346369e+01,2.541467232809952748e+01,2.527070362494868050e+01,2.557538824652743870e+01,2.518506401556510355e+01,2.558165617658585234e+01,2.611998688182416117e+01,2.549646699754970314e+01,2.596806967891592421e+01,2.548356798549042423e+01,2.642291117454465166e+01,2.558026495280773815e+01,2.646466960675292057e+01,2.579636821620283627e+01,2.599984702700612615e+01,2.652447376646330213e+01,2.676691215172172633e+01,2.537576770770851908e+01,2.639974373743336855e+01,2.639680068786617539e+01,2.693160826196691460e+01,2.711539121101674255e+01,2.733565515831696757e+01,2.666178689884281994e+01
2.513931947875926198e+01,2.539318289935556550e+01,2.525508416583846838e+01,2.514502567960283841e+01,2.538377358329830713e+01,2.575592392311074263e+01,2.594629802141241726e+01,2.610600770159652484e+01,2.612810148169592139e+01,2.507105261925977402e+01,2.538524975361775660e+01,2.587816022737536059e+01,2.632051534121262648e+01,2.695891666232114403e+01,2.613342189544522398e+01,2.658078553992447723e+01,2.647063090003024399e+01,2.622104464766078991e+01,2.649786938018831961e+01,2.697208227046883167e+01,2.630705023551024624e+01,2.662051261788366219e+01,2.567369513515700419e+01,2.589124666673330921e+01
2.508216193562424223e+01,2.597592339572150877e+01,2.555167170382878794e+01,2.564247999816103629e+01,2.447502437867512981e+01,2.622930263006276164e+01,2.705767084836969616e+01,2.629512439787083622e+01,2.575778772427588592e+01,2.548875648783501902e+01,2.632433253684877172e+01,2.538173319587235710e+01,2.587450467100364904e+01,2.525876003239159218e+01,2.648248881331636539e+01,2.587055996323852014e+01,2.643501745991824237e+01,2.597808882284999754e+01,2.683361667570738973e+01,2.620584483450932112e+01,2.687311702816697334e+01,2.619617195955316902e+01,2.659712697602077469e+01,2.579832206016925511e+01
2.537305245784341423e+01,2.516776531761308888e+01,2.560434645267071119e+01,2.574168119916987507e+01,2.560156825897752242e+01,2.660812628886344555e+01,2.574938619536646911e+01,2.626038422934362870e+01,2.681093043754037808e+01,2.574495925649085848e+01,2.443053266962920134e+01,2.658469849266691654e+01,2.550962578907899569e+01,2.547675907447182908e+01,2.543643361510191880e+01,2.573941537979067107e+01,2.604569198112216100e+01,2.561890963742763461e+01,2.569456854225006737e+01,2.578455800097179917e+01,2.670352082217021916e+01,2.591470821056469731e+01,2.603095050790039977e+01,2.598136109834427998e+01
2.437889768141747027e+01,2.564714030478006634e+01,2.571081298923013492e+01,2.410146355878055147e+01,2.492012267046214902e+01,2.640607559554439376e+01,2.561057200698706993e+01,2.532689802973266069e+01,2.443156293815991376e+01,2.551333551846090586e+01,2.575295477650979592e+01,2.559455306919346640e+01,2.508204094273042983e+01,2.510902809151741621e+01,2.543853823297371264e+01,2.627661273499620620e+01,2.551797791841642038e+01,2.590308169711886421e+01,2.508129539604772162e+01,2.594474944605150313e+01,2.600133570535615490e+01,2.637348981132907966e+01,2.582579800948445836e+01,2.589324998128341804e+01
2.573348547237634421e+01,2.455830070698164036e+01,2.571583819556633443e+01,2.475848370816476063e+01,2.545340793614593622e+01,2.559608097780170510e+01,2.616620755516186136e+01,2.598340782379932534e+01,2.531482566724736216e+01,2.493218024073280503e+01,2.639818117898477112e+01,2.587744795731748582e+01,2.548583956125764871e+01,2.458007285302744549e+01,2.551411882290250333e+01,2.630009226736228811e+01,2.570919311671195828e+01,2.551483111610508558e+01,2.584200739458157159e+01,2.592678628644728178e+01,2.548900115867854765e+01,2.615550250079354555e+01,2.539875847684447763e+01,2.578507477909778345e+01
2.437429849982657970e+01,2.470623194675260947e+01,2.615273860633340064e+01,2.531020448885891483e+01,2.597069576579087880e+01,2.443610768789335452e+01,2.473770606321915011e+01,2.512053283108031110e+01,2.518265040880874039e+01,2.525410521663081909e+01,2.522939117780367724e+01,2.463633452975557248e+01,2.519236388990225350e+01,2.577854024678231326e+01,2.588146914886965533e+01,2.510957111938415665e+01,2.588545568747991865e+01,2.593392333100035785e+01,2.654676821352813931e+01,2.558605153827409140e+01,2.611124541235858487e+01,2.560443709106323240e+01,2.648067946891740121e+01,2.569881713981754956e+01
2.553291002644266428e+01,2.552574254094781736e+01,2.494124193708267967e+01,2.526474847977328864e+01,2.586526994431278581e+01,2.527165214309775365e+01,2.542859398116394232e+01,2.526530197847426962e+01,2.457483122822486621e+01,2.536874362775836289e+01,2.542410365113278203e+01,2.503584648488214270e+01,2.519699713180210665e+01,2.514922802021396819e+01,2.554828617414551672e+01,2.513204495442909092e+01,2.577753902157178345e+01,2.533503248010987363e+01,2.600919909881849890e+01,2.578455800097179917e+01,2.588881717915461422e+01,2.543394044067554205e+01,2.640347794547739113e+01,2.691981643466738205e+01
2.419931950496516038e+01,2.468213711183022951e+01,2.511753384740961792e+01,2.440869377174755073e+01,2.544878862276095788e+01,2.426298288398294289e+01,2.495186368837238433e+01,2.413137914353239921e+01,2.575009335330918248e+01,2.544693369234732927e+01,2.560250205957197522e+01,2.632410084290404484e+01,2.465362825668523783e+01,2.533076104063673029e+01,2.512033726272460399e+01,2.515051940478605275e+01,2.479534574902771737e+01,2.461031792726959111e+01,2.532819038079185248e+01,2.632166450323018125e+01,2.544977159510222009e+01,2.619214900080953612e+01,2.584768634766692230e+01,2.591354070220359063e+01
2.507552029941109595e+01,2.493767439443536205e+01,2.592354927283480492e+01,2.515653430805667767e+01,2.587116180839979052e+01,2.514053326816008394e+01,2.457654217123064200e+01,2.543930355286511258e+01,2.612638485952095380e+01,2.504391127397860828e+01,2.532431724041350662e+01,2.495030579025689121e+01,2.481150878311854058e+01,2.558678895424208122e+01,2.574332117787895413e+01,2.519620098675073905e+01,2.545593042541787554e+01,2.574373436844177832e+01,2.589511003612318518e+01,2.671363363605121322e+01,2.652393145854472323e+01,2.577480973733139535e+01,2.607374115816173799e+01,2.609758486619449513e+01
2.498047758921427430e+01,2.451643622044122139e+01,2.501529420381052660e+01,2.491199066031157372e+01,2.524640263113781202e+01,2.461136705894125498e+01,2.557001533625043521e+01,2.510312684118525794e+01,2.461595704462331469e+01,2.487321871703858278e+01,2.514775250670101059e+01,2.536910619145265855e+01,2.575708861936618632e+01,2.481987476113806679e+01,2.510327824222002846e+01,2.514679939369568729e+01,2.552058531066569458e+01,2.592181829172045582e+01,2.618626732182463002e+01,2.572442012917241527e+01,2.826361825749370382e+01,2.759980884483945829e+01,2.708660362717307635e+01,2.677819999754728997e+01
2.428806385828005432e+01,2.589480136319536996e+01,2.589186896652773839e+01,2.586173573415373994e+01,2.539867025425570546e+01,2.483345664082600024e+01,2.527066549962160025e+01,2.572909431661327062e+01,2.428421475098531346e+01,2.543504742047355194e+01,2.496537435487437051e+01,2.542986496846378941e+01,2.529940669199453396e+01,2.488948719725021874e+01,2.568245596185357726e+01,2.439849550642156828e+01,2.520799961574016379e+01,2.529306453996559867e+01,2.609216743225869095e+01,2.650936567982699898e+01,2.754588381617929826e+01,2.763508278512534844e+01,2.681858369872787762e+01,2.791375573334801174e+01
2.446926044839648284e+01,2.544452711227330610e+01,2.589476845333007304e+01,2.557538824652743870e+01,2.486113999205775826e+01,2.490273704240490815e+01,2.463401368087977517e+01,2.522106149511978401e+01,2.425930688542621283e+01,2.482577110989092262e+01,2.509160450957034527e+01,2.529950421824150908e+01,2.468447098928641026e+01,2.505705156507684706e+01,2.380039074391231679e+01,2.525098819368531622e+01,2.579412522832456034e+01,2.530252612080857944e+01,2.696751160133010217e+01,2.682299630391952405e+01,2.904183465378150686e+01,3.032393018508719251e+01,3.006934789509597294e+01,2.906593264674438615e+01
2.622596786209209085e+01,2.499946917378940725e+01,2.617461152150366388e+01,2.560586773943555272e+01,2.510508096629433794e+01,2.529615228019781625e+01,2.535761615238510558e+01,2.530803810085575378e+01,2.398233620791791054e+01,2.587632207049591671e+01,2.472379535000084161e+01,2.537952254664435259e+01,2.536634817695625088e+01,2.538288971184135789e+01,2.499891483550663906e+01,2.458958427072519726e+01,2.592614305997688007e+01,2.619939058242385954e+01,2.641443052358943078e+01,2.691847907681000152e+01,3.058920172976525009e+01,3.195755084034823312e+01,3.056700217240791062e+01,3.130194523334932910e+01
2.542226403088585585e+01,2.470182151409017024e+01,2.557866304674269031e+01,2.603741622990617088e+01,2.501529420381052660e+01,2.564799718255062544e+01,2.586766501701850984e+01,2.534045813335086450e+01,2.490905742029110570e+01,2.420697580138448757e+01,2.554250744923251659e+01,2.556496068415214040e+01,2.478421166730527148e+01,2.501880916693357904e+01,2.549937982916804913e+01,2.587192597873445266e+01,2.620350540161507524e+01,2.556652509729792655e+01,2.766703092866509905e+01,2.819657182417415697e+01,3.238355933691627797e+01,3.156920609156594537e+01,3.167121268372216036e+01,3.119752084172466766e+01
2.630527854592645554e+01,2.544890122497548646e+01,2.627937579834195958e+01,2.506321331672188535e+01,2.467400643145793993e+01,2.637579281823644806e+01,2.679814231972966354e+01,2.597434204062659546e+01,2.533930954276803504e+01,2.530751157410134056e+01,2.606396062318208351e+01,2.543996018741194121e+01,2.510469264276957801e+01,2.629663807970979406e+01,2.469632696992675847e+01,2.531362224342439049e+01,2.558103423349581362e+01,2.654739429477632484e+01,2.778033913811913180e+01,3.068803281884413536e+01,3.165989852170440599e+01,3.139484089105758358e+01,3.162975262252160746e+01,3.070802921321256918e+01
2.655137979558833194e+01,2.504434881608347041e+01,2.561514070693169742e+01,2.608559591448181436e+01,2.635689867307604572e+01,2.579461338552061989e+01,2.613296771816703767e+01,2.635320339885589647e+01,2.584999867421447561e+01,2.586142769575843658e+01,2.622499280062078242e+01,2.511050353842574623e+01,2.498242744319747999e+01,2.460706403215408500e+01,2.557785484955928723e+01,2.521721722761429874e+01,2.567925352742150835e+01,2.602064461336829027e+01,2.925298512324900457e+01,3.095307497645109152e+01,3.170821214092393348e+01,3.171397477106000906e+01,3.073658788207518455e+01,3.047433929894287985e+01
2.536076939462532209e+01,2.637289820713334620e+01,2.652862293195687471e+01,2.589997829440193300e+01,2.647804653383815321e+01,2.665692687099510749e+01,2.666654614837335657e+01,2.623707747471917173e+01,2.509868869405443093e+01,2.561342625304632747e+01,2.688313871768173158e+01,2.538773517438937688e+01,2.635793063288400617e+01,2.408758925600972134e+01,2.561555527982477543e+01,2.575818127309099737e+01,2.577281203570822754e+01,2.534892578936506879e+01,2.825733437206679355e+01,3.085861105300131157e+01,3.145696543210124219e+01,3.199939201539905298e+01,3.024809133992698662e+01,3.087943642216902163e+01
2.500861489548958616e+01,2.608754419503816280e+01,2.619040237978578034e+01,2.538034242741838398e+01,2.676612162325835698e+01,2.557342558917184761e+01,2.607109150965237632e+01,2.611237905397268833e+01,2.532341805940217228e+01,2.574563674137266389e+01,2.620933427715880271e+01,2.587817421951376673e+01,2.668500393322699438e+01,2.631401044109895793e+01,2.767554511384275884e+01,2.654081476210882329e+01,2.666704237684950840e+01,2.628012575452453348e+01,2.750116719995526182e+01,2.805893786497637166e+01,2.915547037147160836e+01,2.853995354478018953e+01,2.819328217784425306e+01,2.827757848993155676e+01
2.545482129608001287e+01,2.545843435759627482e+01,2.512866114938702822e+01,2.539466578261902896e+01,2.565851319717984325e+01,2.567762214247323982e+01,2.500276190857709935e+01,2.561767499362304079e+01,2.525384775291672668e+01,2.563400087412884432e+01,2.633159498273465715e+01,2.623564089148686662e+01,2.716972315701576690e+01,2.784462769286170669e+01,2.636169723550324306e+01,2.645497365064449014e+01,2.610906434895480288e+01,2.580384129055880749e+01,2.557840615006807639e+01,2.766934634298155515e+01,2.723324753385770691e+01,2.813906666885333152e+01,2.854751215155471300e+01,2.763994072386208245e+01
2.482810948310077492e+01,2.569329269682128825e+01,2.587220263594014114e+01,2.518199051612174344e+01,2.689719418818623353e+01,2.628513600261106831e+01,2.537992025915571048e+01,2.523294001188907032e+01,2.600479391480178037e+01,2.581366036817121312e+01,2.575805917857542227e+01,2.598374377083183617e+01,2.665922353282633139e+01,2.543245335017678599e+01,2.637620551313216311e+01,2.698013386362623578e+01,2.609649935481814964e+01,2.588808666199827258e+01,2.667071766457115700e+01,2.599363519958188817e+01,2.647977181248046463e+01,2.596246939594669811e+01,2.783483806277678241e+01,2.809983361124619705e+01
2.525599522778270511e+01,2.476550963320852361e+01,2.549875991579415313e+01,2.609460517896610554e+01,2.544143967775590909e+01,2.499121560129776753e+01,2.596679891005157970e+01,2.506347693895594375e+01,2.638907299763809533e+01,2.573550774278288600e+01,2.668199952033728550e+01,2.681985203741572832e+01,2.681047637703517239e+01,2.676879484270045850e+01,2.650631909196584957e+01,2.586074169657666744e+01,2.564146906596630515e+01,2.732005509640606533e+01,2.611394529228687134e+01,2.800504825642337892e+01,2.768794847159711026e+01,2.720123732759134327e+01,2.753851937433717012e+01,2.705352773137292388e+01
