2.995649547078801334e+01,2.993643329061006852e+01,2.722688201701481603e+01,3.000525938467376363e+01,2.777586176853600364e+01,2.801747933488996978e+01,2.760133700888451358e+01,2.936064075549961672e+01,2.851060150335030130e+01,2.912546794704388731e+01,2.858013205554448177e+01,2.960233278162121451e+01,2.793571454740919080e+01,2.965868379762707718e+01,2.801187400724938925e+01,2.901156584602813382e+01,2.834911146067645404e+01,2.939923867296818116e+01,2.880519398374337925e+01,2.915866533856257092e+01,2.790185007324924982e+01,2.832776482290734066e+01,2.914660953437061153e+01,2.960913739336314165e+01
2.930255442034302860e+01,2.756709774148748693e+01,2.914585036433459209e+01,2.920743217054496199e+01,2.933353751938352616e+01,2.678128697743409248e+01,2.866796560916856151e+01,2.851145725873271886e+01,2.877590968463834997e+01,2.908165254723417092e+01,2.895552192631453181e+01,2.799607694826607940e+01,2.826546839541089184e+01,2.762246452969668553e+01,2.945893858702328316e+01,2.869125704961692236e+01,2.874506629568315930e+01,2.749625170131861296e+01,2.871337123782376466e+01,2.854124234718807429e+01,2.849655411662473625e+01,2.884454880298244461e+01,2.877840471979970971e+01,2.826524172299826887e+01
2.922859990752266413e+01,2.887749544405187407e+01,2.851434702179381020e+01,2.889512589149450150e+01,2.795132840343177349e+01,2.898766663633489316e+01,2.864941227708425231e+01,2.925187520904717076e+01,2.878079440269146971e+01,2.808563369255472253e+01,2.774707544021077865e+01,2.826372578081196707e+01,2.801337202439395924e+01,2.951959196147464581e+01,2.726180758491960887e+01,2.936059184753452200e+01,2.873577867743790648e+01,2.902200242482041403e+01,2.872059581612018064e+01,2.878612886049285180e+01,2.937155609332910444e+01,2.906756919637024339e+01,2.779311674221207795e+01,2.870045985267319111e+01
2.837846640324107739e+01,2.828673493150319018e+01,2.754208028936409391e+01,2.910410338355853810e+01,2.871232211935921441e+01,2.880677425653260570e+01,2.892825647739607575e+01,2.989970808258061652e+01,2.973569352863995618e+01,2.923808721032980884e+01,2.887711679284961974e+01,2.893663374730232363e+01,2.956892377330740374e+01,2.887310601708293234e+01,2.971274573569172617e+01,2.779340179828687951e+01,2.829176529382266381e+01,2.921211340155934977e+01,2.938864541139207631e+01,2.868123324496343685e+01,2.905871338364687517e+01,2.831282658376466088e+01,2.817451224901452633e+01,3.014463511509387672e+01
2.774680456303912024e+01,2.799865814736119773e+01,2.706445652940789159e+01,2.859670380895011021e+01,2.881568395631654766e+01,2.919694043125338112e+01,2.801188333877308878e+01,2.912003181376491057e+01,2.890095787568486685e+01,2.887009029155234430e+01,2.777908265663472775e+01,2.774696766052170460e+01,2.805871752664893393e+01,2.896134001676261960e+01,2.773395523854156863e+01,2.810503121885187738e+01,2.877442156578905497e+01,2.854628262242999881e+01,2.810562986415573050e+01,2.804514256162002539e+01,2.791143794410220380e+01,2.846599820148981053e+01,2.810979183138340431e+01,2.897244617753688090e+01
3.041387067079557482e+01,2.866652777162232724e+01,2.934720771540463602e+01,3.046181466298281748e+01,2.880369882553816296e+01,2.866109546575523837e+01,2.909472221748274023e+01,2.940921495554636067e+01,2.889778216570692848e+01,2.936631164637361735e+01,2.834792666384322501e+01,2.783749622137582946e+01,2.961897220915460593e+01,2.897080770697641583e+01,2.855472510363506444e+01,2.840792475632804326e+01,2.850320222221785116e+01,2.783160041588274680e+01,2.859874181807180094e+01,2.925884598217589883e+01,2.753498026154278477e+01,2.713712665993176643e+01,2.876608940512721801e+01,2.913302713785259357e+01
2.820255686967402653e+01,2.944790192606296841e+01,2.835152552909181622e+01,2.870688787669593012e+01,2.759873726951860817e+01,2.892887856110968414e+01,2.887307883232557515e+01,2.902298800552989633e+01,2.867431423804708857e+01,2.913397249301124248e+01,2.896328563601548467e+01,2.849824150603922135e+01,2.808770964206024701e+01,2.908032859408370996e+01,2.940678122398065852e+01,2.945799993602634004e+01,2.822134612165217504e+01,2.920274750207215675e+01,2.836026005805729255e+01,2.951004499165088646e+01,2.861414070261366760e+01,2.873311233349056693e+01,2.852547567449801136e+01,2.850275937117436342e+01
2.840309259314398105e+01,2.810990223114390574e+01,2.842731925838450024e+01,2.813313981380963469e+01,2.873605194868622448e+01,2.816291131160380701e+01,2.893692121241798532e+01,2.831103015908030329e+01,2.909206321773172021e+01,2.882882320395492570e+01,2.834128047231149594e+01,2.928383413884512265e+01,2.883829806570389565e+01,2.892506043179952258e+01,2.888614509888827797e+01,2.859892288164985530e+01,2.957035100524808513e+01,2.979333708000001479e+01,2.877456372925445294e+01,2.885459046388166371e+01,2.884450798325889309e+01,2.839085910763895981e+01,2.938569607639334436e+01,2.935415926992590130e+01
2.858732789702332866e+01,2.858575229072033608e+01,2.833995341997166406e+01,2.935272354446539111e+01,2.897141588925933320e+01,2.912090665556740987e+01,2.873647673947084513e+01,2.906133967131978579e+01,2.853477053740471092e+01,2.919842506673899152e+01,2.884468428939555906e+01,2.829002368530075273e+01,2.909108661502517634e+01,2.971265413771425301e+01,2.903878450627786378e+01,2.847321487451461053e+01,2.872063377206148971e+01,2.850065329726243135e+01,2.901271940407156080e+01,2.897544274653535012e+01,2.832085277185956329e+01,2.881559649114376498e+01,2.897057815266180114e+01,2.859292704900354920e+01
3.031600862996793921e+01,2.937790054713860854e+01,2.797202248463554497e+01,2.733031128008195765e+01,2.816873591415367173e+01,2.840988699996148625e+01,2.887831627440164084e+01,2.910597251983637079e+01,2.860495702588178801e+01,2.869331339266352643e+01,2.919838286954751538e+01,2.922577255748808511e+01,2.882789631515532847e+01,2.852355034972731573e+01,2.880297855866166401e+01,2.887415522289921910e+01,2.810292570129900014e+01,2.868872634109311548e+01,2.973474356229445448e+01,2.925039511133769565e+01,2.784997280159302591e+01,2.804761188301296215e+01,2.965822012487558368e+01,2.841548949854870898e+01
2.833024021543326398e+01,2.806390957623818849e+01,2.917934081045927996e+01,2.877231546674892115e+01,2.884903937509432126e+01,2.963231214636556388e+01,2.845283871922566732e+01,2.926617770258889095e+01,2.916108753142685828e+01,2.840247518065922350e+01,2.858822754564857860e+01,2.949544768617749924e+01,2.930018319926875847e+01,2.852534445783948058e+01,2.967137364525660814e+01,2.823824078698316953e+01,2.909958213123138648e+01,2.931675636145189401e+01,2.770730202873636472e+01,2.896377100987803033e+01,2.891793709152170777e+01,2.986742323456553549e+01,2.894703525782017550e+01,2.817544999157962593e+01
2.861404029069672106e+01,2.913524060117532599e+01,2.959300587746872679e+01,2.864484170873913627e+01,2.890400981488727439e+01,2.883478821145263282e+01,2.870268032325742524e+01,2.915172201483682102e+01,2.817290977024117637e+01,2.896021905274619712e+01,2.995855085021889863e+01,2.872056351370690663e+01,2.852939468920180843e+01,2.895665599700595294e+01,2.852411517094844839e+01,2.907966217696156264e+01,2.885811215577996336e+01,2.906394093810075674e+01,2.958203145548225166e+01,2.880482610631452189e+01,2.940249840342880816e+01,2.880489817722974522e+01,2.847013032463894433e+01,2.882185674124463048e+01
2.822535513200176638e+01,2.898270396065822752e+01,2.882729670273124611e+01,2.898033891858483457e+01,2.951647589681550699e+01,2.882222850144358972e+01,2.818641882595636616e+01,2.886653801089653371e+01,2.860587778034795292e+01,2.857097238978724363e+01,2.882334373127127947e+01,2.878708766914957096e+01,2.836924892246662466e+01,2.925576627885749303e+01,2.848454577884371020e+01,2.908103024103809275e+01,2.943101738659345301e+01,2.838072184242861340e+01,2.849219551591096433e+01,2.945439915505039608e+01,2.886388306099507872e+01,2.931847223534322211e+01,2.823239277956810156e+01,2.860107243239417585e+01
2.900118004193376464e+01,2.925788820521563594e+01,2.894406043176996945e+01,2.862809823537463672e+01,2.907974903431744451e+01,2.823641609515453865e+01,2.970314955246840327e+01,2.842939932702228134e+01,2.984945877487041344e+01,2.890032014971575336e+01,2.951519814435368971e+01,2.858434597475837791e+01,2.837943071284513508e+01,2.894113527717496481e+01,2.896899888553627989e+01,2.807837631960876479e+01,2.893798312420375396e+01,2.895881140234496343e+01,2.809741553343548048e+01,2.929208779667482077e+01,2.893522454222232909e+01,2.809225422263835981e+01,2.969186719626230797e+01,2.887395599000313950e+01
2.950434811941471480e+01,2.846318926460867260e+01,2.842138006072622147e+01,2.800705634167729841e+01,2.923484835090073375e+01,2.915183518249421013e+01,2.829436049371730633e+01,2.960541084974778414e+01,2.913048462001296457e+01,2.890196482998993588e+01,2.842014525999360330e+01,2.912959592772267570e+01,2.825540749882014779e+01,2.881632280709425231e+01,2.958310136783268263e+01,2.914562240680015748e+01,2.985649048590744314e+01,2.880424575164187218e+01,2.896328538599806279e+01,2.918711974898906192e+01,2.888188775474338854e+01,2.878876552037684178e+01,2.925761157067302065e+01,2.923024991744864565e+01
2.856982741381784763e+01,2.962438083865691851e+01,2.905800899697220530e+01,2.858018677083089187e+01,2.891757989242893245e+01,2.863358259869653466e+01,2.906337370940951814e+01,2.899837586608498441e+01,2.821670244175953712e+01,2.893993434342422688e+01,2.958161402745093937e+01,3.015311821220541333e+01,2.836397767276685045e+01,2.920928231896925809e+01,2.935730287492066282e+01,2.928531768740919006e+01,2.956847154391954291e+01,2.917269193250075432e+01,3.039247629568177445e+01,2.893795784670629700e+01,2.824524882542078785e+01,2.988500166460045193e+01,2.979947452773484429e+01,2.995446126772117168e+01
2.830055770433057205e+01,2.867607357692850201e+01,2.887134441147316011e+01,2.937754246411992654e+01,2.848568309729915882e+01,2.874814805847961452e+01,2.844773238770744683e+01,2.919852906251975355e+01,2.935215751200593104e+01,2.815700397720274850e+01,2.856294121392312491e+01,2.901552611080455790e+01,2.850783207677335440e+01,2.928979896228565849e+01,2.869722572677324024e+01,2.976099347691877028e+01,2.955530636330723837e+01,2.868068713960832383e+01,2.871182248592486985e+01,2.899814572896087839e+01,2.965295819732961036e+01,2.871557517471245546e+01,2.917179326836486553e+01,2.866345714719471971e+01
2.931228048217792548e+01,2.825617182820730022e+01,2.905512142159159339e+01,2.926974164861860572e+01,2.984016919759761777e+01,2.848517653537868455e+01,2.915341137321144060e+01,2.794561317535158196e+01,2.864227248349936872e+01,2.901700471338386933e+01,2.912251340525176602e+01,2.966369983845953584e+01,2.903676079994227166e+01,2.926029055518398536e+01,2.842710742892444387e+01,2.909132280442111096e+01,2.850317997163904238e+01,2.784792297387866711e+01,2.856519970058207036e+01,2.812934690480653899e+01,2.932459738195444743e+01,2.899418848051732311e+01,2.933470284685961360e+01,2.909021392462580025e+01
2.913113408492421286e+01,2.999731532840803538e+01,2.970827662599958785e+01,2.923776084947257914e+01,2.850362743248263087e+01,2.827869575712139749e+01,2.903026256095620283e+01,2.979016031369309303e+01,2.977611593394010470e+01,3.001407941340920615e+01,2.929135717990254761e+01,2.920579320780660737e+01,2.977612937469285725e+01,2.950443636210712839e+01,2.943309336865064552e+01,2.933819213500225942e+01,2.950169709757830105e+01,2.921171255794013177e+01,2.953783853114322255e+01,2.971603153716313273e+01,2.884921540307055920e+01,2.878379850153305597e+01,2.893262517397647571e+01,2.942231052634332400e+01
2.951001974960212237e+01,2.829497948917037320e+01,2.909424697990431241e+01,2.788976327462154359e+01,2.953390755713695626e+01,2.945551580009970394e+01,2.956267545050877743e+01,2.863980248902441872e+01,2.952164585793173046e+01,2.956357443176085553e+01,2.958849976238161616e+01,2.967284286437296714e+01,2.872586112438324335e+01,2.942366002761656318e+01,2.862873155650453327e+01,2.903999480835972236e+01,2.936830424492671909e+01,2.977605720252972787e+01,2.897710508969856846e+01,2.923359795242834025e+01,2.978023994831698928e+01,3.037858087857159717e+01,2.994182582537240478e+01,2.973784256663253700e+01
2.854676324736817605e+01,2.931052342771351960e+01,2.868050582575682483e+01,2.900520515360130958e+01,2.902963380683218020e+01,2.864121243136651174e+01,2.844222867846292502e+01,2.891239295474042592e+01,2.798465152557383817e+01,2.862164544013745626e+01,2.934628272130976256e+01,2.927322658005300582e+01,2.875321238860175299e+01,2.936309909031047027e+01,2.909432081553592297e+01,2.935998908309534272e+01,2.837597841399394838e+01,2.983198148053543264e+01,3.034931550555955937e+01,3.030068707488652535e+01,2.904050918059897413e+01,2.948910011687416954e+01,2.943848347517274533e+01,2.975154074164458962e+01
2.796635387026452690e+01,2.805801843149515662e+01,2.924902888416090718e+01,2.857345649969647638e+01,2.817883282053571747e+01,2.949553554019462354e+01,2.924822454747737766e+01,2.961543491016675489e+01,2.929351172979221474e+01,2.897743961136319513e+01,2.887448308157564725e+01,2.910282227795289600e+01,2.921985940189796338e+01,2.891788363421221675e+01,2.925145979166683219e+01,2.876996017552659168e+01,3.042736031949397102e+01,2.995737719948635913e+01,2.968296444225478581e+01,3.020059033711908114e+01,2.994364502286202878e+01,2.910360217473362354e+01,3.138689416895499562e+01,3.134040826148321912e+01
2.931951516784442902e+01,2.930272880451440187e+01,2.939911110244196379e+01,2.914953857278311489e+01,2.925616111804077946e+01,2.951635904268925970e+01,2.898902585783486074e+01,2.906948502976717919e+01,2.875215581941171195e+01,2.812360839057805606e+01,2.883376453559066022e+01,2.959288538301552762e+01,2.926013371448647149e+01,2.932723705461188501e+01,2.909063351568806866e+01,2.902954175137995207e+01,3.106326824801891462e+01,3.184265706790262129e+01,3.189578160833934817e+01,3.131712899343824574e+01,3.222630132795308100e+01,3.148197697563716702e+01,3.112552822041556055e+01,3.129153164614018579e+01
2.828564315952957031e+01,2.862224377305000189e+01,2.900028516896998099e+01,2.950667907967573456e+01,2.865840682312807530e+01,2.821691894000622369e+01,2.832863440506690722e+01,2.927413929015000349e+01,2.938876752173877094e+01,2.856949791996845534e+01,2.940194377859364749e+01,2.978999284692184801e+01,2.987685699459990474e+01,2.998985949954766284e+01,2.963730267348415737e+01,2.934136964971423822e+01,3.126919749122544090e+01,3.248259118332538264e+01,3.245580538172038132e+01,3.117600472214513729e+01,3.013626689348791388e+01,3.058374784486466069e+01,2.984852471689339382e+01,3.053993799872125692e+01
2.885586728784022625e+01,2.863772291779093848e+01,2.816118990043577242e+01,2.849559318556634935e+01,2.794122236138179005e+01,2.863700118066753930e+01,2.823099526050947361e+01,2.796234248234827646e+01,2.853174231658334747e+01,2.984417431921178832e+01,2.843193925363505059e+01,2.886391739223063269e+01,2.888455437171887752e+01,2.917821700823895981e+01,2.992152567679573849e+01,2.931792593742761710e+01,2.992930158367016702e+01,3.107183792218603458e+01,3.087899715210528484e+01,3.042546871578684886e+01,2.959401521880255359e+01,2.918076742827093994e+01,2.987435868102210179e+01,2.966553435279786299e+01
2.814923369037933298e+01,2.824825867810830005e+01,2.914869393894514360e+01,2.882782981723960347e+01,2.845376140365505080e+01,2.817483160310791845e+01,2.831377313422751740e+01,2.851086542946069358e+01,2.920818292293705554e+01,2.945549406411157634e+01,2.953509403862500449e+01,2.920045318590979377e+01,2.894614057878669655e+01,2.882068875063271207e+01,2.975290386665261622e+01,2.906835004562032054e+01,3.009539621853969038e+01,3.113632851310239857e+01,3.106589441195285417e+01,2.966484496730134879e+01,2.919469783457952872e+01,2.882439199227746940e+01,2.880967054243461689e+01,2.911174397620692389e+01
2.894468624157514114e+01,2.843425995362781578e+01,2.946752973539491904e+01,2.813953466462692177e+01,2.832780191920926427e+01,2.824241434207215207e+01,2.849516059668479784e+01,2.897034961615730708e+01,2.877667889250744793e+01,2.885188172941201401e+01,2.966599967511541536e+01,2.863477187891419362e+01,2.898230983540827310e+01,2.885645363267059338e+01,2.903331250824908238e+01,2.946150861260912279e+01,3.004238664922894486e+01,3.062189019120648936e+01,2.990260452605690489e+01,2.925859236038877498e+01,2.891602990582254051e+01,2.974387683762716961e+01,2.994002365968032109e+01,2.997166560732864582e+01
2.811766500357163068e+01,2.989339985077288020e+01,2.771709527782803661e+01,2.891659071427721983e+01,2.953321219827870436e+01,2.862977879411300819e+01,2.794621418843121319e+01,3.011493460313596415e+01,2.905223146638064691e+01,2.909662824593743835e+01,2.893430684212074766e+01,3.086191332098979956e+01,2.878212580170406909e+01,2.814936265667358839e+01,2.860325382149852658e+01,2.905359270604486710e+01,2.986773160060016608e+01,3.049965864920068270e+01,2.972833155780881498e+01,3.057769174157334646e+01,2.943188542076234171e+01,2.931813062750268273e+01,2.963335280295859775e+01,2.957644518068264006e+01
2.816028515812791966e+01,2.863435442473729609e+01,2.814245168442153044e+01,2.768391369919100953e+01,2.831432574727688234e+01,2.825308430955351469e+01,2.926215003164264772e+01,2.858494573309405951e+01,2.790458897174727326e+01,2.973797323258372671e+01,2.932384800861200347e+01,2.927037886972453862e+01,2.867382414584267281e+01,2.913044738989890448e+01,2.849149116379311408e+01,2.937622623612753614e+01,2.978380924609808744e+01,2.929931650272982324e+01,2.909282167294713872e+01,2.934640031405211857e+01,3.051826854679239887e+01,2.939568968417330552e+01,2.888262679268405009e+01,2.867259780688499404e+01
2.851149875307885395e+01,2.740924640904449916e+01,2.810897480441781227e+01,2.758130457765815891e+01,2.793979389024957527e+01,2.933266341492270612e+01,2.869562198067529835e+01,2.859682753388739229e+01,2.849318623807903350e+01,2.800835956194367782e+01,2.859287992148176727e+01,2.879330764433086642e+01,2.771047320580635187e+01,2.888021094256913557e+01,2.881325542190256783e+01,2.900942965546829555e+01,2.934105719056708494e+01,2.895430776940486339e+01,2.825539255862486243e+01,2.963523326055508278e+01,3.111821653015294942e+01,2.906980222946663162e+01,2.890677567744631915e+01,2.766593848453248938e+01
2.782127165622443954e+01,2.930231298008061458e+01,2.878043687970574638e+01,2.868461768299772530e+01,2.791619399622356923e+01,2.835260034572786481e+01,2.887030798869602677e+01,2.967329001471307492e+01,3.008837478966796652e+01,2.935330161841761765e+01,2.814072691909655077e+01,2.887125231346880128e+01,2.822676749498322124e+01,2.973326912654937360e+01,2.917772674861447513e+01,2.862874562267626288e+01,2.995483134352201660e+01,2.900689407884067350e+01,2.927755788675500526e+01,2.956057601679486879e+01,3.042796161436996272e+01,3.092529865084480889e+01,2.976616168481115210e+01,2.876289131693783929e+01
2.842110153129158334e+01,2.984882837284180823e+01,2.879321516800456493e+01,2.899598281437431524e+01,2.798411702241139665e+01,2.855812417764042266e+01,2.869989118480600609e+01,2.791377405595284245e+01,2.887820685856229375e+01,2.793656214037326890e+01,2.916026794196864103e+01,3.002746154872193074e+01,2.866281693650347506e+01,2.895842068992067198e+01,2.835802979802468826e+01,2.868644237526331153e+01,2.876436209473928329e+01,2.950711397835095795e+01,2.928851320298377914e+01,2.975496505535261349e+01,3.107427512849750428e+01,3.073665890858336525e+01,3.008348640042174793e+01,2.973066271454365506e+01
