2.712001153010760390e+01,3.019333435517069120e+01,2.725052698236368087e+01,2.932841110974260346e+01,2.710771077413176045e+01,2.884198045126117904e+01,2.771891131336980152e+01,2.742959893851514153e+01,2.731002477628709357e+01,2.885735335607807883e+01,2.672467192217959564e+01,2.825002310131168315e+01,2.653768600262350219e+01,2.832234713875226362e+01,2.751933267120347182e+01,2.854037080952571159e+01,2.669763575247685594e+01,2.846582405333475663e+01,2.644735495670556702e+01,2.841858986754857597e+01,2.896155287366781295e+01,2.963871979502283693e+01,2.750394799922872835e+01,2.946452131426303822e+01
2.819612345481891680e+01,2.595559438386214879e+01,2.895208221246844005e+01,2.680479803289409801e+01,2.942988850695292058e+01,2.759794342313790594e+01,2.835849783665753421e+01,2.640368362453006057e+01,2.804079219761803188e+01,2.636060002867969843e+01,2.699649000824871337e+01,2.734178397631751523e+01,2.763634481814568744e+01,2.591635515170600002e+01,2.860734473901601405e+01,2.547279369829931284e+01,2.806972872752135117e+01,2.614864457616386062e+01,2.889747470652503125e+01,2.740336132012515691e+01,2.955326428443993336e+01,2.784789390329854086e+01,2.960051624044490381e+01,2.718943347924891896e+01
2.823034501125601992e+01,2.842573344660706880e+01,2.737840157838894584e+01,2.828433851591933035e+01,2.717692969310621720e+01,2.958726894774480343e+01,2.752913707520951903e+01,2.796745808648586262e+01,2.686381334278047461e+01,2.788102807381955017e+01,2.797624724102166738e+01,2.809642753755986178e+01,2.825083070675663066e+01,2.816023708306522622e+01,2.689467972822319553e+01,2.861486257603490913e+01,2.792256347755426305e+01,2.883800126457958868e+01,2.810512372022719774e+01,2.963074221140271902e+01,3.020250281446595864e+01,2.903786866525746291e+01,2.930862534444537459e+01,2.885500062589090930e+01
2.842702417876949994e+01,2.787437938136332605e+01,2.905943223948685272e+01,2.809570009509752708e+01,2.796723740222086008e+01,2.809394131794101668e+01,2.826154673033880727e+01,2.800693381888589784e+01,2.853092213615053652e+01,2.743816399779097992e+01,2.972284128858257191e+01,2.779030594534594911e+01,2.963824684887600824e+01,2.895060592064544380e+01,2.937352881061957532e+01,2.785098350609320050e+01,2.813574413875977598e+01,2.746334282767145396e+01,2.961733919304549545e+01,2.871190560308718887e+01,2.926381558994933130e+01,2.916543772122872724e+01,2.989370992957577755e+01,2.877636464833545915e+01
2.832402629520447590e+01,2.813951903097307650e+01,2.701218525260685510e+01,2.943499035648250128e+01,2.818998474960477552e+01,2.902318295793588732e+01,2.709307889320439244e+01,2.863702502527905835e+01,2.631331352974973470e+01,2.823441320331261295e+01,2.729763572610511346e+01,2.823900737721794485e+01,2.835346577920103073e+01,2.927514314289931008e+01,2.766124602290381063e+01,2.934870302727256330e+01,2.580935101933710030e+01,2.790217681292961061e+01,2.857423076618891855e+01,2.930404068166899378e+01,2.815946085364311102e+01,2.791789600249239811e+01,2.706436720480235181e+01,2.879343925373223101e+01
2.872141964601718200e+01,2.721674603514242108e+01,2.759184370842314138e+01,2.835520171968107661e+01,2.904118465700901197e+01,2.668710573743720715e+01,2.835685235133763626e+01,2.673340915060049383e+01,2.860902405381460767e+01,2.680702010138458036e+01,2.847421115208538822e+01,2.610953544155734107e+01,2.919705583042474473e+01,2.781547626232134007e+01,2.868273455469875444e+01,2.742273781140482924e+01,2.805934219168642585e+01,2.643435724904384188e+01,2.945964519038278695e+01,2.764475032605935212e+01,2.839838704788485302e+01,2.800268558428456345e+01,2.899138269036501470e+01,2.874391816039303649e+01
2.789363643611505950e+01,2.829531445342473717e+01,2.770567940792460604e+01,2.851566216796163644e+01,2.743157804608921424e+01,2.859563684251440918e+01,2.762714905823474965e+01,2.857204589180668108e+01,2.842210353877533180e+01,2.797972619804863825e+01,2.837692082700414176e+01,2.972218159176605923e+01,2.804708525274156727e+01,2.887632934319719880e+01,2.849226123641710728e+01,2.872401926941540751e+01,2.761725726838596984e+01,2.769373827965722512e+01,2.922166574988705179e+01,2.908075234134906850e+01,2.871585814071858067e+01,2.903264397690344367e+01,2.877490564386772576e+01,2.936885311622893369e+01
2.857516384788823416e+01,2.808773731839147558e+01,2.716452140280892991e+01,2.794800986604496984e+01,2.880048092669255766e+01,2.825289937263801221e+01,2.828125632799282130e+01,2.842589433519941622e+01,2.849230242033246441e+01,2.733130619286589535e+01,2.885187628360836243e+01,2.820013748942255916e+01,2.791099443405909142e+01,2.854854681146008488e+01,2.921882072531832364e+01,2.840316223512826355e+01,2.846066548392877849e+01,2.687673744976297030e+01,2.872373513343461582e+01,2.862368744684562216e+01,2.970408130482638853e+01,2.963788131781723223e+01,2.905393255199157920e+01,2.903528568350867545e+01
2.731786707310749307e+01,2.963411581813619478e+01,2.721647218722716843e+01,2.907294645339931094e+01,2.814216887358867325e+01,2.869922257208907013e+01,2.721622263932516717e+01,2.849337662343100419e+01,2.780270386833473140e+01,2.849966702974836608e+01,2.798864158384520806e+01,2.951234902861926912e+01,2.860339568433948898e+01,2.941505188090434331e+01,2.801351482572874829e+01,2.884155629843172619e+01,2.717912726724159711e+01,2.766474351844573221e+01,2.725960937289949015e+01,2.881696130600306560e+01,2.864718151796699885e+01,2.915536750005816202e+01,2.868851630676812192e+01,2.908917832314511998e+01
2.887763491231464741e+01,2.797875757484479209e+01,2.881991923223927188e+01,2.818422860159483889e+01,2.847943748085077686e+01,2.763024437498154384e+01,2.832145022118203315e+01,2.732588639012749354e+01,2.842366966458229172e+01,2.782509220529124150e+01,2.903766544434859043e+01,2.751703806698657218e+01,2.869858029096042173e+01,2.856157270818073357e+01,2.883586881220600162e+01,2.789721547896476750e+01,2.778577827291627500e+01,2.683930909395542130e+01,2.922416782820818071e+01,2.785915628317007986e+01,2.944030893754370481e+01,2.801958106540860172e+01,3.015150244653966638e+01,2.853550467686125103e+01
2.876091287542249120e+01,2.890701104831839530e+01,2.809597764019952137e+01,2.887207794975444131e+01,2.896691243494609580e+01,2.921799177746265741e+01,2.775608936079765954e+01,2.877436989293198621e+01,2.778488958697545286e+01,2.807340498517214655e+01,2.844062998811227772e+01,2.817668458349567118e+01,2.832222409982824729e+01,2.873112986430578530e+01,2.921251058585568217e+01,2.794511928377380627e+01,2.740841003338601922e+01,2.693557704005712594e+01,2.789307732628003578e+01,2.880963769505893879e+01,2.889752117422489164e+01,2.878814599460116597e+01,2.944220805137581465e+01,2.979423301177450867e+01
2.925424394422157093e+01,2.761824721114135173e+01,2.948758822377703837e+01,2.837835612583211287e+01,2.903227276074574092e+01,2.879714565152255545e+01,2.921247838697132693e+01,2.897068202376857471e+01,2.887117150223980389e+01,2.864492313063527718e+01,2.882041590401081521e+01,2.707837695188391081e+01,2.874001808994336216e+01,2.851666798833809935e+01,2.839549212051935001e+01,2.812415634843381440e+01,2.805414855782532868e+01,2.741539934270667800e+01,2.838740166999747316e+01,2.916762443742032929e+01,2.958394074472624879e+01,2.916638392984106076e+01,2.988178399882536951e+01,2.915846526501604785e+01
2.868635700598667881e+01,2.889928688698364567e+01,2.838877544562484445e+01,2.912081958900392920e+01,2.805890332023966494e+01,2.952123350397749846e+01,2.751149601529840538e+01,2.941179723521497635e+01,2.812505201285551948e+01,2.878585004716131834e+01,2.802278701498948976e+01,2.950581288817920722e+01,2.811711829502297633e+01,2.805759775068651152e+01,2.756384305958266623e+01,2.801962224966882786e+01,2.666125959948067248e+01,2.795168549344248277e+01,2.716573289594401786e+01,2.781718222760332537e+01,2.852126750906654706e+01,2.933376345921016082e+01,2.785542465468552109e+01,2.824323025645736607e+01
2.868420590180869567e+01,2.819314499520271511e+01,2.889622788078838767e+01,2.658242815572822337e+01,2.870918096952021870e+01,2.804616568935097121e+01,2.971422806251229076e+01,2.776113477671157170e+01,2.873446828464170721e+01,2.845370805283300797e+01,2.822767820293319119e+01,2.746125140342041959e+01,2.861672600268786937e+01,2.773587616265081124e+01,2.821718340817034232e+01,2.733000050439898132e+01,2.732540638351827056e+01,2.667053315404695013e+01,2.730692239012017808e+01,2.784357842986838705e+01,2.929757809320574324e+01,2.740645543118887417e+01,2.968442165351802942e+01,2.779167575168185067e+01
2.780544419268272804e+01,2.892815100748180157e+01,2.816137682097951256e+01,2.904823158889263368e+01,2.886124382727172133e+01,2.844814348685036975e+01,2.812357864548874886e+01,2.843514359316594664e+01,2.933237913497669069e+01,2.944790899584813815e+01,2.880290186020641841e+01,2.886337343061444471e+01,2.797708008948382030e+01,2.855099889838299987e+01,2.766852474286719143e+01,2.805663390343102037e+01,2.773355530687700821e+01,2.700752361882820196e+01,2.762947310230316589e+01,2.888020456841758232e+01,2.836348709356303743e+01,2.792191023011730522e+01,2.905264256831208058e+01,2.903455676655602247e+01
3.000005008643245219e+01,2.817359684595976432e+01,2.844116890979483969e+01,2.871193103291358284e+01,2.925547983740625568e+01,2.828078413177132688e+01,2.908166284649428235e+01,2.886277515118678139e+01,2.942852271842741629e+01,2.866391722027782407e+01,2.931661996579691731e+01,2.844567123010733667e+01,2.957069108590678752e+01,2.749492450669265509e+01,2.894941887406503156e+01,2.888748448767546506e+01,2.814122765392295378e+01,2.742238360272739328e+01,2.777623596517014448e+01,2.814801576962292984e+01,2.877824869659968954e+01,2.888558943232231968e+01,2.995391124718310039e+01,2.958810123086385602e+01
2.838671117068031435e+01,3.028222788145956201e+01,2.862680204554101238e+01,2.934561553739047213e+01,2.849018822604750767e+01,2.962146829873307752e+01,2.813831843828796764e+01,2.857625399740186367e+01,2.823807576203506642e+01,2.904352489590439745e+01,2.778735738423461044e+01,3.006087054649333368e+01,2.727330244524603131e+01,2.777701336703324841e+01,2.763774315337656162e+01,2.824754684966404739e+01,2.710315370569338711e+01,2.757265390209448697e+01,2.775242445641282529e+01,2.905745170691898238e+01,2.882991265052334029e+01,2.909048734385322632e+01,2.829347719816826157e+01,2.920302804692380505e+01
2.959836355130374841e+01,2.760915402342374136e+01,2.954524218177687089e+01,2.847976008236105372e+01,2.931852306435530409e+01,2.813737293092935943e+01,2.985749216805731976e+01,2.816272050145528283e+01,2.903352735989193434e+01,2.777733926531072939e+01,2.951295044930981248e+01,2.843335651927714025e+01,2.895533817011499877e+01,2.773587616265081124e+01,2.850787165495779618e+01,2.722856877823289778e+01,2.740950480238683440e+01,2.589762172294564380e+01,2.727005234540916945e+01,2.801138866422331830e+01,2.918242617007609851e+01,2.850035928360830439e+01,2.950458753979762605e+01,2.856028498127443527e+01
3.150529801248848116e+01,3.102756460506901703e+01,3.128398740700089320e+01,3.260482257191142708e+01,3.023914351654030952e+01,3.053632443003641583e+01,2.972512843449749198e+01,2.914159870890040338e+01,2.845632346622898012e+01,2.939106727540502106e+01,2.915533100629312457e+01,2.941648624240656318e+01,2.821643778170749783e+01,2.794932738814952700e+01,2.916746831417816566e+01,2.826433342661795223e+01,2.701128899772271552e+01,2.756452249927377807e+01,2.890724076269310672e+01,2.857770362915891837e+01,2.815383465681765074e+01,2.949067627697820626e+01,2.926773619737502941e+01,2.941114987734090391e+01
3.190202122229663928e+01,3.201002592776524125e+01,3.303077077893374280e+01,3.234188000078978575e+01,3.215067730507729493e+01,3.119026572514826512e+01,3.059655720932829581e+01,3.035370409744257358e+01,2.939575108327130692e+01,2.861270295975077715e+01,2.944351958065124109e+01,2.937079254953505369e+01,2.827046453508853574e+01,2.747516330149494479e+01,2.852171167501057880e+01,2.795202751995662993e+01,2.772459466790775195e+01,2.712646423382375360e+01,2.849241191462436973e+01,2.841655091979731651e+01,2.876354112662733087e+01,2.868163972727523969e+01,2.936632770238685453e+01,2.917713036185108422e+01
3.017165889174572158e+01,3.167891932386055487e+01,3.081212552196251409e+01,3.307433799897916060e+01,3.094104157562259161e+01,3.176311592675250495e+01,3.119628627659363929e+01,3.265903070051928125e+01,2.818757461032572564e+01,2.999918531770327945e+01,2.888664497873531900e+01,2.916471767362594392e+01,2.664748561728816867e+01,2.796274263500390589e+01,2.799988982965675177e+01,2.795529958201024101e+01,2.604471719408320496e+01,2.772592225026977530e+01,2.738123098413097978e+01,2.852669764499012217e+01,2.869470636046281697e+01,2.915906238216388147e+01,2.905270876623421827e+01,2.811330770952883995e+01
3.039114398058762845e+01,2.987212449940841452e+01,3.174754580209724963e+01,3.051499152800852244e+01,3.151214158851416869e+01,3.122641865450543719e+01,3.248891484487376147e+01,3.149211472770326736e+01,2.999900677440484742e+01,2.798015652492796335e+01,2.892020640316525260e+01,2.849196256576846054e+01,2.876307726047986080e+01,2.694760601096021446e+01,2.913724506839275818e+01,2.731068427143407007e+01,2.665683139591880035e+01,2.668451881346891241e+01,2.801710503615606740e+01,2.785129106309830149e+01,2.961080396449756336e+01,2.788824221082433041e+01,2.939013245740534330e+01,2.825301962819264645e+01
2.994847635065042368e+01,2.935426476996201473e+01,2.928912146896612967e+01,2.925030094102476141e+01,2.992854242821874777e+01,3.019555982313511322e+01,2.966906983875895776e+01,3.010977689175433625e+01,2.909093695482459907e+01,2.951716799551826398e+01,2.901115235602446774e+01,2.944019888593459200e+01,2.791946176989699779e+01,2.800164046862823852e+01,2.860066873771847895e+01,2.752417611754646032e+01,2.708948170459473204e+01,2.685532486457469759e+01,2.734878620528832016e+01,2.888089725078924630e+01,2.886019343216639754e+01,2.935109813657368250e+01,2.943694617671866354e+01,2.906309918980406337e+01
2.996193870608800580e+01,2.885656356978989834e+01,2.965351296069326281e+01,2.864383600482676684e+01,2.951445174829365214e+01,2.944661143359064681e+01,2.991338268962505254e+01,2.960787790403622921e+01,2.991435332353177046e+01,2.736388218130389305e+01,2.958557273005874322e+01,2.980948353770639869e+01,2.865890868411298698e+01,2.863315168518346354e+01,2.846694260614862060e+01,2.800851178257926222e+01,2.763186471721132875e+01,2.749718025988858017e+01,2.951848206217778170e+01,2.875199652346537960e+01,2.992834400066556100e+01,2.930576048366884834e+01,2.904077926656367481e+01,2.806399876206711497e+01
2.760153197716499562e+01,2.846891262731941197e+01,2.822109903730898850e+01,2.973932369233330064e+01,2.805967561998886595e+01,2.914247381045379370e+01,2.891286280370633222e+01,2.919618703517971881e+01,2.957402241792271980e+01,3.105960457402761676e+01,2.982437226542674580e+01,2.886931389484590227e+01,2.627883432722279622e+01,2.852057386549444118e+01,2.786820304753109667e+01,2.657198596336212404e+01,2.734681689450047770e+01,2.663266972980028413e+01,2.714744198070712855e+01,2.847561444350253623e+01,2.775032752831185690e+01,2.915991638549525078e+01,2.862751850939935139e+01,2.919623700379770526e+01
2.962846532114559750e+01,2.719195878614556250e+01,2.920347999472659239e+01,2.810831023740263390e+01,2.875025582096867538e+01,2.829464138044880883e+01,3.080435741397218408e+01,2.865625880450994600e+01,3.042744019087575680e+01,3.031908763772037219e+01,3.109856767934797972e+01,2.937335154168067675e+01,2.857979702862252225e+01,2.721130397010517754e+01,2.924130519481894908e+01,2.678919938302459514e+01,2.783120956271983459e+01,2.641800004306287519e+01,2.892160903919608472e+01,2.784818086663250369e+01,2.822648734963462402e+01,2.765475002819380279e+01,2.891066789855278785e+01,2.845782313744319936e+01
2.932005235073881977e+01,2.882676457310230944e+01,2.988482757119555799e+01,2.939371739250037763e+01,2.956850875432968451e+01,3.044965017961322928e+01,3.104937096680129116e+01,3.038700147612360070e+01,2.906763088225130787e+01,3.026472218471491260e+01,3.070047819383552223e+01,3.003934428444313198e+01,2.748553729574365434e+01,2.791422678682266678e+01,2.790877092331021458e+01,2.670735938431880641e+01,2.761742070287357365e+01,2.653527446951136426e+01,2.791720525195830760e+01,2.898753574381453291e+01,2.919436367124285425e+01,2.924727435721877100e+01,2.799681329435884436e+01,2.884121930860550265e+01
2.939811924650911124e+01,2.847453881373235163e+01,3.004032169984850498e+01,2.913125879652903905e+01,2.918637774043946820e+01,2.869658097559585030e+01,2.996035611130236020e+01,2.964850770075690889e+01,2.860219218855149848e+01,2.995609013624363115e+01,3.034688674173702339e+01,2.955891531153702090e+01,2.798878147781977077e+01,2.792245630229746212e+01,2.946873833727141800e+01,2.734725428833695560e+01,2.720986887004704613e+01,2.636181186693499967e+01,2.809742808129618652e+01,2.897124663538716050e+01,2.910853443666815110e+01,2.879985348035518200e+01,2.965563771323911624e+01,2.857013060859731013e+01
2.801402187955625323e+01,2.922990950955306744e+01,2.719097973882492170e+01,2.852906878490074405e+01,2.833008731960165960e+01,3.130408104865546193e+01,2.950530240831523088e+01,3.101564109860424878e+01,2.856843303654244437e+01,3.135016090391104626e+01,2.961148168842782979e+01,3.124574172364424385e+01,2.727750333493816015e+01,2.757089650159639405e+01,2.702059639955359671e+01,2.813173062987874573e+01,2.685721252716780327e+01,2.732859011654812775e+01,2.682150710961047935e+01,2.904384049620205133e+01,2.835214292456254270e+01,2.944692162087397946e+01,2.781695589720260386e+01,2.868892203989599921e+01
2.861310773916483186e+01,2.776306629680658489e+01,2.893976989302660741e+01,2.730802071898369832e+01,2.984710626083455054e+01,2.912639449634673383e+01,3.054137126627330190e+01,3.023707217174444395e+01,3.069429076770040865e+01,2.867756537154127727e+01,2.945587559288259172e+01,2.850474981298094690e+01,2.838892956224759700e+01,2.842422228923226157e+01,2.737027407117943767e+01,2.621020596688225623e+01,2.807446190312998624e+01,2.709007071757309859e+01,2.852113159122910702e+01,2.670276157340845202e+01,2.953814891045010427e+01,2.764103702481833125e+01,2.911390201593167149e+01,2.808914010620060253e+01
2.754831912368706526e+01,2.829562590912547648e+01,2.763697132861597083e+01,2.806578786228686795e+01,2.896673920442628969e+01,2.828366895822938432e+01,2.904801001195698973e+01,2.901801112946787953e+01,2.881853346404216154e+01,2.977962035926935869e+01,2.918775983638198568e+01,2.931439499585587782e+01,2.805537071988322850e+01,2.775399768321301508e+01,2.836975951679846730e+01,2.802861860755683665e+01,2.786482595422472741e+01,2.902298545766103643e+01,2.755819514537961368e+01,2.806040630053803397e+01,2.883975395398300634e+01,2.821008694495617419e+01,2.919479039061002368e+01,2.936415534871719046e+01
2.813818338261398821e+01,2.908921769570730476e+01,2.786959087322179585e+01,2.862086162718151172e+01,2.950874033576957345e+01,2.893562019309734978e+01,2.975539081769028371e+01,2.853806123007609585e+01,2.971961935902373853e+01,2.900356613586586718e+01,3.083376992736617694e+01,2.858732222209766860e+01,2.848633849076776414e+01,2.797203072942295421e+01,2.794534718903287285e+01,2.745709297687915296e+01,2.750358789013546357e+01,2.679082504810236287e+01,2.817016854130974934e+01,2.908399946183794782e+01,2.831804390235697610e+01,2.843039107680874622e+01,2.973451205258612617e+01,3.010033968855873354e+01
