2.664978398418776351e+01,2.770261729227320302e+01,2.591071297423781061e+01,2.889953952923832503e+01,2.692602471396560304e+01,2.655951782408874351e+01,2.692270290179880021e+01,2.739397433759961586e+01,2.729349181964283844e+01,2.822847118505939079e+01,2.672790606073436948e+01,2.741452213539122340e+01,2.744717911289797030e+01,2.839165731542021831e+01,2.799136027996945586e+01,2.793563565276480176e+01,2.760279892483589492e+01,2.737482541190871643e+01,2.711178239265035472e+01,2.796830195461103585e+01,2.697558744780224060e+01,2.745716901850710201e+01,2.706782927172889686e+01,2.807805250108532391e+01
2.782879639384128723e+01,2.775219544445076281e+01,2.647111728862324753e+01,2.634377712814045935e+01,2.665624313731154871e+01,2.626660227291063165e+01,2.765896040440878778e+01,2.637345005121727581e+01,2.806158299261926459e+01,2.704510517373881839e+01,2.729735907544068141e+01,2.655225882718212915e+01,2.797934957779943943e+01,2.707517196432638684e+01,2.721408194235630162e+01,2.663850126644649663e+01,2.749232721593403994e+01,2.729712509831875877e+01,2.786384819524761269e+01,2.675688119481435479e+01,2.700789493081947512e+01,2.639587440050433997e+01,2.639708654166577162e+01,2.755491091083229094e+01
2.664654862053839679e+01,2.719255919444299252e+01,2.622167881061233174e+01,2.696968776458226102e+01,2.713566179609966866e+01,2.759315359777059484e+01,2.713555471303862987e+01,2.763249358433665748e+01,2.673362389201361111e+01,2.715664623464454053e+01,2.750486815163827714e+01,2.640999426118150950e+01,2.759866650988726633e+01,2.793939328415984846e+01,2.706617477825540163e+01,2.739096277402455826e+01,2.657565818772485500e+01,2.688813694076424099e+01,2.716423446355207716e+01,2.892344673047801962e+01,2.740669935486675968e+01,2.798418014718771474e+01,2.694643732704622607e+01,2.859424204574065698e+01
2.668993885892382423e+01,2.745223534603161397e+01,2.827537511860009545e+01,2.664514197735695689e+01,2.728546506780736536e+01,2.676862450909675317e+01,2.769097988508872277e+01,2.638283172716177205e+01,2.701711732615132178e+01,2.676340059012346728e+01,2.708909870849782919e+01,2.777682773172909947e+01,2.749725465030667237e+01,2.800346698797721956e+01,2.818297019202856291e+01,2.703657816820879134e+01,2.607540081288419742e+01,2.744976317705669544e+01,2.853708210784742505e+01,2.760381513947163512e+01,2.809025702493045173e+01,2.730909647750831937e+01,2.722492358437904159e+01,2.697358685294204861e+01
2.775075939295675198e+01,2.788697143019049918e+01,2.636589966217093206e+01,2.717922765481142733e+01,2.681786157979883001e+01,2.733347583976808437e+01,2.671209891931670199e+01,2.695942433751571343e+01,2.656579587608092652e+01,2.644130859880880280e+01,2.775727697156872864e+01,2.797789250938518535e+01,2.711843081027001290e+01,2.754046868490212319e+01,2.701409037244741285e+01,2.745995147048370200e+01,2.665531984937615562e+01,2.801612620919388519e+01,2.724463583004478551e+01,2.721918710103739159e+01,2.670067813606664231e+01,2.751139779015653630e+01,2.717062232870682692e+01,2.873616526168279961e+01
2.821903426705921447e+01,2.601372571127234323e+01,2.678395048944281598e+01,2.606698176546740342e+01,2.758738647872888805e+01,2.685586921373663927e+01,2.716168094959289192e+01,2.695046485613210052e+01,2.772828779367108609e+01,2.784573872626009461e+01,2.694090788495748257e+01,2.660468872690404396e+01,2.673049682294981721e+01,2.701303055365002592e+01,2.695866647742860778e+01,2.603321107831050085e+01,2.761965794596858359e+01,2.672719602663738669e+01,2.705959993596786717e+01,2.752474586940860490e+01,2.707818809178905894e+01,2.641500852986700920e+01,2.703366541489896235e+01,2.760095115155257872e+01
2.672122146903399198e+01,2.787404116813047494e+01,2.629139943435347959e+01,2.656559238059713834e+01,2.595931155583213013e+01,2.761827369736533910e+01,2.652494964568273872e+01,2.811490565002077346e+01,2.703968928118467829e+01,2.737848503090049235e+01,2.669107738415385711e+01,2.772600304206957844e+01,2.692419506406804430e+01,2.761500383528726843e+01,2.704333761839382078e+01,2.855438381033161477e+01,2.663542063202521604e+01,2.784380971346996603e+01,2.691940274956471058e+01,2.751878993249056293e+01,2.745224682676661132e+01,2.758597444780411934e+01,2.732879947852796931e+01,2.773548281184611142e+01
2.818028857478219606e+01,2.598093848244241144e+01,2.749364478789942723e+01,2.684069550199711784e+01,2.625401059331608167e+01,2.754035029518411193e+01,2.741698658313771375e+01,2.721295170587978873e+01,2.697253884040497951e+01,2.711302292167209771e+01,2.741900472204179096e+01,2.675915466376949325e+01,2.773024095636208131e+01,2.747155179962726379e+01,2.779345766842590137e+01,2.769147290686595397e+01,2.699218180730247241e+01,2.721920229993560270e+01,2.757774147132147391e+01,2.764513589336837640e+01,2.734983789400649812e+01,2.668739746631268872e+01,2.767070824913793103e+01,2.682641129760190779e+01
2.634342988204645053e+01,2.733347583976808437e+01,2.742421545811328087e+01,2.703866561569219584e+01,2.805504303476772066e+01,2.754506005367460375e+01,2.642267590398074617e+01,2.777328494071184650e+01,2.745547944716395250e+01,2.713337941840563872e+01,2.646665417227853823e+01,2.719821544336377883e+01,2.626077905356879683e+01,2.730641487643225673e+01,2.754967280253094941e+01,2.772347910614558941e+01,2.741686046077114725e+01,2.706093263276602556e+01,2.693636320168030807e+01,2.783597967032130782e+01,2.716557297155367223e+01,2.715164155069402341e+01,2.741046042727879239e+01,2.764989269073367950e+01
2.625335366759776434e+01,2.603995017324365335e+01,2.607246222382110545e+01,2.647343403588081401e+01,2.732217166565334310e+01,2.758607086246234985e+01,2.670881788645237975e+01,2.625473754847047303e+01,2.704960587120370974e+01,2.680731978395533588e+01,2.754560637222613195e+01,2.722280186041109573e+01,2.694882187598511791e+01,2.610974012039190484e+01,2.672186604852828395e+01,2.730954277349621862e+01,2.736649206595404848e+01,2.674609381299381994e+01,2.788784563692172469e+01,2.700761519661341481e+01,2.674231626894504643e+01,2.745250101786382402e+01,2.784779739230651785e+01,2.748593176185346465e+01
2.559637405938684651e+01,2.748957003347527461e+01,2.655934576315797813e+01,2.762394583958251815e+01,2.645938043120145267e+01,2.714950033492431203e+01,2.567116711617813962e+01,2.606924405092189545e+01,2.660558749313378257e+01,2.745551191823807358e+01,2.610173604279572146e+01,2.707620899661498015e+01,2.705308686100886462e+01,2.765747965622540505e+01,2.729623296645951314e+01,2.704656738110992364e+01,2.678526259720433700e+01,2.718964328858959334e+01,2.673423980764283669e+01,2.749092652017446881e+01,2.728137070278233978e+01,2.717392654818320352e+01,2.771034951194764062e+01,2.712806488184753562e+01
2.615879859736963908e+01,2.641170368116468126e+01,2.625505674880974993e+01,2.733597044913244645e+01,2.714286785248884826e+01,2.712869496644145784e+01,2.635458535137979652e+01,2.722854091431588586e+01,2.755603850237520192e+01,2.752460763616608119e+01,2.687837359683356908e+01,2.649968929630074399e+01,2.718816119508710472e+01,2.747979039211446661e+01,2.732644273886558040e+01,2.722276529921759902e+01,2.731751099511910752e+01,2.768499795849226075e+01,2.793399603023408417e+01,2.748338547720936731e+01,2.719115747950485229e+01,2.799279154772364109e+01,2.803077912908958069e+01,2.765743272963919708e+01
2.656837873506890446e+01,2.728195975969032361e+01,2.681598743560215325e+01,2.708484036926006411e+01,2.659463309322615032e+01,2.691375201314292553e+01,2.758031376320928985e+01,2.680703468133060596e+01,2.667301134683560804e+01,2.757030393279643476e+01,2.660101323444081345e+01,2.765980934225154897e+01,2.713924117375592004e+01,2.776857989337162280e+01,2.587690346256800922e+01,2.737927314429111902e+01,2.746895993423822802e+01,2.828588975935895178e+01,2.725915168615358652e+01,2.777484212380119288e+01,2.786758668932446881e+01,2.729029779436893932e+01,2.749770708881749215e+01,2.737937193092329835e+01
2.734487324194213897e+01,2.687577377877926210e+01,2.702051525062501014e+01,2.617009362183500798e+01,2.620926014221885225e+01,2.609165211250302718e+01,2.646436790480765922e+01,2.661286362190844557e+01,2.734776994053254384e+01,2.570822721945887679e+01,2.734289051345541566e+01,2.621810066518258964e+01,2.782554526569083464e+01,2.676722852752084236e+01,2.722317570100005923e+01,2.748725325820549870e+01,2.763947566689523683e+01,2.712745509168490798e+01,2.795390828827305540e+01,2.728295205670843870e+01,2.729285435352602462e+01,2.710172379212212945e+01,2.721492744622406690e+01,2.742732162993064549e+01
2.701975248477850755e+01,2.684399758521664126e+01,2.676551033251121225e+01,2.772752665540696171e+01,2.689740242722001540e+01,2.689119790407863775e+01,2.606506841565249033e+01,2.696021111945481152e+01,2.673568434147921380e+01,2.655706638946753628e+01,2.575558965990126126e+01,2.651633715824249293e+01,2.609601778443857256e+01,2.620316816995369891e+01,2.561651255410777139e+01,2.703941189910960929e+01,2.648318252765062653e+01,2.781916548587588522e+01,2.685012240227172242e+01,2.726071374149915982e+01,2.752867972178529499e+01,2.762494076182167646e+01,2.649049057968284160e+01,2.666510600515158558e+01
2.686757277221289542e+01,2.665174082070774375e+01,2.669393019912905629e+01,2.663634062534686109e+01,2.769023582485232282e+01,2.672115210841843691e+01,2.709260915929024804e+01,2.708090686144714709e+01,2.686519091236908707e+01,2.661588831362428209e+01,2.748898790737558784e+01,2.711931772116713546e+01,2.611947570740676383e+01,2.699470653193327507e+01,2.683192290918407252e+01,2.710861349957019684e+01,2.710990709174376434e+01,2.789486315558059459e+01,2.807275699548159764e+01,2.758196983031297123e+01,2.816425174701731748e+01,2.774340608770268091e+01,2.779430401075438795e+01,2.759714046314945790e+01
2.630509887004268421e+01,2.644252511000149752e+01,2.670526968039354188e+01,2.696904100531321546e+01,2.644070413701837197e+01,2.696044097291024855e+01,2.721096197996450883e+01,2.701293802253582044e+01,2.752465096642555409e+01,2.687781111358106045e+01,2.624208618466690268e+01,2.712135233443945026e+01,2.644286268584846766e+01,2.651282589540176104e+01,2.649163408046149470e+01,2.714539716355790233e+01,2.790497450252047429e+01,2.857135144553762984e+01,2.871286263436957142e+01,2.752904463627044152e+01,2.822872859085998698e+01,2.781714595369408016e+01,2.707994516371167038e+01,2.750792038214893864e+01
2.659705569981161943e+01,2.577706585323915078e+01,2.781714204763250109e+01,2.636356737212622647e+01,2.671127711735766752e+01,2.640997073419634944e+01,2.677703580699329677e+01,2.575098818109472631e+01,2.736902645088167674e+01,2.659916697400836938e+01,2.670202265666904395e+01,2.676658114802705768e+01,2.669506425659761817e+01,2.709624557906886366e+01,2.640167627869726630e+01,2.723317274100458008e+01,2.740427784469198969e+01,2.754280209176067729e+01,2.790876520018781548e+01,2.728295205670843870e+01,2.720632851222950421e+01,2.752094729080903335e+01,2.759572403024895948e+01,2.768467402112077025e+01
2.704676488768330955e+01,2.725880881696429014e+01,2.710992626833598251e+01,2.651754774672775739e+01,2.632406845079850655e+01,2.707048262998551991e+01,2.702189235060080819e+01,2.577331126970824471e+01,2.630939318359213530e+01,2.696795166037401259e+01,2.635130298656991954e+01,2.701092255759601812e+01,2.704648114878483511e+01,2.628930126320756244e+01,2.615204075657044314e+01,2.693284874313957289e+01,2.728243161279692686e+01,2.750407249487778927e+01,2.714091421439911755e+01,2.783336747088003449e+01,2.731258375671399108e+01,2.726305371469806005e+01,2.782255969303759002e+01,2.762000382479550353e+01
2.637255527696089530e+01,2.603723202632249922e+01,2.634328833556713789e+01,2.686910863316626319e+01,2.713537900915832779e+01,2.657173297104509402e+01,2.688591635000204860e+01,2.598357999312111133e+01,2.662376635696654148e+01,2.720894550570596948e+01,2.765236336520848681e+01,2.533037387831615206e+01,2.789622046463290417e+01,2.674497080755230627e+01,2.615295708648937989e+01,2.641891186967444582e+01,2.749885643892281450e+01,2.671640804838466465e+01,2.703013031232580943e+01,2.642141817258624314e+01,2.743637958821386746e+01,2.787028443507603015e+01,2.751887590703557862e+01,2.751296503702172913e+01
2.642282995407089174e+01,2.676053415358552456e+01,2.667699793884412429e+01,2.692620328728759205e+01,2.721009574603829151e+01,2.618421523357631031e+01,2.635525015371285917e+01,2.762285304612362324e+01,2.659052584871540148e+01,2.630111443050554954e+01,2.662586775528063754e+01,2.696340072808948207e+01,2.644012741802043820e+01,2.629966524436252939e+01,2.663395246068677125e+01,2.729451311171550287e+01,2.666871219170201357e+01,2.753850700626861681e+01,2.748628991203145233e+01,2.713864810914856207e+01,2.750383888215588968e+01,2.871179776922593874e+01,2.740519637562869093e+01,2.720591927487942030e+01
2.662784404659521442e+01,2.577621271152514737e+01,2.629831048967997731e+01,2.660877730360829219e+01,2.707952303043379061e+01,2.665038469491872775e+01,2.689563543754729835e+01,2.693794549167557761e+01,2.699560585590876371e+01,2.614713447412663072e+01,2.702628737136740256e+01,2.676460729908620806e+01,2.667926505808912907e+01,2.671464995058164504e+01,2.708655943685153034e+01,2.657274226402768136e+01,2.781363562661243805e+01,2.646051511765409714e+01,2.846798663250780237e+01,2.740725532575783063e+01,2.792984434051237486e+01,2.739300207587587010e+01,2.736756039005797447e+01,2.692651203780468450e+01
2.637023393936334514e+01,2.651992656132858883e+01,2.641705883420343071e+01,2.743083837536448755e+01,2.653753460512945139e+01,2.669540888911819820e+01,2.730289266844482654e+01,2.670852663160621887e+01,2.662381965968523900e+01,2.674189633083614126e+01,2.625618407718764047e+01,2.638442430731629429e+01,2.730852228848397090e+01,2.636988650684730828e+01,2.607324996033804609e+01,2.675477283973845033e+01,2.748441219503263255e+01,2.727155866495047576e+01,2.754437105979536682e+01,2.749627302232039483e+01,2.685448787666899761e+01,2.810432739210807540e+01,2.657224613142199132e+01,2.790621090367545776e+01
2.735023305915370884e+01,2.567927523015521274e+01,2.713167032875918494e+01,2.754073401828696888e+01,2.642697384246395131e+01,2.603633837645861604e+01,2.774381499694072772e+01,2.727496343400395062e+01,2.610343560657167927e+01,2.671035480090461078e+01,2.703279134444301235e+01,2.640245382481163006e+01,2.639256121697849267e+01,2.747383785361739683e+01,2.734083362921535354e+01,2.791765039739425447e+01,2.785884827828385824e+01,2.806422376434295529e+01,2.814032309633262230e+01,2.754571410085924299e+01,2.700349460996113748e+01,2.745927959614954261e+01,2.822144573160340997e+01,2.664258834551912969e+01
2.686135911118219610e+01,2.761868787060922159e+01,2.621829223107562257e+01,2.786513259888704397e+01,2.648722540691079530e+01,2.747168152512432471e+01,2.685130506219741164e+01,2.701029687423300629e+01,2.689229598507233732e+01,2.667020315217985171e+01,2.702750415247083993e+01,2.680867739460370558e+01,2.704114384186948428e+01,2.740454047655856584e+01,2.793270148305782641e+01,2.718490353695403883e+01,2.793223356293924553e+01,2.760510041367820122e+01,2.660892014957909169e+01,2.633365918938858385e+01,2.754381274422871684e+01,2.807507063838983186e+01,2.771179149740891035e+01,2.811971351792732321e+01
2.756096400510006106e+01,2.599507264028397913e+01,2.718135387060476660e+01,2.712147050115135016e+01,2.752531774950904264e+01,2.651321155924625828e+01,2.715667960909246403e+01,2.698373030719147891e+01,2.735546383130582626e+01,2.653671079776353281e+01,2.655396521028177403e+01,2.763965418837653942e+01,2.825545446067724242e+01,2.776239133399633374e+01,2.718780385955858492e+01,2.735454131104933140e+01,2.824253844136006819e+01,2.840233380179824962e+01,2.748668763487597744e+01,2.710055653640910123e+01,2.744577361288378370e+01,2.795775318127209630e+01,2.726664683178933046e+01,2.677525017909852068e+01
2.703863428435283822e+01,2.641480334986243861e+01,2.725351219906480082e+01,2.830424862471886627e+01,2.657051001921576017e+01,2.835272390770029460e+01,2.688901612996153290e+01,2.685958217809809412e+01,2.609695178047627451e+01,2.813889192684553109e+01,2.755920120132435613e+01,2.801838468189026798e+01,2.763751817723613158e+01,2.716381814414347673e+01,2.733459936820707981e+01,2.725068600567414023e+01,2.700454583605471726e+01,2.816793131856405807e+01,2.740966056213335378e+01,2.696262090472919226e+01,2.806960164961475357e+01,2.772107881821528963e+01,2.695294892681255305e+01,2.722002518728788800e+01
2.579490664734282745e+01,2.707430025620828928e+01,2.668496329365689235e+01,2.582617178755316445e+01,2.694840311133026489e+01,2.731114232304253164e+01,2.730123519818533850e+01,2.760832878755127240e+01,2.776426707508505842e+01,2.801759970547874445e+01,2.675178819736174773e+01,2.711709056086289138e+01,2.757010893499739268e+01,2.788392424225912691e+01,2.719966747433028331e+01,2.559352960095617391e+01,2.733728895543220005e+01,2.685827905283963446e+01,2.660108577781653594e+01,2.729129484004903361e+01,2.673310212849179379e+01,2.760838689908609922e+01,2.729115668886078083e+01,2.721851752204838704e+01
2.567064991219882586e+01,2.658265676686835377e+01,2.651714539222575695e+01,2.594961382080202839e+01,2.763093307466891702e+01,2.724255036631251414e+01,2.620076395077774123e+01,2.745660286909128445e+01,2.684416937811619164e+01,2.741579423750806654e+01,2.701608184023359627e+01,2.684674890236470901e+01,2.583647138526310982e+01,2.751343846595847253e+01,2.745676543361679478e+01,2.763296680332916821e+01,2.751917065335675261e+01,2.666507317084301576e+01,2.764744874305154099e+01,2.712383492585593103e+01,2.749821567511219200e+01,2.738461253687250974e+01,2.747142318071121281e+01,2.645312561542613139e+01
2.825649559552567780e+01,2.621195639548602685e+01,2.665534879834160620e+01,2.550281585197041068e+01,2.800308489440402582e+01,2.601271990768105979e+01,2.729647795844590519e+01,2.642330731598275406e+01,2.604915292064606547e+01,2.579156316726050591e+01,2.661428052641230124e+01,2.602035437633338688e+01,2.675145912538977200e+01,2.678232860310635033e+01,2.666712400486170509e+01,2.743491094895239257e+01,2.754982202839676120e+01,2.612376884430096879e+01,2.632442517073178578e+01,2.688706530410405549e+01,2.743301453758732578e+01,2.670493795976756246e+01,2.616546743665367103e+01,2.617033902975697401e+01
2.638799945380435474e+01,2.617564723565004670e+01,2.571529451189167048e+01,2.599643779353368700e+01,2.682101564100230462e+01,2.783265661530509760e+01,2.576499668706276225e+01,2.648937516553701244e+01,2.610531875520302947e+01,2.629420212481176122e+01,2.578589379290076522e+01,2.637661215881479393e+01,2.529391030588698186e+01,2.607196608868895282e+01,2.618249051231833846e+01,2.754857488464597282e+01,2.797498679306954728e+01,2.789675044492793177e+01,2.676838421825038949e+01,2.750612146180480977e+01,2.728138022043697219e+01,2.754506428715131960e+01,2.528562478866973606e+01,2.618006824750523265e+01
2.750505424581575653e+01,2.664500573898851599e+01,2.641358765239709783e+01,2.603442709537529254e+01,2.638909898135449339e+01,2.681947222573364797e+01,2.619586016756221625e+01,2.680844763849125911e+01,2.722916326144297727e+01,2.455095570554135520e+01,2.737131490480038565e+01,2.742704364078480239e+01,2.676404091286167386e+01,2.833452851477778722e+01,2.700150341176487245e+01,2.694644692628941129e+01,2.676168721639783143e+01,2.881844354397088637e+01,2.845723484399235303e+01,2.803154528848995142e+01,2.715811770031649530e+01,2.702605385693993867e+01,2.724632129160022487e+01,2.735876511802604227e+01
