2.255557584489889678e+01,2.627923790202089549e+01,2.251279097396866291e+01,2.543133641171971249e+01,2.270393408234605204e+01,2.423680029643435319e+01,2.266524728361559937e+01,2.476045251673770053e+01,2.394741671975123154e+01,2.389776885530346817e+01,2.425808942983758243e+01,2.465414797208325126e+01,2.407769065971058353e+01,2.472505963608108459e+01,2.368657679298240737e+01,2.628360099459587218e+01,2.423056601554151257e+01,2.462761957554778292e+01,2.605985622909963695e+01,2.455426477580016353e+01,2.489187688924278063e+01,2.600781462725529991e+01,2.584433269267998412e+01,2.578537803641734172e+01
2.368530193917672477e+01,2.363374980348464760e+01,2.431666266771549090e+01,2.291411614991341139e+01,2.463133638932430358e+01,2.472957402914659042e+01,2.478632888004443657e+01,2.350484523417009086e+01,2.399154723854360327e+01,2.412177285399195625e+01,2.430731582890285836e+01,2.288556875728227169e+01,2.449993256412523124e+01,2.342942013768157494e+01,2.440104948517495131e+01,2.362237393610638492e+01,2.449578994016547995e+01,2.388429063784536766e+01,2.353665436177283254e+01,2.403431963455534515e+01,2.481419873256959363e+01,2.420741028622603608e+01,2.527969669348834714e+01,2.570287152956206000e+01
2.248451890034203871e+01,2.431636432980462814e+01,2.451419461312173098e+01,2.543870333817739038e+01,2.475904581450811293e+01,2.539789794805017209e+01,2.442122818223350578e+01,2.398149724658935611e+01,2.417879716077288776e+01,2.498111495551836470e+01,2.380972762062140191e+01,2.436187848373015186e+01,2.326370589249205523e+01,2.401560096858361248e+01,2.396581179908326931e+01,2.448552767483352000e+01,2.309434429296027247e+01,2.489229614729487139e+01,2.391475651998439389e+01,2.569081514803184518e+01,2.468374755067088699e+01,2.523120571800791367e+01,2.433188711113575664e+01,2.616962682429334563e+01
2.482123959742318675e+01,2.501676502597882745e+01,2.526280308206310110e+01,2.614022154772914064e+01,2.440883899917895405e+01,2.386561251311701426e+01,2.516786199909978450e+01,2.488694416296334566e+01,2.502365125234024390e+01,2.430907785323245207e+01,2.459459771107248116e+01,2.343211690607796527e+01,2.434789646013234687e+01,2.405107878281273770e+01,2.587737023088516253e+01,2.370322358498640369e+01,2.481629698918231952e+01,2.492499114203764066e+01,2.484936969162015430e+01,2.323415017657225690e+01,2.464922038504903412e+01,2.383774742540919078e+01,2.567309350535470003e+01,2.401340046191319288e+01
2.402676918374731940e+01,2.477986837407263465e+01,2.568106272069485385e+01,2.568787373456194700e+01,2.381042057133726075e+01,2.508524591978061835e+01,2.396361406143188333e+01,2.434497355728080947e+01,2.397176729584657551e+01,2.453918488991223512e+01,2.456538837935192987e+01,2.491320260685540688e+01,2.370438751314713954e+01,2.444497060461168303e+01,2.360164401761335284e+01,2.434274634786413571e+01,2.344467868810590971e+01,2.455808768014543375e+01,2.407723449303830421e+01,2.438610166336894736e+01,2.359278301429964131e+01,2.495985242700817253e+01,2.392273427684284570e+01,2.390637522885026556e+01
2.420339961018851227e+01,2.410088568764069805e+01,2.601155604685123990e+01,2.526007666917786310e+01,2.594707116569509253e+01,2.459536203490972639e+01,2.545554271149438819e+01,2.419953868300774502e+01,2.472988172459008638e+01,2.483834921058075906e+01,2.518608611036279399e+01,2.354685928273454465e+01,2.422626148508561528e+01,2.488209315008634803e+01,2.481601145587171686e+01,2.353143461694747884e+01,2.455217735441868854e+01,2.442581229714852498e+01,2.421870107752982904e+01,2.390202060905215831e+01,2.407688785615931693e+01,2.345722913601912296e+01,2.395357364921034105e+01,2.322235014531162278e+01
2.525124306981365407e+01,2.588164956926829063e+01,2.588934048990461179e+01,2.606142521229412523e+01,2.494103599191265630e+01,2.511518367918461081e+01,2.549561355881303371e+01,2.585609413228308995e+01,2.663218000509260719e+01,2.580782139845126721e+01,2.490300546391176795e+01,2.591439121105798904e+01,2.512183733914895356e+01,2.523543037143770107e+01,2.538882631111800947e+01,2.562690203557713176e+01,2.430885752988058357e+01,2.532480966091043229e+01,2.366826352036815706e+01,2.560741744744086645e+01,2.502866197085438671e+01,2.610172402487404497e+01,2.422597132091516414e+01,2.603265736799005481e+01
2.746891317409762223e+01,2.520580202753944832e+01,2.533713166773111425e+01,2.568081215446079568e+01,2.533712360509139216e+01,2.494518386423840184e+01,2.595838834101823522e+01,2.531776875920257908e+01,2.503206318759134774e+01,2.494875900733467233e+01,2.593740488373407516e+01,2.526966411536562873e+01,2.663169507144817771e+01,2.616538390487147581e+01,2.612785060872494114e+01,2.619491595377286330e+01,2.590600196635796237e+01,2.540116229680239712e+01,2.543519151434492187e+01,2.492783921054171969e+01,2.508648704407727337e+01,2.440220729018011525e+01,2.574978096802863092e+01,2.528406067348788611e+01
2.506628179751277230e+01,2.466595956844679449e+01,2.410495545157158404e+01,2.537240149026234803e+01,2.579867867628786371e+01,2.501554371733146809e+01,2.614331396474534586e+01,2.610390702225731729e+01,2.523439995834587535e+01,2.573412938201056477e+01,2.452734518233978633e+01,2.588683753441728186e+01,2.498303880497581986e+01,2.596011298084908958e+01,2.560699867259586426e+01,2.606841856295119442e+01,2.511172292855570731e+01,2.574748668797286655e+01,2.484943045213378809e+01,2.586184724752206421e+01,2.554151999263859807e+01,2.638904781052320914e+01,2.558092751926676556e+01,2.535854596432358221e+01
2.535438459075237461e+01,2.487761174758929883e+01,2.573821991022225575e+01,2.469536828636711334e+01,2.481463981716177614e+01,2.489773738392597124e+01,2.521880327101411012e+01,2.511847269644016478e+01,2.514494665825276343e+01,2.506323931615315814e+01,2.559712153053499151e+01,2.458676122381586993e+01,2.577415487544482176e+01,2.495996176350553242e+01,2.591385780214102397e+01,2.529541804349656786e+01,2.605934043832940006e+01,2.492217547156434421e+01,2.664824578728286042e+01,2.615695313710455139e+01,2.615526649727485164e+01,2.544635420730406850e+01,2.573205527207056775e+01,2.521925966534934105e+01
2.484597937727954786e+01,2.501992313095928466e+01,2.519754286513585839e+01,2.558756805988991800e+01,2.455111070342837820e+01,2.651900211228144144e+01,2.465597072516220578e+01,2.480839045151793698e+01,2.556578900575601665e+01,2.532046502680998401e+01,2.446952140258628106e+01,2.644977791209691986e+01,2.573429931074656452e+01,2.580848611519229507e+01,2.527161653994090784e+01,2.636823195061873548e+01,2.602924969823487800e+01,2.608320631652873089e+01,2.477835148863641734e+01,2.675774758902127815e+01,2.579716364775697457e+01,2.623061051361679574e+01,2.616016790820350479e+01,2.686459015661745298e+01
2.473842641962670541e+01,2.531720978723888038e+01,2.585105650004709332e+01,2.565181573900389367e+01,2.576789629457653064e+01,2.477386745324650974e+01,2.450934053556960635e+01,2.515904761378601506e+01,2.596527626713600512e+01,2.519539470894636679e+01,2.522443633064142432e+01,2.583236203173095191e+01,2.514934414734273105e+01,2.541060110574898090e+01,2.597483916631193779e+01,2.501048394858531765e+01,2.665204906537610441e+01,2.617572503148051055e+01,2.650990151038945442e+01,2.622407648688334803e+01,2.702097354892447356e+01,2.568823955306208973e+01,2.494100629358376864e+01,2.583555982374184623e+01
2.461340082414500330e+01,2.366113240252212790e+01,2.454246846452781483e+01,2.639114133752104863e+01,2.386296517101413883e+01,2.552652847709907746e+01,2.440738297055099792e+01,2.544935718119444346e+01,2.484730912626145027e+01,2.532898171871255499e+01,2.474507958214019254e+01,2.522338235490428815e+01,2.534069276260879633e+01,2.592356861831751758e+01,2.494899009266543999e+01,2.588209761333405368e+01,2.555362590843668613e+01,2.565554338674422752e+01,2.490538044840440079e+01,2.570549041915279531e+01,2.559224229090256131e+01,2.532132648578101453e+01,2.509942355840240680e+01,2.635380753365802775e+01
2.398214562650781545e+01,2.351709219285390873e+01,2.468244552817947124e+01,2.457634822439808886e+01,2.579290778445437127e+01,2.422800942137217817e+01,2.416662380163120361e+01,2.429191625541017174e+01,2.512967055013564277e+01,2.366521664178367246e+01,2.478367769866775916e+01,2.433820419680631630e+01,2.452915531542896588e+01,2.510987619958331152e+01,2.544722030001656776e+01,2.536812204053916275e+01,2.470351015565495345e+01,2.438664183419444953e+01,2.519667912061862580e+01,2.489133172858680609e+01,2.513903821640099068e+01,2.516062246428009530e+01,2.532036554989281285e+01,2.465698328091303893e+01
2.510528625409085635e+01,2.467777838585692507e+01,2.602075652091440361e+01,2.486255477599536334e+01,2.522526239767438483e+01,2.517269316699423598e+01,2.538235019118127411e+01,2.533848465933573380e+01,2.541065272296333433e+01,2.450456988197493047e+01,2.470001107448592848e+01,2.510360603662536505e+01,2.486879137437750842e+01,2.528823071480110229e+01,2.539469716464037674e+01,2.562227958661935645e+01,2.564187261369778525e+01,2.574621239449743371e+01,2.503264761098387226e+01,2.578530953544753856e+01,2.523988249527070593e+01,2.532273197144445476e+01,2.485345103601247274e+01,2.554175288779424591e+01
2.434145150121139523e+01,2.409005957752214044e+01,2.478532372753522850e+01,2.469638067278162907e+01,2.564429844680194037e+01,2.483135373964103110e+01,2.513475483217848705e+01,2.542070257643479181e+01,2.566599899717346034e+01,2.420814374561723525e+01,2.474053498078768598e+01,2.467341457390591586e+01,2.499874659235524632e+01,2.487119336533453406e+01,2.502912407285623431e+01,2.577042393888700644e+01,2.572071773231772340e+01,2.463248826825213200e+01,2.500185171774199944e+01,2.554260187171286134e+01,2.550114712138201867e+01,2.487932094686368600e+01,2.614262989049757380e+01,2.536512581110400788e+01
2.351135979809924947e+01,2.567480248782896979e+01,2.534199699313040810e+01,2.495086108407309666e+01,2.361694251062880312e+01,2.409444564901997410e+01,2.382020460046283006e+01,2.410100444122537056e+01,2.564361784329611282e+01,2.475951257205628053e+01,2.467840486135224864e+01,2.481440475185127070e+01,2.515033353086624857e+01,2.480837757795598009e+01,2.485445641279528672e+01,2.512070544354992307e+01,2.499296837140872185e+01,2.560771957028657653e+01,2.582767767924087821e+01,2.525859624267127401e+01,2.571614778786744182e+01,2.526799366232319244e+01,2.482494185983159696e+01,2.427891267517031793e+01
2.515542456184311959e+01,2.430995000708765019e+01,2.476249484765787656e+01,2.444970207201038193e+01,2.498404632131132530e+01,2.397236165256515505e+01,2.475577017459562512e+01,2.454224202124589738e+01,2.407704488981255508e+01,2.449197332965849228e+01,2.442944582193257475e+01,2.516035618252197992e+01,2.586421175874949085e+01,2.412053105616195126e+01,2.506496151700702057e+01,2.393262581114362320e+01,2.410675506242881738e+01,2.444919473918770336e+01,2.466155186585331194e+01,2.420679827585445310e+01,2.537802974402609379e+01,2.485818657194056414e+01,2.480194055107557460e+01,2.561921446658391233e+01
2.412295588654802714e+01,2.429995212574448260e+01,2.428614686597853733e+01,2.460922782694672151e+01,2.484893736455705948e+01,2.499362721789105990e+01,2.454678069356339165e+01,2.466807983456595821e+01,2.501088847230323609e+01,2.528735229483800140e+01,2.399885719563064868e+01,2.565783037142824696e+01,2.477767865554631044e+01,2.484348326151217634e+01,2.524423480459842040e+01,2.582812111642152786e+01,2.543428069196966135e+01,2.513942163149852149e+01,2.579623444946383870e+01,2.582144943673665693e+01,2.486387005328458599e+01,2.585154485753207609e+01,2.560905795608721292e+01,2.574617412445115860e+01
2.366161261242677938e+01,2.386708069543288957e+01,2.518067160178503627e+01,2.397139800397042109e+01,2.570016644315046506e+01,2.490182766357935407e+01,2.493980319652007438e+01,2.486969009752363036e+01,2.459425028334334229e+01,2.550894216275747794e+01,2.533558820221827546e+01,2.507507454767022637e+01,2.584418799582743986e+01,2.417960361359922672e+01,2.541918927585430765e+01,2.498557390103405851e+01,2.460741352446109431e+01,2.501241470789790355e+01,2.468886590740936526e+01,2.545782743916566915e+01,2.653650304651301894e+01,2.519604660044473121e+01,2.590224240533245847e+01,2.622651378275190837e+01
2.450062174171057450e+01,2.373307102459574480e+01,2.532800028617884891e+01,2.417391307358053609e+01,2.372309516950133457e+01,2.498259492526250369e+01,2.408849980672016500e+01,2.458323011051612639e+01,2.491151780913651237e+01,2.454361287850292683e+01,2.389466296173270621e+01,2.435826307209350716e+01,2.470433179975356097e+01,2.466308949238350579e+01,2.455390694310108302e+01,2.482243261692804026e+01,2.427530400950030298e+01,2.474197799245939677e+01,2.494662280174952684e+01,2.590675885397405409e+01,2.557753403564208838e+01,2.673827686855855745e+01,2.520429909864844831e+01,2.661030189739318530e+01
2.348132210901610506e+01,2.323208697447762461e+01,2.438440545283282290e+01,2.524245185312543072e+01,2.449677945806496382e+01,2.513930623508173312e+01,2.545826346681587893e+01,2.409718330153543775e+01,2.429512518812595090e+01,2.486430188231594229e+01,2.429098818190686870e+01,2.453623017746571122e+01,2.479547802892955133e+01,2.484382065067848089e+01,2.518351066069243416e+01,2.469534135618005166e+01,2.504942915521763780e+01,2.558764805836034384e+01,2.593134592421057505e+01,2.611774849243920471e+01,2.615478903286231116e+01,2.653554828065171023e+01,2.628078309648810773e+01,2.602818947131879668e+01
2.459448741422664853e+01,2.504912377939302814e+01,2.464626845534530730e+01,2.481305499300043493e+01,2.460862720784990643e+01,2.435432259489851958e+01,2.438854457293865607e+01,2.541492292756532834e+01,2.438380431135880144e+01,2.519508183895692355e+01,2.556810862592465128e+01,2.443063995670019040e+01,2.498303880497581986e+01,2.454768985374522572e+01,2.427755213105677967e+01,2.421574032975240698e+01,2.591815690858499011e+01,2.566902999589575529e+01,2.584601535589479226e+01,2.612344906879297923e+01,2.702611657028006675e+01,2.641997195989500824e+01,2.727125377388313154e+01,2.853321527183373973e+01
2.517345922527886160e+01,2.449807881572940005e+01,2.539405381075687274e+01,2.494892198003600470e+01,2.530742574820021673e+01,2.410159641111647488e+01,2.463156713633037498e+01,2.488607152647176690e+01,2.453189951427663118e+01,2.529845959996623606e+01,2.473545254404683646e+01,2.515369540692523742e+01,2.466152707212461337e+01,2.586055780508797852e+01,2.483547452140510359e+01,2.489008029104422803e+01,2.558321753018424261e+01,2.561718852840647287e+01,2.731515261082387269e+01,2.597979664891664697e+01,2.720603024261771452e+01,2.764050646033342673e+01,2.893190260042251793e+01,2.978737529797922434e+01
2.490820791552141600e+01,2.344939693249142465e+01,2.388100457274288146e+01,2.446532448271040039e+01,2.476143361211660476e+01,2.547338449921130632e+01,2.506348783840809347e+01,2.461177112543754220e+01,2.411860494402537824e+01,2.512578335717449818e+01,2.494869206644517590e+01,2.504114057545365313e+01,2.437713745748442307e+01,2.485413641575701149e+01,2.474203560632810195e+01,2.500750989718500250e+01,2.491993573857683941e+01,2.416654622768339777e+01,2.491770928189600909e+01,2.570417926553784582e+01,2.827130045441356287e+01,2.981699635081810129e+01,2.992947156922292606e+01,3.046396113654969895e+01
2.412874150072246948e+01,2.385822270440877446e+01,2.465571096099012038e+01,2.418086906254421820e+01,2.371533514529608055e+01,2.441778643167828022e+01,2.496448619143080805e+01,2.406688688258827824e+01,2.516688674572463924e+01,2.414966247380431241e+01,2.535928592791350411e+01,2.610008412148653179e+01,2.457229984611478812e+01,2.480454897430610117e+01,2.488716303197094248e+01,2.472626904035320194e+01,2.505700021929806098e+01,2.435440575275816855e+01,2.543967377360814908e+01,2.672875995015886019e+01,2.934336369826462487e+01,2.990082037567094631e+01,2.979462954392255369e+01,2.896679287920619572e+01
2.576777034371815489e+01,2.438229479387234733e+01,2.423845375041071293e+01,2.420297493201059069e+01,2.567892823957441806e+01,2.521069359121526077e+01,2.449753025197981060e+01,2.598194288119941575e+01,2.520744213566558756e+01,2.568381769356614086e+01,2.504909138665072987e+01,2.512279490602259102e+01,2.602897227909841149e+01,2.517466241809677285e+01,2.514941177965283714e+01,2.486035310828037836e+01,2.561838842906468017e+01,2.510029950188112480e+01,2.538156858865062304e+01,2.683178119620720281e+01,3.032588412691626445e+01,2.925404490467690266e+01,3.027621984965702495e+01,3.107877559316278848e+01
2.513816203351871081e+01,2.466114238128125180e+01,2.524313057791988513e+01,2.538693988875962759e+01,2.506362272555099935e+01,2.518393845978818035e+01,2.510892726708311784e+01,2.558839504185016267e+01,2.549470903245543241e+01,2.459739175518808452e+01,2.501516590696854792e+01,2.457652491685013274e+01,2.487112914221961546e+01,2.534162893622669799e+01,2.544066739410277478e+01,2.551134306102210303e+01,2.502962237257241895e+01,2.490866702658507847e+01,2.537079965141822413e+01,2.758017163650032444e+01,2.955008094508144723e+01,3.078397443719592275e+01,3.066743293697408035e+01,3.060245208043289722e+01
2.464628649938003946e+01,2.467370596996778431e+01,2.564353824214526867e+01,2.428009126399308570e+01,2.458627183729561239e+01,2.475738157054280464e+01,2.433882258555769340e+01,2.592252609670390484e+01,2.485465989074731397e+01,2.517041712904057249e+01,2.478981533696048700e+01,2.569910784763180800e+01,2.509812332323588180e+01,2.594834496992586992e+01,2.546967183579096172e+01,2.557991807511319848e+01,2.564429154478386863e+01,2.591005535683973449e+01,2.625612487283120799e+01,2.630654229855042558e+01,2.726795362790932131e+01,2.794779236575942605e+01,2.726369215953036473e+01,2.659871794795054711e+01
2.448200980965992812e+01,2.267601349943322475e+01,2.514245340016088903e+01,2.462055815651524426e+01,2.479593777703701107e+01,2.429628089013459658e+01,2.460201544136339180e+01,2.452495140735550194e+01,2.486896990699449361e+01,2.379033978756586976e+01,2.477602805214633008e+01,2.480091071826313964e+01,2.564740975207234897e+01,2.626522551884289669e+01,2.559699809965087525e+01,2.502718190207212956e+01,2.513578296371866827e+01,2.434606117216247867e+01,2.599473749946696444e+01,2.639875723427201137e+01,2.600354189500336588e+01,2.744063923250411108e+01,2.620079408126468934e+01,2.690896423307856367e+01
2.495693033119380289e+01,2.544551770378927813e+01,2.475855413334835475e+01,2.664798743736628239e+01,2.539691052341822797e+01,2.515423516651105729e+01,2.483850493341526544e+01,2.480643121755264247e+01,2.439695161755315667e+01,2.604034523024495229e+01,2.588349843378938431e+01,2.599722034317113639e+01,2.637377517928723591e+01,2.626904742063970843e+01,2.650231142290209618e+01,2.573850892226835185e+01,2.643584861558082366e+01,2.653731138807171419e+01,2.506596836203306111e+01,2.708750947296090317e+01,2.638367857396957561e+01,2.755715224707000743e+01,2.796293084290294928e+01,2.693880293319824659e+01
2.636782893289114327e+01,2.649602223142846924e+01,2.425048995882423242e+01,2.327220220063253464e+01,2.569356361391112387e+01,2.535352883170776295e+01,2.665421005269763555e+01,2.497003552367181101e+01,2.726470621935101235e+01,2.521806451533109339e+01,2.584419099033806333e+01,2.482452024168469507e+01,2.578558372962152134e+01,2.710357248104281780e+01,2.567149404884230535e+01,2.577925468663949005e+01,2.629565304373193158e+01,2.597098614276080752e+01,2.590739936966906498e+01,2.571431151360337708e+01,2.725090382485223017e+01,2.733236142012896153e+01,2.779332317282853637e+01,2.574314217373733982e+01
