2.896379625493176491e+01,2.763665469474057090e+01,2.811141693675904207e+01,2.837545147618192232e+01,2.764081666881736510e+01,2.764924624074097892e+01,2.841241731309361285e+01,2.786837123015772022e+01,2.862078028724113210e+01,2.857305180338204309e+01,2.957503364880045638e+01,2.796030881749260288e+01,2.760264669524900683e+01,2.846459214267770221e+01,2.922305855858871837e+01,2.868441611542908731e+01,2.912978599759048848e+01,2.728021230482465853e+01,2.891409675721428130e+01,2.859016564319108511e+01,2.824428705877903667e+01,2.772920562967027536e+01,2.949769737253802759e+01,2.774080398070321962e+01
2.724760980039422975e+01,2.951402267229553900e+01,2.851052612991367141e+01,2.907253645236232842e+01,2.825323468128152626e+01,2.949287608050138942e+01,2.695907253634675271e+01,2.794997502886940310e+01,2.799479981932506689e+01,2.919186405894822656e+01,2.821351055389794737e+01,2.916686299579532715e+01,2.732461668792603859e+01,2.752198293114236094e+01,2.787730057209131473e+01,2.964024597142258699e+01,2.885763460850665751e+01,2.847429083153241436e+01,2.795204211375335035e+01,2.886847726763414812e+01,2.746297933656518353e+01,2.849547140536907364e+01,2.698352485405342804e+01,2.932309555262571621e+01
2.882818992234666666e+01,2.748455749534082315e+01,2.862392099628607411e+01,2.710522650885701523e+01,2.896457010993555059e+01,2.798924252290441927e+01,2.918870523625957958e+01,2.723616600378744579e+01,2.951731998805098556e+01,2.777736905663959988e+01,2.867666461106256293e+01,2.796788545728765030e+01,2.832737163652859635e+01,2.822651296444655600e+01,2.777815404778186803e+01,2.807185882929582021e+01,2.801925868364605776e+01,2.768416919283401967e+01,2.841443762821501196e+01,2.847694550809001157e+01,2.904742616345600936e+01,2.785660877682369119e+01,2.813121426219106525e+01,2.648250614918714518e+01
2.798790548111412591e+01,2.912226131422818298e+01,2.812335258122072901e+01,2.853063168736190391e+01,2.702705716600871710e+01,2.847929781814258376e+01,2.839912382371420563e+01,2.896632018648404028e+01,2.759583343998144755e+01,2.833682567917873030e+01,2.818708036462328437e+01,2.884927031333330660e+01,2.771925562903663831e+01,2.937097879208187123e+01,2.883516668454547016e+01,2.850145703686115439e+01,2.960211576964292135e+01,2.792299088238132754e+01,2.806112698227195779e+01,3.002069142794698564e+01,2.789667390422295057e+01,2.906286070375176678e+01,2.716341709313718411e+01,2.735594747978183250e+01
2.832624762925917139e+01,2.742182992460760715e+01,2.892413375777744022e+01,2.721273084768961326e+01,2.871899196225643891e+01,2.808422535065966485e+01,2.870955055846008008e+01,2.769538681521214585e+01,2.787412593900336333e+01,2.710079839019800829e+01,2.789178539637242693e+01,2.786090500343908616e+01,2.873307083723165078e+01,2.833078753734008615e+01,2.914001661823107270e+01,2.821802009929615451e+01,2.850800947285995335e+01,2.790095684730420089e+01,2.898908835329052636e+01,2.874015976545842932e+01,2.842379172032195811e+01,2.797100833696129030e+01,2.800968984125637462e+01,2.740119184942784614e+01
2.847323608098827208e+01,2.945008133248262538e+01,2.860139636852073863e+01,2.932066792917663633e+01,2.749440368625829478e+01,2.797220429651821405e+01,2.801869168840846669e+01,2.932690542765237751e+01,2.843955878912657909e+01,2.947754906331431357e+01,2.790852460151262449e+01,2.886291224002604849e+01,2.826504741135858012e+01,2.724299049784559656e+01,2.737100353386284723e+01,2.815060610020407239e+01,2.824334907452299603e+01,2.813163140895602510e+01,2.814055180535956424e+01,2.784487180123937833e+01,2.803928470032991527e+01,2.843111100834710214e+01,2.783672431707935857e+01,2.735628919346635257e+01
2.786221253086409888e+01,2.802214984140778142e+01,2.761843346258280008e+01,2.716558866835617891e+01,2.791216561428626619e+01,2.825455629229850274e+01,2.822539654395478692e+01,2.725528560423981617e+01,2.841666992030258143e+01,2.722361158504872947e+01,2.817108909405936856e+01,2.878966841722734671e+01,2.910009399327441315e+01,2.829780898468317218e+01,2.863079646525523003e+01,2.778420624528689586e+01,2.869801443690295173e+01,2.840294393982975407e+01,2.847128311707558623e+01,2.795197556532275485e+01,2.853498076764037705e+01,2.769597910171745525e+01,2.742550809223223496e+01,2.718853958248956815e+01
2.785760728697471222e+01,2.843399685037985591e+01,2.812096642701129667e+01,2.905966861221992303e+01,2.767653700415826279e+01,2.922898073006416553e+01,2.867258618764248013e+01,2.842338117987355872e+01,2.719040591660848349e+01,2.785378473028163171e+01,2.809616331967038150e+01,2.779842270962006978e+01,2.895027215289223932e+01,2.814769946936769429e+01,2.828468049215604196e+01,2.764178938322953627e+01,2.842685702410670956e+01,2.901230217596258854e+01,2.852063018575285014e+01,2.878246352642719330e+01,2.876843123101798483e+01,2.774469223561101217e+01,2.751320863442327891e+01,2.807477685159227576e+01
2.869805503375624767e+01,2.828931948769786686e+01,2.942530646393095140e+01,2.851403530976040201e+01,2.945490205953501572e+01,2.868314006995427690e+01,2.830267627142080755e+01,2.881600934835279304e+01,2.776060728001363032e+01,2.773373358519552312e+01,2.895716088352213546e+01,2.857524723770535502e+01,2.852469689311465117e+01,2.847515844559688958e+01,2.829122701730494782e+01,2.789771685566137194e+01,2.917397292243532547e+01,2.861383782035301238e+01,2.825342839976087816e+01,2.804245317258209980e+01,2.897144606452326343e+01,2.856616993589693720e+01,2.812961143775527262e+01,2.735978100708666716e+01
2.773050646448461976e+01,2.948806882115258077e+01,2.925351687899416220e+01,2.782889628568187845e+01,2.864965830467178876e+01,2.815831680060739473e+01,2.863643699019206679e+01,2.834071413337881040e+01,2.854354235730556866e+01,2.915123156632029122e+01,2.879632820899774970e+01,2.848262146504606562e+01,2.810255182027509591e+01,2.896839201495799898e+01,2.790277945095920131e+01,2.915333844111455619e+01,2.753345653798044168e+01,2.795190995859485383e+01,2.811190777138915564e+01,2.831818750371991200e+01,2.832294389583375960e+01,2.869832538278018319e+01,2.696231492883106284e+01,2.833644998634940748e+01
2.823801567742714269e+01,2.717123346808205042e+01,2.948160775997155270e+01,2.812604132625364173e+01,2.877674479045674616e+01,2.792302442230567294e+01,2.839196453516660767e+01,2.818281279527474226e+01,2.789606085997502305e+01,2.748102333564185074e+01,2.886998849519324040e+01,2.825927574322787450e+01,2.857362670522803683e+01,2.762524249883017546e+01,2.878512258387530665e+01,2.784680582229771062e+01,2.801890554910096398e+01,2.840642669491973038e+01,2.867900474445877990e+01,2.804140929332800170e+01,2.902857013910096384e+01,2.838134905163082067e+01,2.868888086078180777e+01,2.791199741229485198e+01
2.892623933228611577e+01,2.963562365161692469e+01,2.760342194532847770e+01,2.894379853087770016e+01,2.883355832280602726e+01,2.822500355955889972e+01,2.899136529092879755e+01,2.838939614883679496e+01,2.931370009541694799e+01,2.957901881165366831e+01,2.822825775194922926e+01,2.833189509121450556e+01,2.864186210105049213e+01,2.873946998563576471e+01,2.796473997319606042e+01,2.919136194308771337e+01,2.846726448750831651e+01,2.867273949157402058e+01,2.883523698729976559e+01,2.874384826109786673e+01,2.882228133683503302e+01,2.960857297608481531e+01,2.821622825205776053e+01,2.820169788420156465e+01
2.814329364615105078e+01,2.758086986489763603e+01,2.912242527832842143e+01,2.873116671924719867e+01,2.909705521575034481e+01,2.945994796387134329e+01,2.846943923277962085e+01,2.864375740900436540e+01,2.855008158099798266e+01,2.851773640843805424e+01,2.810052814232159335e+01,2.790536432022037161e+01,2.944626081031549347e+01,2.760313606845591039e+01,2.924627321928926449e+01,2.854600031052370923e+01,2.872204873449845763e+01,2.849429892682508125e+01,2.860391203091205625e+01,2.856129667429178198e+01,2.966402758988357391e+01,2.786049130492028780e+01,2.905233100633796539e+01,2.888970291474862506e+01
2.872461862872205529e+01,2.879665652100050011e+01,2.814484338901729643e+01,2.819874237669296235e+01,2.830852507698233467e+01,2.834853169515349691e+01,2.861337943167961839e+01,2.939247269520149075e+01,2.830386631293606570e+01,2.851769743815941638e+01,2.712371988891578667e+01,2.803141555880858959e+01,2.816980000000080508e+01,2.857298827741243485e+01,2.826718842103610996e+01,2.867813157417737102e+01,2.805718462885732833e+01,2.807601741672715434e+01,2.953832904580769991e+01,2.907211005066670850e+01,2.801330671174042664e+01,2.854961768770874642e+01,2.856852772938651697e+01,2.827194761642601861e+01
2.864250344516040059e+01,2.838213553738972905e+01,2.779221286855357675e+01,2.830143627703273523e+01,2.864098299516712132e+01,2.856615715684802126e+01,2.823434247498329341e+01,2.767101991462050137e+01,2.890975316655243432e+01,2.851679822664868880e+01,2.836826309344951369e+01,2.825839415514622033e+01,2.886135500831034051e+01,2.794438112991258549e+01,2.920631658813550757e+01,2.843858523534652250e+01,2.864296380627502003e+01,2.957862771749091735e+01,2.924316184461093826e+01,2.895990788722650677e+01,2.968535935798666969e+01,2.820120143090252895e+01,2.883180677838538486e+01,2.880146626481638350e+01
2.946101275176255285e+01,2.839730648163896376e+01,2.898573134072859148e+01,2.941526509747876617e+01,2.797278033119226848e+01,2.857162746130859432e+01,2.849417734612649156e+01,2.911061646695554828e+01,2.899600373481911220e+01,2.822744288156161474e+01,2.855265892766112756e+01,2.881434304912460220e+01,2.782451161843692944e+01,2.867599581849935930e+01,2.752554586697857530e+01,2.907683367844919076e+01,2.836746871402044690e+01,2.862983002802570809e+01,2.934879592766964151e+01,2.938109826523202628e+01,2.852978188839398399e+01,2.999555785014297271e+01,2.901878871051468423e+01,2.827593419867940838e+01
2.993300766473555541e+01,2.803977731687785990e+01,2.953111188661222286e+01,2.822837542630009011e+01,2.945716991080786329e+01,2.817875683968185285e+01,2.939920997958677162e+01,2.831202340404757933e+01,2.880511771036793789e+01,2.876503905019853846e+01,2.916784032810738836e+01,2.831491283497103950e+01,2.829715454467981317e+01,2.812503258453051558e+01,2.800355811308440934e+01,2.811337870873921929e+01,2.917337353139822653e+01,2.896037171380277186e+01,2.898953489345461776e+01,2.911095198075582857e+01,2.959510271352974087e+01,2.899861960075975276e+01,2.893420595910714610e+01,2.894946571893899545e+01
2.847428045149166564e+01,2.855453588022834310e+01,2.879854918942982067e+01,2.901627605683029287e+01,2.856173243569185161e+01,2.928722217958511465e+01,2.959703015600206299e+01,2.921554079769828149e+01,2.809761274314485036e+01,2.880455004787728512e+01,2.874701068875407373e+01,2.880455004787728512e+01,2.802316253711967420e+01,2.857298827741243485e+01,2.805599229033697384e+01,2.823829950373647080e+01,2.828834828679799784e+01,2.861960665561247197e+01,2.867806972910392460e+01,3.006126778098399654e+01,2.909722351622770020e+01,2.910452847059150372e+01,2.856982894309993526e+01,2.867180248890446137e+01
2.904782845126169377e+01,2.858623084405672898e+01,2.926579015682011686e+01,2.788043705507431014e+01,2.826170306312565117e+01,2.839110752088572553e+01,2.845693528172955666e+01,2.854962957114543087e+01,2.955336714765383022e+01,2.879490019276090607e+01,2.906885905912230328e+01,2.898528594993240404e+01,2.891791588850935568e+01,2.929330768651402650e+01,2.872998113802634634e+01,2.896271584637690921e+01,2.944680298802364860e+01,2.831704355325399547e+01,2.881261153134437336e+01,2.831517071428118015e+01,2.947869001026145952e+01,2.802101865535485103e+01,2.940012380153029881e+01,2.881795089543669519e+01
2.922797006086886995e+01,2.917991602238555515e+01,2.920586229425583724e+01,2.963715895224726182e+01,2.928848760274689766e+01,2.991830990223775188e+01,2.882237151666765840e+01,2.993158644737570739e+01,2.829462124216820484e+01,2.901310281564167326e+01,2.902491276655899810e+01,2.961699780315359476e+01,2.766850549870474651e+01,3.019160160683867389e+01,2.808150159180513583e+01,2.947879511065144698e+01,2.881173814200110428e+01,2.888686975754535524e+01,2.823800246647658696e+01,2.934496868268718117e+01,2.937782547746439832e+01,2.911892170304810179e+01,2.897164105178586624e+01,3.002618810242353220e+01
2.982952100132519035e+01,2.980460788051101417e+01,3.025525412719400720e+01,2.966077177924546504e+01,3.159161941612421742e+01,3.101125916739232480e+01,3.130258487983883242e+01,3.173976615586605021e+01,3.238300325533521118e+01,3.118968431200738678e+01,3.208346657070518404e+01,3.020758604241774492e+01,3.049336115932089797e+01,2.996157978441823388e+01,3.001913132077805813e+01,2.898476690227664676e+01,2.882275829268201051e+01,2.811950576520825962e+01,2.896915996881045885e+01,2.892148552078873536e+01,2.897817716822362399e+01,2.890854330560341623e+01,2.883274874654330233e+01,2.842586334373453383e+01
2.926400269540914678e+01,2.990483818331279053e+01,2.917647977302164009e+01,2.995305580505305443e+01,3.215380117099823565e+01,3.202634494797842990e+01,3.190459320473189564e+01,3.224206289113004686e+01,3.159121467044769815e+01,3.275075774222733571e+01,3.161232930381646611e+01,3.117405356120428905e+01,3.114926458455204283e+01,3.018547900762001746e+01,2.870064548519093250e+01,2.921291464987126574e+01,2.889649948397823209e+01,2.891751501803145175e+01,2.861219088957983558e+01,2.827942668042624064e+01,2.919280249904619495e+01,2.938671109115665558e+01,2.989388049908455969e+01,2.966029335805023948e+01
2.963219606327129441e+01,2.861829148576811122e+01,2.912831837992069950e+01,2.888381955190220651e+01,3.027543558952629610e+01,3.087971845765093803e+01,3.175204788302119141e+01,3.198068775934001451e+01,3.282168882145072075e+01,3.185243565165740165e+01,3.267088507811354248e+01,3.272166226257519384e+01,3.203999329679419361e+01,3.027513862588858728e+01,2.903275866234713476e+01,2.931031723369852671e+01,2.963753035758639953e+01,2.853508834063956101e+01,2.906531772397585200e+01,2.846571458844118752e+01,2.864074007043001302e+01,2.894168754158164347e+01,2.978406358514104113e+01,2.884804324273790144e+01
2.839678636134652834e+01,2.873328464634289503e+01,2.891654329474397400e+01,2.866496600449357857e+01,2.950981213231079892e+01,2.924535699438280290e+01,3.076029417987558645e+01,2.991500987844284509e+01,3.121066686790459244e+01,3.157174725662599712e+01,3.121682224692295904e+01,3.125013350639170540e+01,3.153128482127215193e+01,3.078069488608457505e+01,2.923986571322990358e+01,3.095999769224607689e+01,2.914478937761094812e+01,2.935230514520725364e+01,2.945983228671065035e+01,2.955842861822941359e+01,2.953165118741537754e+01,3.015848801254855971e+01,2.903208619558569126e+01,2.898166664861093977e+01
2.917427581532524528e+01,2.772848491429232354e+01,2.925847910307197708e+01,2.899589803187353709e+01,2.916005825763886605e+01,2.893270667937940743e+01,2.907137400391314941e+01,2.861927572284866983e+01,2.952995505630769912e+01,2.908119167036574026e+01,2.889576386307305711e+01,2.897760612041417971e+01,2.951120642888503198e+01,2.946241970382402542e+01,2.952137093534724954e+01,2.891853444004345874e+01,2.866795535303697307e+01,2.897736299142400185e+01,2.941529316879234557e+01,2.913049168862931992e+01,2.988358335197250426e+01,2.911269364926113212e+01,2.884071613865216932e+01,2.920231556674514195e+01
2.911631074577883282e+01,2.856732429506035942e+01,2.805849344206114893e+01,2.795570978952963515e+01,2.875378894059628010e+01,2.865808697839133856e+01,2.879004401367171795e+01,2.916239379152676747e+01,2.860236009129573631e+01,2.921187604328082443e+01,2.912338983062124953e+01,2.896266158948566272e+01,2.923415771317172585e+01,2.928296588177971671e+01,2.899908512600597987e+01,2.900580319040034283e+01,2.776777893441158085e+01,2.935095606392593481e+01,2.941120125436310673e+01,2.924101125481723784e+01,2.912361192784373998e+01,2.874967534049295637e+01,2.835050788061408866e+01,2.940891024774578000e+01
2.793173799775257748e+01,2.788509709798552194e+01,2.853504946836591216e+01,2.804401971064373811e+01,2.843924476681024771e+01,2.893845190005538370e+01,2.803101716711984182e+01,2.926978167878553450e+01,2.851249610678650015e+01,2.896310117665569805e+01,2.977674761874851583e+01,2.856465616712148403e+01,2.873297442703329807e+01,2.932657001110379724e+01,2.860369225384800984e+01,2.903465504130406316e+01,3.033230197277612206e+01,2.837044015365040650e+01,2.982477270720289653e+01,2.746440065494738292e+01,2.883295414475190910e+01,2.927203673423304053e+01,2.905651833977799470e+01,2.787219927830818733e+01
2.776103717863242082e+01,2.820624102304725511e+01,2.910719840949769832e+01,2.881807901370984837e+01,2.844552876961512311e+01,2.834677691195582838e+01,2.825194855023562468e+01,2.833064536655314214e+01,2.822614224651357517e+01,2.809197941621090422e+01,2.867612273644482457e+01,2.916437580457744616e+01,2.870991432112555231e+01,2.899242888255491835e+01,2.853077960455709672e+01,2.898196952446772912e+01,2.831992922829493864e+01,2.914497085963017753e+01,2.945834945732178767e+01,2.974148376788394899e+01,2.895364967463962103e+01,3.079588003904348170e+01,2.891869052121114692e+01,2.989033008956101867e+01
2.826998646815690108e+01,2.734184350900676463e+01,2.891546511354636095e+01,2.888400249782216633e+01,2.945138079396014064e+01,2.795922402690456465e+01,2.755369380599131546e+01,2.869800849340526838e+01,2.956327102835126652e+01,2.851431128344825083e+01,2.905818404382785047e+01,2.806819537306984103e+01,2.784697686262154548e+01,2.812564158640316236e+01,2.860261162769273824e+01,2.872455963726224581e+01,2.876819041239696162e+01,2.752015677171732477e+01,2.862131310172986787e+01,2.848418835017264428e+01,2.982929622353782406e+01,2.950641949981934431e+01,2.899080974489902474e+01,2.643537370360849081e+01
2.789699041754397513e+01,2.893315509998836887e+01,2.799365056839292265e+01,2.989047097574120926e+01,2.912185066262145483e+01,2.944212047843643631e+01,2.820199285159571900e+01,2.969486150840884875e+01,2.802108232501569773e+01,2.831191234986283689e+01,2.908861427427666513e+01,2.890362272097360119e+01,2.877457217898495401e+01,2.823658064119291566e+01,2.796679051696514762e+01,2.797260002216916064e+01,2.829375344791901625e+01,2.848390371100589391e+01,2.856572682775782823e+01,2.915248529738022398e+01,2.900011078673412612e+01,2.855898345076695932e+01,2.816073337864600035e+01,2.755682855067004766e+01
2.951341431648899061e+01,2.838259105444723218e+01,2.840414572482450239e+01,2.950499913534537200e+01,3.008088875259221595e+01,2.891305177467108933e+01,2.767269765713996321e+01,2.807143827895339427e+01,2.935953964998509491e+01,2.799645926173809585e+01,2.804606746379675997e+01,2.734105453461512525e+01,2.833836626638992584e+01,2.782399235071125077e+01,2.928821766232715618e+01,2.832545636757612328e+01,2.923267363939203278e+01,2.849152888592180943e+01,2.896327626524100651e+01,2.903319738517342330e+01,2.877704735141190895e+01,2.837491195474098049e+01,2.894511244735662103e+01,2.886973856456313570e+01
2.906545506714314797e+01,2.917693889455455292e+01,2.865397947641508836e+01,3.028948609806587910e+01,2.902273103072963067e+01,2.843927190727833931e+01,2.836616528162232953e+01,2.824165080908784375e+01,2.834715018503425199e+01,2.868288390454387127e+01,2.864031912556669113e+01,2.910077418824317874e+01,2.897728891130975626e+01,2.927191540594753860e+01,2.930291042303741733e+01,2.879611974494150672e+01,2.887365492757288621e+01,2.919998102516780136e+01,2.852660873871155900e+01,2.942998517333836617e+01,2.804472603093068983e+01,2.950227252283355028e+01,2.805813736471253605e+01,2.960038766794173171e+01
