2.933761102741016202e+01,2.847210900531905509e+01,2.931066908816001160e+01,2.820770260426803588e+01,2.897955785265645545e+01,2.888071521349786508e+01,2.942207386844739858e+01,2.850565172431208794e+01,2.975073879449774950e+01,2.913585313490921180e+01,2.963938863889080721e+01,2.922014100884945265e+01,2.922267601187417085e+01,2.931264824736445007e+01,2.955242257179651233e+01,2.908256627083312651e+01,2.916482906210080728e+01,2.852151118481083358e+01,2.891968035601018983e+01,3.002935935232085285e+01,2.949777740146311089e+01,2.978841204899310924e+01,2.915882927478702413e+01,2.971509329446018910e+01
2.803038721390811361e+01,2.877213108448978574e+01,2.804902782592841959e+01,2.964286520926793855e+01,2.798492408573741841e+01,2.973528673324710780e+01,2.876108328593323904e+01,2.838447415171771127e+01,2.939891897886030847e+01,2.993882471612789686e+01,2.842458824433259679e+01,2.811595795355657401e+01,2.933061252887182491e+01,2.968205727900033253e+01,2.899769872264437254e+01,2.948924290142917926e+01,2.927891311110721517e+01,2.929815199388110614e+01,2.943328533413586001e+01,2.943918662261006602e+01,3.019913038656875415e+01,2.915942533051969576e+01,2.990899306202106800e+01,2.892204649886173229e+01
2.872283144405724897e+01,2.876099930215491440e+01,2.875865984521874452e+01,2.972900607273749074e+01,2.822173758226534801e+01,2.915166033768383613e+01,2.933142399869268502e+01,2.898464971396316514e+01,2.806544744268808245e+01,2.956913968374766455e+01,2.884429408946880358e+01,2.860662675529601984e+01,2.893986587691546220e+01,3.031215340455241858e+01,2.821107703171941239e+01,2.876315546122782507e+01,2.918283910690774974e+01,2.930640610839213878e+01,2.956360579361194141e+01,2.923574719745073480e+01,2.852874092720304589e+01,3.024546025669241089e+01,2.921543346489346504e+01,3.089921741648703346e+01
2.851624772977896782e+01,2.924517198929555661e+01,2.912269973654360911e+01,2.913379966431040202e+01,2.861791546821467591e+01,2.809335077418921855e+01,3.010256260400666406e+01,3.028279826432657273e+01,2.960893667053574063e+01,2.955138217943635937e+01,2.905919643763803606e+01,2.952446445472122605e+01,2.965097159411635630e+01,2.876427715100527394e+01,2.953816036975945281e+01,2.979522727625624157e+01,2.988704286721394965e+01,2.962230575536131028e+01,3.173101546057023370e+01,2.959217260448798470e+01,2.944195016191520153e+01,3.018183743564509314e+01,2.812601172705734598e+01,3.082026895471432226e+01
2.763006180123539934e+01,2.853260023832433490e+01,2.880110083010021071e+01,2.896324123464370359e+01,2.878212752707383970e+01,2.951622800596237539e+01,2.826270031832933682e+01,2.774564220412582927e+01,2.887988323496290377e+01,2.934463742141088005e+01,2.852639709206260932e+01,2.840109188293649822e+01,2.904363530596748433e+01,2.854866554803601275e+01,2.855566948244205605e+01,2.810170157877661268e+01,2.954707032138645673e+01,2.882999125559098275e+01,2.899322906432428226e+01,2.959477525196581382e+01,2.826474111367042497e+01,2.910958750615770896e+01,3.020460811286136504e+01,2.950189008260679202e+01
2.954444817255523503e+01,2.803239933583353150e+01,2.900488630896097675e+01,2.869666023448718306e+01,2.873283733614232460e+01,2.860302008939396501e+01,2.911883562240063839e+01,2.987972266172499758e+01,2.889287831400247342e+01,2.957861874731963781e+01,2.831036596064160449e+01,2.796379283617369538e+01,2.959194065900379655e+01,2.893625368472447690e+01,2.982604997434054894e+01,2.927977507290586345e+01,2.880213510750229489e+01,2.867583959477138933e+01,2.939684675257683466e+01,2.966807445511892638e+01,2.943531112553739604e+01,2.898457990660671157e+01,2.945283769039849631e+01,2.897986660782430590e+01
2.940522360171502214e+01,2.986883814027459039e+01,2.911994983337797294e+01,2.937610947468670020e+01,2.893419951648911592e+01,2.976110594535799692e+01,2.922216904873397425e+01,3.023086935612150228e+01,2.839494989072773024e+01,2.930857471372610235e+01,2.933641158717188091e+01,3.000686585403269646e+01,2.865097407087318970e+01,2.935518767091474501e+01,2.876906736993362301e+01,2.939011881957571859e+01,2.966449056263599005e+01,2.940808517470463812e+01,2.940505947037729584e+01,2.965172016868706351e+01,2.881317270224627691e+01,2.994269594081123387e+01,2.909198095547816365e+01,3.015254472815882991e+01
2.907224033524863671e+01,2.840382545129142500e+01,2.883685576611190982e+01,2.982725884268620575e+01,2.958370386636056537e+01,2.908459602649378439e+01,3.010504471710362395e+01,3.007125199335564503e+01,3.017999751412855858e+01,2.920840103199168425e+01,2.951426784715926033e+01,2.902938983857836774e+01,2.945555731684282819e+01,2.883583593909992260e+01,2.970585507010395077e+01,2.941585439746910424e+01,3.000799776831382815e+01,2.931637477997185215e+01,3.024133544040262223e+01,3.013152970682011755e+01,3.023949062052327008e+01,2.997937521382215209e+01,2.943881704761008677e+01,2.922313457287941674e+01
2.958572499043458492e+01,2.889733238335429633e+01,2.935468751593009529e+01,2.841581062356101484e+01,2.939777874356900611e+01,2.891964368171403521e+01,2.870906168784904366e+01,2.951435888761625392e+01,2.899107171053537968e+01,2.923128979946585559e+01,2.871038791979458438e+01,2.979826365349629214e+01,2.953391726998722788e+01,2.921780587166023224e+01,2.943486655200564428e+01,2.911640161583750341e+01,2.912985201786148082e+01,2.984672540374214122e+01,3.006840184892126899e+01,2.906061317384865106e+01,2.926368215731503142e+01,2.947232825207890983e+01,2.877110247793490316e+01,2.982630618237504905e+01
2.930450993648969416e+01,2.883693524525830298e+01,2.862697307081867848e+01,2.899227353892729298e+01,2.943190814027400393e+01,2.948599563785705868e+01,2.952651020436042018e+01,2.922796015732677688e+01,2.860245249041435045e+01,2.940979385272999025e+01,2.996169818219550507e+01,2.823720842042035883e+01,3.035992581820465830e+01,2.952354993251378801e+01,2.964339257551336004e+01,2.868631523847585640e+01,2.926195903054536984e+01,2.881718647157089208e+01,2.997000135568850965e+01,2.926972810127227831e+01,2.958105181110187232e+01,2.919182942893507970e+01,2.922610337588389484e+01,3.000087353555454683e+01
2.818823261632280719e+01,2.843560063186532716e+01,2.946920119039418751e+01,2.956180801287212034e+01,2.931876191800745346e+01,2.888490198917691032e+01,2.862961582037991093e+01,2.885593277386084310e+01,2.901707798628331147e+01,2.935641989305588595e+01,2.971606802816842219e+01,2.931907303102190099e+01,2.910427221270208520e+01,2.921244193372723430e+01,2.934331948990018191e+01,2.962201975091477379e+01,2.953911727498706341e+01,2.909978631921080705e+01,2.897931005922362147e+01,3.009646768621075807e+01,3.026244507737993672e+01,2.946865110481030570e+01,2.963343827404986541e+01,3.077983250501227985e+01
2.854661301558002151e+01,3.014339580893113180e+01,2.974569253502994570e+01,2.869035690904161129e+01,2.906478427346701210e+01,2.885671025806897205e+01,2.952810320103219510e+01,2.930301923861611613e+01,2.944838703560589011e+01,2.889264292684373459e+01,2.911189589480147788e+01,2.872918157908981129e+01,3.024092695004611642e+01,2.885538595424606001e+01,2.955883606188228896e+01,2.910641653113037819e+01,2.938392067447227873e+01,2.906141302192548892e+01,2.983535993938181718e+01,3.026161370950785567e+01,2.998212039825398278e+01,2.955320084591636487e+01,2.995853547398456840e+01,2.886734522239038370e+01
2.889553158337133709e+01,2.845945038162238916e+01,2.910188872151604755e+01,2.956194844678969957e+01,2.939634214997721529e+01,2.865719880860530111e+01,2.910896366775148181e+01,2.888721304672276347e+01,2.957993688673991528e+01,2.862135772715004123e+01,2.898997045779992732e+01,2.854672805089199983e+01,2.884135284615962291e+01,2.916033940119018553e+01,2.892195447688936838e+01,2.960099098444851506e+01,2.867726459211081647e+01,3.050404218228788977e+01,2.897316616558543956e+01,2.780831255334391017e+01,2.958447777375420173e+01,3.079974355984006706e+01,2.994077357635057979e+01,2.897585386237489047e+01
2.929708449233845613e+01,2.919568815569522258e+01,2.986695428988923595e+01,2.972680046104062512e+01,2.921153682227304671e+01,2.870975832207778922e+01,2.890076991546038698e+01,2.920048482046985328e+01,2.923418565722494122e+01,2.960709647993655835e+01,2.956444904866873458e+01,2.945583899934962346e+01,2.904519905075846964e+01,2.977595139805663393e+01,2.976192697428950851e+01,3.033591005461033774e+01,3.019416415317681412e+01,2.951459737931952532e+01,2.967599851498522412e+01,2.950721799880244589e+01,2.938019333853037551e+01,2.970635482468907185e+01,2.914418623007532005e+01,2.917367616101392969e+01
2.835937199375371165e+01,2.937108397996797748e+01,2.867226929645107703e+01,2.872045039213071504e+01,2.951422486565331837e+01,2.951148470879354591e+01,2.883347694980983533e+01,2.972486569691119485e+01,2.861072729299735329e+01,2.979812304094770070e+01,2.914851180340002657e+01,2.990461748395006225e+01,2.881577725444907401e+01,2.943174756121641167e+01,2.867847604485723423e+01,2.909880006929091678e+01,2.921519223803238674e+01,3.022113728511538966e+01,2.993631420706446988e+01,3.053184029143824318e+01,2.978268095785239211e+01,2.990572199306444645e+01,3.004635519320999038e+01,2.917899690626506981e+01
2.961591409008690334e+01,2.800103814262001833e+01,2.825251362703073710e+01,2.891720872250652974e+01,2.959132811166637111e+01,2.984402361039877860e+01,2.898898819873841148e+01,2.879564500004022420e+01,2.926785556389165777e+01,2.900152771975575661e+01,3.051491416893389896e+01,2.899310003308892192e+01,2.998973770667026884e+01,2.936014391048507832e+01,2.921197129894932232e+01,3.044938965197161451e+01,2.949381616181312893e+01,2.910662135753625535e+01,3.012865522875227953e+01,2.946790449434104175e+01,2.919934260007283910e+01,2.947780912105696416e+01,2.989908071748152452e+01,2.971674561388226721e+01
2.940608419677784013e+01,2.820569009409570072e+01,2.880714197951596134e+01,2.962885008105411089e+01,2.886028822722374798e+01,2.834267591863346070e+01,2.874666445463691389e+01,2.958142444163667051e+01,2.838384605791941340e+01,2.877430235262937686e+01,2.912123529093958041e+01,2.901187362490401256e+01,2.880732166772378378e+01,2.873320886217550196e+01,2.901657935788614395e+01,2.968412051822667763e+01,2.960852626035000412e+01,2.929882432502995471e+01,3.024131174743007477e+01,2.943547504247459301e+01,2.925643430254046962e+01,2.921865881494454698e+01,2.951387581111526970e+01,2.767466168599480625e+01
2.893794181277303323e+01,2.961028060115268090e+01,2.992686472287135757e+01,2.921254912471681564e+01,2.933378936491669720e+01,2.918491651693426547e+01,2.866680943587948605e+01,2.916124175123383111e+01,2.925811236943604854e+01,2.781581880868600365e+01,2.941699311114831517e+01,2.930444611467083860e+01,2.971669121066588559e+01,2.847943103488984207e+01,3.008798873290709253e+01,2.975448021015489530e+01,2.896337368823606084e+01,2.908903690135684883e+01,2.929096411957937107e+01,2.950721799880244589e+01,2.963650466947029827e+01,2.924931872795281151e+01,2.897685760852306203e+01,2.942615624116280060e+01
2.957131131370329058e+01,2.958373538336519459e+01,2.864541426752248299e+01,2.974597528122552603e+01,2.822530085281141510e+01,2.915880186042454625e+01,2.960264170815634088e+01,2.890158281732294654e+01,2.973836329376229060e+01,2.987928084491119307e+01,3.010930702601035591e+01,3.008395882317552150e+01,2.875154856330885877e+01,2.950348675938556653e+01,2.953001836890911136e+01,2.915611971164184979e+01,3.034163771948908561e+01,2.957158444462675106e+01,2.920344574368510848e+01,2.990227001483782487e+01,2.885898380893871717e+01,3.042335438009757809e+01,2.973754847772289622e+01,2.993215796622416747e+01
2.974060591101994078e+01,2.897883979022935819e+01,2.979063825472007920e+01,2.878817621324031961e+01,2.905255837954854314e+01,2.938220578781357517e+01,2.965262595100637100e+01,2.909351763907488930e+01,3.055700832607413986e+01,2.976246690952541485e+01,3.005235730137474093e+01,2.998552492956736160e+01,3.061588249383231641e+01,3.129615176867565651e+01,2.972496510998144004e+01,2.881834981589315703e+01,2.973323487817555133e+01,2.947012923525534234e+01,2.928361157019952543e+01,2.885741939979288873e+01,3.073340829539233710e+01,2.943136245589352029e+01,3.054427246757120429e+01,3.000225538008265858e+01
2.817383724560897917e+01,2.930669913314397945e+01,2.952983847783059446e+01,2.849331119592193318e+01,2.910736631864978108e+01,2.936006830282627789e+01,3.122370012786450388e+01,3.243927903200790297e+01,3.281025850685523437e+01,3.251262001610513153e+01,3.268404045204732711e+01,3.315073977778774861e+01,3.145532357283479996e+01,3.164885323058922495e+01,3.098522748331475896e+01,2.902554916046238986e+01,2.957127747613213842e+01,2.928022964128274452e+01,2.936548335200745896e+01,2.922227900826675295e+01,2.870143648439386652e+01,2.922910582131260071e+01,2.932513532335531181e+01,2.861722240941855944e+01
2.819726352176451201e+01,2.930405849624241910e+01,2.937402126562761850e+01,2.871124561964944633e+01,3.007514361330999009e+01,3.139107917677631576e+01,3.360610455637817040e+01,3.275729942538004025e+01,3.331723341545551875e+01,3.163455763645714569e+01,3.158601450314858994e+01,3.245251995749174512e+01,3.357722195307781021e+01,3.308245232281075232e+01,3.148704534265556276e+01,2.981033392004098914e+01,2.970553188017095181e+01,2.869294312216101162e+01,2.968084529249819070e+01,2.930469932095917329e+01,2.914185643793774716e+01,2.930278925070507512e+01,3.021792583960285583e+01,2.979846349870547328e+01
2.937028855855083975e+01,2.809026670492022504e+01,2.990449381029691267e+01,2.975214022084776389e+01,3.012627452645864423e+01,3.296441675842493169e+01,3.382608511376071192e+01,3.529941419590187479e+01,3.203849242173299672e+01,3.093636361928236056e+01,3.145312541778264404e+01,3.358930622941420552e+01,3.356757838255447268e+01,3.480794325024550062e+01,3.323844941748581050e+01,3.089325568666544086e+01,2.972457819499106790e+01,2.971874288111717988e+01,2.944289036625673361e+01,2.960456412377055813e+01,2.858936780441945302e+01,2.968019064694982490e+01,2.962734686150497510e+01,2.986812280220209459e+01
2.997694610990481578e+01,2.932398203429590922e+01,3.084615947956365289e+01,3.157661570180800936e+01,3.300127783375302215e+01,3.381400705117948746e+01,3.531156334840864019e+01,3.496900981882947690e+01,3.271830333784032518e+01,3.205971904169939535e+01,3.324062198277869129e+01,3.442947537531478019e+01,3.420958897037377255e+01,3.448434625997936109e+01,3.348008809854837864e+01,3.166614137004359009e+01,3.029236068885876421e+01,3.048265515751808152e+01,3.040522035101957954e+01,2.946260640814040244e+01,2.967098833871546049e+01,2.975935573448816740e+01,2.941029663409341310e+01,2.974810353091999104e+01
2.925676644570751250e+01,2.959732341763555041e+01,3.056642492776683184e+01,3.212301184456453029e+01,3.118842698723580042e+01,3.390542126499872211e+01,3.469822803324262850e+01,3.480989637795926228e+01,3.356215607489212971e+01,3.247465200935681651e+01,3.311675857679199453e+01,3.306831127256327818e+01,3.405392043672907221e+01,3.390284658012137697e+01,3.373301257589321267e+01,3.167402078026486834e+01,3.068774360136416135e+01,2.987517504838803006e+01,2.942642962788136174e+01,2.918352494848670631e+01,3.037024654760091380e+01,2.966036492311729944e+01,3.080082765606147177e+01,2.951633723179168101e+01
2.999257952448590459e+01,2.946643750630209979e+01,3.116915986317980014e+01,3.104227588200808441e+01,3.282336883217908508e+01,3.307027419606214380e+01,3.446708352134260167e+01,3.407973055617031832e+01,3.425112059736915171e+01,3.273072416443517341e+01,3.338176865009580752e+01,3.301463934992756322e+01,3.449499631385759812e+01,3.435260607842627678e+01,3.444532239589210576e+01,3.186507077326916715e+01,3.067677550611296056e+01,3.064774249506029946e+01,2.995864257929838459e+01,2.956679482773267864e+01,2.939067756282298660e+01,3.081021956102642889e+01,3.017705974579183703e+01,2.893696951476869117e+01
3.062692430997776682e+01,2.932674797944474676e+01,3.069706028649204654e+01,3.129736127565831794e+01,3.149885552985625736e+01,3.412688641029114933e+01,3.263897178220315709e+01,3.239426846723989684e+01,3.254865552801527429e+01,3.302123448490965529e+01,3.467435770299988462e+01,3.404945800170594339e+01,3.417875027784958775e+01,3.425874494502215839e+01,3.266783262118212861e+01,3.171176347503291026e+01,3.076191684083187283e+01,3.046163720043387002e+01,3.086321257577822053e+01,3.065231952062100618e+01,3.059760341727871946e+01,3.048287300639606201e+01,3.073223380449985598e+01,3.086139053019809353e+01
3.066108299129905390e+01,3.000549092775133886e+01,3.019290696096260262e+01,3.036713914779846846e+01,3.193322814024924128e+01,3.335950225875831165e+01,3.365596202414377558e+01,3.313131387620359192e+01,3.323118149904428265e+01,3.378861410599085957e+01,3.401701548302679612e+01,3.269774829247120351e+01,3.421980595900902244e+01,3.377703221470972039e+01,3.351338428359645150e+01,3.143504801256153769e+01,3.039647990171459924e+01,2.992845989821989861e+01,3.126487480586263246e+01,3.021708068564453242e+01,3.010650682362734187e+01,3.116813523309946277e+01,3.136417976224930726e+01,3.152712391000568459e+01
3.251956511837477137e+01,3.144929069273615596e+01,3.206190515902949301e+01,3.190083560478666413e+01,3.305936114562996408e+01,3.144499895266159228e+01,3.221996791820720318e+01,3.259415376728094316e+01,3.170054464939124728e+01,3.205080439154494343e+01,3.178627338121975754e+01,3.292126727812251374e+01,3.411490307627798302e+01,3.405905728438591495e+01,3.207329927703580097e+01,3.055433634652240471e+01,3.078195367481873745e+01,2.902116624406784240e+01,3.037881737167691654e+01,2.989529268631588366e+01,3.008220523994577889e+01,2.979894135178750503e+01,3.052356932647830945e+01,3.084399739246146055e+01
3.364764495147107937e+01,3.110689204926416096e+01,3.228827681317739007e+01,3.196453485456089538e+01,3.296464223802587412e+01,3.243896988961341776e+01,3.326552488651225303e+01,3.177823806747790059e+01,3.037647911431764669e+01,3.085446677136906146e+01,3.204737295563040789e+01,3.443779450674884401e+01,3.434335255884406024e+01,3.450247571453320461e+01,3.264504632358256231e+01,3.166792335566015026e+01,3.087258697480990577e+01,2.985749892091155289e+01,2.952240257611896368e+01,2.926347960591562014e+01,2.963925343173679039e+01,3.057729961066996793e+01,2.972239581487031046e+01,2.994409330350930531e+01
3.167528088904327888e+01,3.316965363595909366e+01,3.312362953017236578e+01,3.305861351027743922e+01,3.272426035800884847e+01,3.231718155134961989e+01,3.213850541299439101e+01,3.279148760921174244e+01,3.214178305937247160e+01,3.188395917152070069e+01,3.308937723233981387e+01,3.385487434095460912e+01,3.358503314821427921e+01,3.371160516433064913e+01,3.352703770082820256e+01,3.140507205604427554e+01,3.058465598474424496e+01,3.052470045743700666e+01,3.048860800570287211e+01,3.123493600582395402e+01,3.041905679305585863e+01,3.026764339027300821e+01,3.159551695460271503e+01,3.159854416301169522e+01
3.311625681901881535e+01,3.242132430406093135e+01,3.292724299004419208e+01,3.289545308789661249e+01,3.286080338225002606e+01,3.403391831020957170e+01,3.374429366995241253e+01,3.378057140248108681e+01,3.264328374245064879e+01,3.338178676053166782e+01,3.415353118969431989e+01,3.395483750015159785e+01,3.503992239239312312e+01,3.453618207543638619e+01,3.276157748269469039e+01,3.124504832107243146e+01,3.025808191933020908e+01,3.080992547059042863e+01,3.157065050541399387e+01,3.114557437671641082e+01,3.057238593509464408e+01,3.157951036831877900e+01,3.101026120978821154e+01,3.088781910158161281e+01
