2.341377323790760556e+01,2.272172512591515670e+01,2.415745651484718337e+01,2.422773878172006334e+01,2.379591878738477817e+01,2.384901133007406315e+01,2.445643017509615902e+01,2.464725133295348769e+01,2.452998648246278890e+01,2.403881650461676145e+01,2.369859946681435758e+01,2.434834341372368272e+01,2.420486547922007503e+01,2.419591591826696231e+01,2.335455579047305719e+01,2.326496077292460996e+01,2.388905637927479120e+01,2.384296519886231636e+01,2.408217083276576886e+01,2.397229283838476022e+01,2.352499216544867977e+01,2.418192404122692096e+01,2.464481305928961774e+01,2.432990220761587352e+01
2.371864254714307663e+01,2.338708927670353432e+01,2.465379783632437238e+01,2.476079222489329368e+01,2.399596049777176177e+01,2.384728494654456199e+01,2.328078103481954031e+01,2.454618259726203178e+01,2.343964548206952259e+01,2.379263553696546296e+01,2.224096101038384177e+01,2.413247889493050025e+01,2.271396545662645394e+01,2.357348891898084275e+01,2.412973557889677068e+01,2.354505799440937608e+01,2.263508999485969753e+01,2.468342002509228905e+01,2.436474546870232416e+01,2.437998829168634529e+01,2.494208094609786031e+01,2.430407886848053067e+01,2.465775293489917885e+01,2.430259568712818918e+01
2.465266079169532532e+01,2.438055991006973500e+01,2.359810846889877212e+01,2.407757765169117192e+01,2.533852872837439918e+01,2.484525752560199408e+01,2.522510280656217674e+01,2.435298882931988373e+01,2.540920236354122608e+01,2.428359294850355354e+01,2.418777930161701306e+01,2.285156266166910655e+01,2.448079285749548717e+01,2.460366083597591569e+01,2.372101876136389365e+01,2.465848457299460961e+01,2.495974885984833236e+01,2.398652491394324215e+01,2.384842156998507789e+01,2.390745326675352089e+01,2.636345557663389627e+01,2.490698959397604995e+01,2.395367930252723454e+01,2.437655396474286817e+01
2.386337914667194582e+01,2.459570514408892450e+01,2.560984569465870209e+01,2.555709283007172417e+01,2.545709417991179180e+01,2.399578610433604808e+01,2.444369041347994198e+01,2.590126319162607160e+01,2.329151561797306158e+01,2.426895662355303784e+01,2.457404876978699804e+01,2.463896347403795062e+01,2.373011198607997585e+01,2.483724633398486503e+01,2.463938939564508246e+01,2.408334865966861571e+01,2.396657829104873372e+01,2.468689731439911839e+01,2.480883446390680547e+01,2.467133251686436779e+01,2.348913966669636011e+01,2.551185270343853517e+01,2.603008987360334459e+01,2.318775499782003635e+01
2.412256579967191783e+01,2.420228486393534695e+01,2.470332732848561363e+01,2.344258306098737421e+01,2.353687592714271659e+01,2.484659869431277457e+01,2.415120788294910881e+01,2.375671871883457698e+01,2.436443275727481250e+01,2.241792202451341609e+01,2.437936703380455583e+01,2.474472059179504413e+01,2.390891168161698488e+01,2.389648001692722801e+01,2.264861193659226046e+01,2.361053197829437522e+01,2.423129274073340866e+01,2.418454159145147742e+01,2.446164844958542517e+01,2.498216969503454266e+01,2.396450154336304195e+01,2.410022369676795506e+01,2.341648012890772179e+01,2.296981875856050692e+01
2.550715329463326952e+01,2.374787489790259087e+01,2.418292978418287476e+01,2.366805680687161839e+01,2.405588972472452269e+01,2.394519967863459442e+01,2.524542241171241130e+01,2.438798006249339778e+01,2.376038745746495806e+01,2.445628613408376850e+01,2.427996324840654552e+01,2.375772039711512207e+01,2.388094861990720119e+01,2.414973445694380416e+01,2.428345175104260534e+01,2.393030067334268551e+01,2.419743558753174284e+01,2.424350777417356539e+01,2.598977165804546985e+01,2.369815245552905481e+01,2.407874303819602346e+01,2.464131893608379187e+01,2.390954253721810119e+01,2.401004756842121424e+01
2.328555531980953219e+01,2.421395911096095688e+01,2.453879893306867643e+01,2.369808015259985723e+01,2.429444348461203163e+01,2.429268307716461095e+01,2.374205743910539468e+01,2.336830828470090182e+01,2.477394164979028801e+01,2.452494986581012881e+01,2.363064097848700840e+01,2.429363964940330334e+01,2.348541586013817550e+01,2.509407006684705266e+01,2.524953023782092032e+01,2.493795384905973833e+01,2.433405060094804639e+01,2.497778744670614515e+01,2.444697111769681896e+01,2.505216972121809249e+01,2.502638938776647137e+01,2.375278111926786551e+01,2.418102654643143978e+01,2.412423997668372522e+01
2.338056276616021023e+01,2.381778198058907492e+01,2.291690450241003418e+01,2.396177479617000472e+01,2.392845975071179510e+01,2.475055347134440353e+01,2.423667251633753494e+01,2.302716913669542009e+01,2.337107612432168935e+01,2.405079491831179439e+01,2.378858254194500432e+01,2.421931187230001115e+01,2.356969595266536999e+01,2.420563073978377133e+01,2.453567201310607970e+01,2.478779755478194602e+01,2.484673827105058308e+01,2.506647996548394985e+01,2.490652686505615065e+01,2.532542030073670958e+01,2.354914714867317116e+01,2.479065529056202877e+01,2.389911614522065975e+01,2.422170735855689827e+01
2.371326252417509295e+01,2.272555928411446757e+01,2.327552159815155619e+01,2.460550745251026683e+01,2.409310564041419411e+01,2.353131917075927504e+01,2.280012284952857726e+01,2.375403513479113826e+01,2.290760325994506275e+01,2.363819010057750347e+01,2.298554151139410351e+01,2.386026003620042957e+01,2.364908222033875518e+01,2.324884202146347434e+01,2.425745251126448920e+01,2.509368848323566681e+01,2.429486032395988104e+01,2.441827347322595188e+01,2.382046139180971522e+01,2.431906093597001473e+01,2.409023092370307495e+01,2.364737372573756602e+01,2.518786974977950877e+01,2.418236597005943622e+01
2.294063784065735945e+01,2.399360994148338477e+01,2.352819446553894522e+01,2.330239231004509293e+01,2.333173043234114630e+01,2.323840101438787542e+01,2.399327026221720871e+01,2.371684966824875573e+01,2.358671289331226717e+01,2.205312363405676024e+01,2.263985258487696228e+01,2.358268950411456899e+01,2.431620589827423373e+01,2.417258619005008313e+01,2.339618297099769961e+01,2.502186665456787296e+01,2.387759704604115996e+01,2.341103460286035443e+01,2.386583402986775582e+01,2.460253066314322723e+01,2.400686920131624902e+01,2.436500066534927100e+01,2.305902961968655518e+01,2.326928711698081997e+01
2.354728375497245452e+01,2.334921630572080176e+01,2.459888427441762815e+01,2.423942353045066511e+01,2.323335857158485851e+01,2.355874456109881976e+01,2.364364858834107963e+01,2.292842952867408712e+01,2.314206105425154192e+01,2.308774581878321897e+01,2.366320290725417408e+01,2.340485259655832806e+01,2.338403288310240669e+01,2.416419824458171206e+01,2.327544392570473519e+01,2.336178650100191589e+01,2.435229112820854880e+01,2.475525289360842862e+01,2.466358415145344907e+01,2.524407777219784066e+01,2.400909432600155924e+01,2.370818616589139083e+01,2.409394409219186173e+01,2.422394480668913275e+01
2.366882652447418423e+01,2.449153455643323696e+01,2.369458940789866119e+01,2.315490452828089474e+01,2.449150833777753178e+01,2.425194737404319767e+01,2.346119660308323773e+01,2.321930192619862510e+01,2.248757489827403333e+01,2.421619514310299337e+01,2.304301273835608299e+01,2.333145013704938719e+01,2.438415755084093917e+01,2.413681602835248441e+01,2.434354572474506995e+01,2.422978629712974907e+01,2.502659743435981454e+01,2.539192058032421073e+01,2.552477080117529340e+01,2.557731468260209340e+01,2.442728411239505704e+01,2.412734822678834234e+01,2.346461702857379805e+01,2.378591488672975629e+01
2.300449790481258106e+01,2.387585770205896551e+01,2.399270911206173196e+01,2.345359435407999626e+01,2.279112692120145311e+01,2.342181030560874433e+01,2.341549083649681506e+01,2.380228062287653756e+01,2.405566372285221632e+01,2.317535711086884476e+01,2.309727407040878688e+01,2.344052319602349144e+01,2.310610735153085216e+01,2.422590029516555887e+01,2.369683405160549228e+01,2.364938955817615351e+01,2.394573049792575148e+01,2.525070026319184535e+01,2.497751352011073323e+01,2.423545242387706367e+01,2.331886630848509867e+01,2.248917161878540583e+01,2.237093114454154374e+01,2.310826096958038534e+01
2.377760099546799211e+01,2.370820127786515741e+01,2.509687974745725114e+01,2.423717131221542331e+01,2.274212551777037561e+01,2.409565328112483940e+01,2.352171428794918029e+01,2.365122713284233669e+01,2.384734832862238818e+01,2.236495847596250997e+01,2.227627102667759118e+01,2.407625618882525487e+01,2.313213525428881212e+01,2.405148466209340086e+01,2.302186557515170762e+01,2.345107521797683603e+01,2.479953871633671270e+01,2.446419658711164402e+01,2.546020974067852194e+01,2.479339077676814895e+01,2.378981937180338946e+01,2.270294215261537829e+01,2.280449790608963667e+01,2.264644497913434407e+01
2.367902294028237975e+01,2.328579354988102068e+01,2.357724889905654209e+01,2.357819707070660797e+01,2.270557780390078051e+01,2.287839657776714830e+01,2.474179878831716906e+01,2.400641582477345537e+01,2.324902168396948809e+01,2.373267067121287255e+01,2.342809509548948199e+01,2.367251932141903126e+01,2.342809509548948199e+01,2.318193348218602523e+01,2.396487481743594117e+01,2.334534030558825179e+01,2.452618852019458018e+01,2.514962110176151100e+01,2.527598665620951124e+01,2.463831725385432492e+01,2.439868539374907641e+01,2.357678409347283832e+01,2.320974746858695426e+01,2.240017879627589537e+01
2.412728924052419188e+01,2.428131104087896119e+01,2.424196508044735765e+01,2.453776472728509361e+01,2.149227400488058493e+01,2.326506491867286286e+01,2.308909510666296683e+01,2.393347974113351029e+01,2.317721244137226222e+01,2.274667110181292173e+01,2.245266021154810687e+01,2.392626412383833667e+01,2.392747963459021321e+01,2.463223855556645958e+01,2.429920750602212820e+01,2.537548848640170718e+01,2.463051604971980169e+01,2.437677715715619797e+01,2.474319416365807456e+01,2.389629135411763627e+01,2.290140782190582058e+01,2.386946646635988145e+01,2.322623204292483479e+01,2.390777742494589120e+01
2.371128601271328762e+01,2.280387104046303648e+01,2.251754014734285647e+01,2.350753415883013986e+01,2.132564295713558522e+01,2.203562154030612419e+01,2.337286434039714322e+01,2.436484477384800584e+01,2.403034425816173325e+01,2.315972826249134187e+01,2.220371136088283492e+01,2.374218624297282076e+01,2.341435535541069157e+01,2.309985197288460768e+01,2.379142138055726718e+01,2.357508470275706713e+01,2.353698998649969099e+01,2.451474286079974263e+01,2.368447957212498522e+01,2.363482109837957523e+01,2.260505584210477537e+01,2.340044636202611628e+01,2.287581149632279676e+01,2.288018226030550295e+01
2.279802982712595849e+01,2.412464117835094157e+01,2.345201307828352810e+01,2.333123682637204865e+01,2.342114499913736836e+01,2.221747921394603509e+01,2.467020997783527037e+01,2.581202552895922508e+01,2.619831140215359255e+01,2.608355188340709674e+01,2.248945535945330221e+01,2.357110751024873707e+01,2.399086068441124553e+01,2.304992851526731101e+01,2.249839292756337272e+01,2.318867656701382884e+01,2.403694651000085969e+01,2.402061080699627382e+01,2.492164994129882416e+01,2.410657164124097562e+01,2.280074607589580182e+01,2.313068927265953789e+01,2.229563532639451751e+01,2.291494532136789530e+01
2.511275278345743800e+01,2.350641864879276000e+01,2.487770889938644814e+01,2.330530322399147281e+01,2.380178211181896586e+01,2.433295394004414902e+01,2.878083349407614833e+01,2.919688919089577439e+01,2.765838424069033863e+01,2.588284007694358024e+01,2.425045250467172764e+01,2.454410118013311148e+01,2.335418203478803889e+01,2.376540067056350836e+01,2.347470945101400730e+01,2.340254743861038378e+01,2.343556139300500263e+01,2.521592472220709169e+01,2.414421091703667344e+01,2.433788060549272814e+01,2.293242209642335183e+01,2.284393149378274757e+01,2.342525094003440245e+01,2.337756421345096669e+01
2.302386221163334312e+01,2.405616986479037678e+01,2.406347700533598299e+01,2.493906929741177692e+01,2.352289598561594630e+01,2.549302707705339799e+01,2.914980007151041264e+01,3.021486788263973722e+01,2.639282147190124306e+01,2.592948935759898177e+01,2.471341658618428028e+01,2.532037847472344083e+01,2.405122193323580859e+01,2.477267613262199575e+01,2.398784564528494911e+01,2.439545810083939159e+01,2.416927498584300338e+01,2.387340705734567337e+01,2.352859771289092805e+01,2.394443967253619121e+01,2.232587426027509991e+01,2.364040488750481472e+01,2.331906502602970477e+01,2.288377482675178953e+01
2.264661263707097305e+01,2.334463027644108024e+01,2.402504214564669383e+01,2.232155959021912395e+01,2.560150760309363704e+01,2.719088390792671817e+01,2.958902184796761503e+01,2.849685513791035874e+01,2.550734450446469737e+01,2.532159146794174376e+01,2.518588965646051747e+01,2.513755674662570527e+01,2.513148582406097375e+01,2.476649496625032043e+01,2.548544935180626680e+01,2.475620839133915752e+01,2.470235851687010609e+01,2.414954810798127482e+01,2.363886794126699442e+01,2.341224708249870901e+01,2.200776896630378587e+01,2.250005324413507424e+01,2.205431002654501071e+01,2.218211852504981607e+01
2.159852958272153955e+01,2.219765178063585154e+01,2.402745513535813870e+01,2.357138323707403060e+01,2.780471760585572838e+01,2.804224975820085319e+01,2.968625509084984060e+01,2.935485137213316875e+01,2.577658989601917483e+01,2.632075377191421239e+01,2.540743154454850128e+01,2.478782687646497607e+01,2.505687346427083639e+01,2.560379905027599534e+01,2.544632803230240370e+01,2.494293182729177261e+01,2.514291661666078426e+01,2.481640230039846529e+01,2.374175747965426808e+01,2.390549821969881350e+01,2.262701060203318093e+01,2.208212172136086338e+01,2.371407769180359537e+01,2.285092006829995626e+01
2.327601340854653245e+01,2.399846097248638443e+01,2.424562658120169090e+01,2.423942353045066511e+01,3.106430100519685311e+01,3.022982988279511574e+01,2.985763583059792836e+01,2.904585012675596545e+01,2.676860398359656301e+01,2.667502306277719981e+01,2.772933334156527962e+01,2.625387626765518689e+01,2.592329851758103132e+01,2.583505022255030781e+01,2.591745090431220433e+01,2.498944144715136417e+01,2.544624502698860624e+01,2.555466886333925913e+01,2.390417734597372146e+01,2.327214734222081916e+01,2.283540598026303314e+01,2.332777799871161051e+01,2.157797601149002276e+01,2.212493528974061974e+01
2.360691716972394261e+01,2.466316122359211249e+01,2.498508108049469456e+01,2.631503780288034022e+01,2.980251835960200424e+01,3.147398084050053058e+01,2.921250726721615365e+01,2.923626785468172784e+01,2.759643871992835784e+01,2.780156462055111888e+01,2.743846159706026810e+01,2.678761020940498838e+01,2.721166858668078703e+01,2.714709966427869858e+01,2.699418266360322605e+01,2.512851440197346164e+01,2.599895144078533349e+01,2.548915232583516399e+01,2.431700769553538066e+01,2.476958407162896947e+01,2.260232097346857927e+01,2.397577877567653104e+01,2.345441027851080662e+01,2.296043798158643767e+01
2.377652806501191662e+01,2.573347443547277180e+01,2.609400713311543996e+01,2.625735684370141598e+01,2.573146752693651251e+01,2.681538160928522530e+01,2.768466957218907964e+01,2.686992844618350773e+01,2.902771079164790535e+01,2.875164675751165078e+01,2.714912594465005213e+01,2.758781940894306217e+01,2.760007448614413761e+01,2.737533091974177069e+01,2.533753912250557505e+01,2.543559333866488714e+01,2.568910700648592638e+01,2.548035708905973706e+01,2.404744715409674427e+01,2.411557095470755030e+01,2.257534194397595684e+01,2.210912132566693344e+01,2.252694017718897612e+01,2.206475643841781675e+01
2.472185288079219845e+01,2.443583380298957763e+01,2.545927772969173475e+01,2.597168725311757953e+01,2.604981489435732556e+01,2.633046042544276588e+01,2.703834707347152744e+01,2.668220228146941508e+01,2.830359205861759619e+01,2.941710508252958789e+01,2.808642912286666160e+01,2.774063308610971035e+01,2.838335657299870718e+01,2.700262005593612002e+01,2.637611327444523113e+01,2.602212539828252602e+01,2.583508343334148094e+01,2.493729551160220126e+01,2.567157020843734472e+01,2.437854989663827610e+01,2.437030714414873955e+01,2.221394761252958006e+01,2.207057253404781250e+01,2.233849963017672735e+01
2.565992598910526112e+01,2.497076519737498757e+01,2.546902567685543772e+01,2.500631339857392277e+01,2.545781248513321771e+01,2.619746430619079547e+01,2.548042271491516431e+01,2.714341039118710341e+01,2.919483509652729936e+01,2.907944983561299068e+01,2.857782841067319168e+01,2.935648243726950568e+01,2.788876049338841767e+01,2.866879526283935320e+01,2.738740141959902985e+01,2.618954210517131287e+01,2.582916417611204452e+01,2.512531422085231725e+01,2.518773939076345414e+01,2.529338510473479573e+01,2.407421827329682174e+01,2.309590628530361300e+01,2.296070249505658012e+01,2.356533994981987234e+01
2.308595511928086808e+01,2.477285055103288869e+01,2.429490114072910956e+01,2.553774994615349669e+01,2.483159545916890920e+01,2.596489984107387272e+01,2.668063437420443051e+01,2.713341539764684285e+01,2.741204892971671825e+01,2.707325151057966650e+01,2.785240772439777857e+01,2.812952139875545754e+01,2.677272816037708481e+01,2.832084062377919054e+01,2.640475389751208013e+01,2.628143122884159766e+01,2.505210504059130017e+01,2.605759235721416189e+01,2.537175695274845566e+01,2.445218129196297241e+01,2.457407164915230169e+01,2.440627235265378658e+01,2.438762595068033079e+01,2.383088867796038812e+01
2.249461364037080102e+01,2.358859774820319899e+01,2.349533111219631110e+01,2.421078200013380410e+01,2.643065034264895985e+01,2.659030699842708145e+01,2.513693473066700790e+01,2.652004920189847326e+01,2.544492936257631754e+01,2.557526753465288039e+01,2.479461258386425015e+01,2.572360460064601284e+01,2.530469027125542425e+01,2.540775346355644615e+01,2.526837038399759194e+01,2.460766596606327994e+01,2.370470269064685453e+01,2.300613292099910723e+01,2.384800450169950636e+01,2.349355029912118198e+01,2.455079207542490849e+01,2.356739512659680713e+01,2.284518577581934551e+01,2.305743131915824051e+01
2.332640781892547466e+01,2.300516877821365824e+01,2.411047294445529587e+01,2.291224375976560168e+01,2.582300183750925271e+01,2.659156158748521648e+01,2.498799543428907555e+01,2.428622897618083698e+01,2.486529295299010300e+01,2.594776031808214611e+01,2.615736895082505953e+01,2.616135003037760498e+01,2.527495751959162362e+01,2.549920831456500991e+01,2.501842857856877345e+01,2.343600359416922174e+01,2.313344727987731630e+01,2.432373137575410738e+01,2.250033917293745844e+01,2.391790684190181082e+01,2.278692528016517826e+01,2.270563874480200184e+01,2.393717627554934779e+01,2.283277210492582299e+01
2.279250014230149191e+01,2.417151061911880561e+01,2.332626038467014951e+01,2.406504136745553524e+01,2.432937324152652536e+01,2.505277415618530767e+01,2.430279278097282258e+01,2.517786733909815666e+01,2.649924586127553994e+01,2.556074238455374825e+01,2.542112374132921104e+01,2.554567260929132999e+01,2.571837778707430289e+01,2.562190788449038337e+01,2.476479816191999817e+01,2.463277222664805777e+01,2.379113439538895136e+01,2.478023444617798532e+01,2.411112400904914921e+01,2.329758028101298351e+01,2.423244880496531550e+01,2.286956495977091208e+01,2.303741248457095026e+01,2.291609800112451012e+01
2.136309859260660460e+01,2.274384293848368088e+01,2.303280537056514277e+01,2.433544404241973780e+01,2.579617811066975719e+01,2.452008898600473685e+01,2.406568723958730516e+01,2.576095749840760618e+01,2.654901027023777260e+01,2.557621958727776246e+01,2.642358746675330394e+01,2.603429518060448800e+01,2.532016834231598068e+01,2.622526821048154488e+01,2.582483042755711722e+01,2.443519742325662492e+01,2.408388137747328983e+01,2.461214891146818218e+01,2.402617438296647379e+01,2.448922898649669833e+01,2.367017397005866997e+01,2.372759110807072602e+01,2.326650262553647508e+01,2.384501170956792748e+01
