2.930053706260486024e+01,2.823679465040316927e+01,2.842954895600632881e+01,2.868638300238518468e+01,2.940788640828498046e+01,2.890782532078594613e+01,2.870500621175068545e+01,2.838920149576205176e+01,2.934950407664405247e+01,2.863379914873377174e+01,2.875118757233775568e+01,2.868189810878635626e+01,2.876841249115420851e+01,2.896188525022984095e+01,2.884490942535683189e+01,2.961912803207525258e+01,2.829625610668875879e+01,2.934908254750553169e+01,3.009692130713972347e+01,2.842361064525795200e+01,2.947173037108194649e+01,2.849728183601973797e+01,2.931667215084974032e+01,2.928492148208334811e+01
2.730813847930414795e+01,3.035245376460210309e+01,2.781982878782480384e+01,2.815294492386965430e+01,2.902981960137407214e+01,2.908465324786698147e+01,2.884028074324970703e+01,2.890424246117987650e+01,2.850345912477575894e+01,2.859316182952483132e+01,2.827413580707371921e+01,2.901598236319205171e+01,2.801925070476096380e+01,2.821359197495911530e+01,2.899973083135796514e+01,2.737886755728510479e+01,2.783717738423422361e+01,2.853568226809818498e+01,2.845044677865001859e+01,2.827463083360061091e+01,2.957651373676242201e+01,2.786891567850665297e+01,2.800138234132134585e+01,2.843808619740275390e+01
2.812157265761845792e+01,2.904459846817479729e+01,2.892404473904355200e+01,2.929805844215667321e+01,2.857350380409354784e+01,2.915595896302556866e+01,2.988758316198010334e+01,2.857635833114568413e+01,2.853062275517635271e+01,2.825641086860696305e+01,2.914238779068415397e+01,2.904066139168435257e+01,2.838683486849612336e+01,2.928961118983824008e+01,2.864282604640811769e+01,2.793066010211271077e+01,2.890568747829928498e+01,2.898481270019084377e+01,2.909753449919816148e+01,2.895358465224882139e+01,2.910836024953221113e+01,2.901633372551174261e+01,2.819342852361768337e+01,2.863547029136844913e+01
2.904577821043199037e+01,2.869929024617704272e+01,2.888455580461817362e+01,2.972790832420167817e+01,2.866009605119978687e+01,2.919471324095326281e+01,2.845922393479384027e+01,3.048365171718546662e+01,2.847970803603737977e+01,2.859973364327873924e+01,2.904932382959992765e+01,2.950290184517479020e+01,2.837182148830964934e+01,2.943060252789797460e+01,2.948956081990951361e+01,2.895749521062100484e+01,2.886497785567598839e+01,2.938345501682266558e+01,2.955938510301922406e+01,2.946918496133105236e+01,2.922925699745576367e+01,2.891226425859269966e+01,3.011554021007486881e+01,2.965389331662277073e+01
2.908606873629196343e+01,2.771273452433064222e+01,2.833110776560386057e+01,2.898151671524135509e+01,2.919187373957788623e+01,2.835009190449721928e+01,2.818290634230527303e+01,2.891048617814112731e+01,2.982156604841077296e+01,2.904280279975120038e+01,2.908729200365297629e+01,2.848839395949590880e+01,2.879187417235846169e+01,2.913471974203832815e+01,2.864583857499900432e+01,2.790853026718411911e+01,2.988199323696545662e+01,2.815183316318325524e+01,2.827635457185471068e+01,2.938043338556121853e+01,2.868494131037778061e+01,2.803174006762526460e+01,2.890540657994984031e+01,2.893300096815238476e+01
2.830345564739320707e+01,2.950949819901768478e+01,2.844654016937835195e+01,2.896006476945797203e+01,2.857240207271149757e+01,2.962482768275515355e+01,2.788027087538546311e+01,2.899801725239001371e+01,2.888118986299735980e+01,2.859593871467740200e+01,2.815397362741805409e+01,2.946603413816296779e+01,2.851017280810765442e+01,2.877622733919946540e+01,2.817533345781100707e+01,2.912991319793172806e+01,2.904952935520475421e+01,2.949717084179923177e+01,2.877267842560092959e+01,2.886116725382890991e+01,2.887737918580393170e+01,2.790288459968212464e+01,2.726823110286596830e+01,2.930464241577482198e+01
2.926794647606055833e+01,2.896133401603242419e+01,2.956667093146501202e+01,2.948962140641373253e+01,2.897225763220609451e+01,2.851116675714769144e+01,2.904239294986916775e+01,2.900781683472530403e+01,2.866008324184991807e+01,2.984970842867704732e+01,2.985081098070469352e+01,2.884980843134297857e+01,2.969449843488490615e+01,2.907307715946069493e+01,2.868946974758688384e+01,2.838263181940800450e+01,2.820919396416451264e+01,2.900945408095049061e+01,2.871510491426386125e+01,2.931038731810059517e+01,2.916154292062373088e+01,2.984897802647640219e+01,2.889561145469917847e+01,2.907325892919203625e+01
2.922617589968649554e+01,2.912995023857979504e+01,2.859872712488976276e+01,2.911853091898342427e+01,2.832333769893551789e+01,2.966688930661712220e+01,2.967006430124814642e+01,2.922481247839192520e+01,2.890070117330566291e+01,2.953891397687641529e+01,2.975886064320121704e+01,2.892458568107082328e+01,2.901046704157954537e+01,2.927263445406850906e+01,2.976799872539010039e+01,2.912378270042751183e+01,2.938510995207650467e+01,3.014024778120523251e+01,2.949344957032411685e+01,2.920947752828840294e+01,2.939031163489170240e+01,3.006136153967952396e+01,2.896505894360393540e+01,2.932831895567409219e+01
2.896519972926955688e+01,2.752768522345746760e+01,2.850983666095595481e+01,2.895658393509961570e+01,2.895536526388758602e+01,2.800516778501810222e+01,2.872512884470842209e+01,2.869727295694838176e+01,2.835168941867323156e+01,2.849904494743020678e+01,2.832712053245722927e+01,2.829392534019211780e+01,2.858296952581389405e+01,2.887521390515274788e+01,2.903741028475394614e+01,2.813155377573895066e+01,2.923216367334032384e+01,2.884591061146164748e+01,2.866146022176064889e+01,2.775298788514993475e+01,2.885129798280763680e+01,2.934775561929114929e+01,2.818988730542798749e+01,2.952441471563241748e+01
2.800102665668345026e+01,2.914297649565588699e+01,2.873092317477232882e+01,2.884750455678607750e+01,2.907653172680511489e+01,2.858035972750082010e+01,2.726655116042974214e+01,2.892596939138894641e+01,2.930167224736283060e+01,2.903722566272813310e+01,2.937183312817103342e+01,2.854130478699750029e+01,2.833169189462438453e+01,2.935917823580689401e+01,2.880859866150893822e+01,2.870914510126249297e+01,2.810696686481196593e+01,2.801186460912185794e+01,2.834772770693291477e+01,2.976582336682184859e+01,2.909876824913874316e+01,2.767697034590980820e+01,2.908886166199010859e+01,2.914817358535759695e+01
2.870299450815809905e+01,2.903100516389798713e+01,2.896467042023010663e+01,3.007055510958929290e+01,2.938672415208571920e+01,2.944099720343768922e+01,2.862281571704932048e+01,2.943777603233434093e+01,2.812721479584621420e+01,2.891727285189847407e+01,2.926575020410365369e+01,2.899524730182838539e+01,2.913533059253239799e+01,2.886511656295510875e+01,3.000576932514633199e+01,2.907725390965373435e+01,2.926931911623847782e+01,2.778093606790901049e+01,2.770611393162431568e+01,2.879071133521466663e+01,2.961756140170479057e+01,2.879751414370076645e+01,2.984829216755906600e+01,2.927095175621138878e+01
2.818025328626896453e+01,2.910947170407507656e+01,2.919419896963540850e+01,3.011626080267154748e+01,2.925777315650202581e+01,2.918527272818283791e+01,2.905156120687132670e+01,2.897341160874168509e+01,2.886110968669754584e+01,2.980549587720071258e+01,2.845742286096538010e+01,2.905795582976395508e+01,2.903342343791439362e+01,2.863349942432932949e+01,2.903205558434990508e+01,2.908437390118069743e+01,2.919816013066014193e+01,2.923442800631670480e+01,2.923971651699559970e+01,2.914900918241789896e+01,2.957392024723264967e+01,2.932334995367841657e+01,2.954983708004226628e+01,2.917539233842006752e+01
2.897320957228811267e+01,2.821216444524975486e+01,2.918029282511821521e+01,2.897310479423128982e+01,2.879940807208288334e+01,2.934652484177303222e+01,2.869763768569151807e+01,2.836742373110160997e+01,2.911262351473527588e+01,2.857891918524154562e+01,2.882710636473063914e+01,2.879680101726427210e+01,2.902302521138767588e+01,2.926977627797509740e+01,2.930415935374213632e+01,2.893159342388571531e+01,2.878039926687813477e+01,2.921124151324153218e+01,2.815688578525930552e+01,2.929324863612237095e+01,2.903378529851789835e+01,2.897021424070896956e+01,2.875795424367134956e+01,2.752287936794607504e+01
2.936752551976866243e+01,2.847296142740663072e+01,2.947967087426133048e+01,2.843817478674827726e+01,2.942892460674181621e+01,2.997592208878546671e+01,2.850137749441995538e+01,2.928131786595270114e+01,2.853165147008900249e+01,2.807983828126151593e+01,2.769034348018902847e+01,2.792353140840111791e+01,2.903682941315702237e+01,2.927131818513441885e+01,2.849149888527904295e+01,2.938325159836784906e+01,2.927708553149551562e+01,2.896444032507213251e+01,2.893772163043803403e+01,2.946226767114450240e+01,2.859286804124286618e+01,2.895487278864806058e+01,2.951278995404027228e+01,2.851191715033564833e+01
2.850548986470238333e+01,2.786406462513087945e+01,2.914242517088928253e+01,2.908876461688043946e+01,2.869911482505051481e+01,2.984374804900340905e+01,2.846461226718639637e+01,2.943867074821736196e+01,2.863398666994004316e+01,2.907420558122845478e+01,2.842634782362426904e+01,2.864738197971593081e+01,2.973573929524138748e+01,2.833375685716930548e+01,2.877382049950870169e+01,2.899048907089996874e+01,2.870135959541886450e+01,2.980377703618489704e+01,2.862654235052258400e+01,2.901982025379732022e+01,2.870513469566236608e+01,2.930701565306458178e+01,2.924874522446617675e+01,2.904083544434507758e+01
2.952076847792130820e+01,2.845642191472683180e+01,2.977789271590012277e+01,2.929322580773606433e+01,2.943935094800718844e+01,2.915025137274670897e+01,2.855454961805503444e+01,2.983803171361762452e+01,2.922236790369049686e+01,2.927479372020610526e+01,2.991520503021030208e+01,2.887301765372376394e+01,2.967004696075593984e+01,3.002073156289088729e+01,2.904726834658481494e+01,2.993545773938251386e+01,2.875728282679546055e+01,2.852517550271016944e+01,2.907703400711039876e+01,2.960608311054602382e+01,2.961784024262374260e+01,2.937419548881359788e+01,2.907895308227620035e+01,2.941373610297512187e+01
2.923369530953095818e+01,2.922385932519244989e+01,3.013317331714648617e+01,2.919278298300810093e+01,2.900045507949755574e+01,2.806848107910980161e+01,2.878661127309646872e+01,2.786992263793922575e+01,2.919271866187955311e+01,2.931724954457240528e+01,2.906149161689870652e+01,2.902812894719301084e+01,2.835509749948636227e+01,2.850718735979688745e+01,2.902806545293236695e+01,2.865744604909929194e+01,2.840288328076013613e+01,2.885612987615445491e+01,2.921336584404713221e+01,2.950216749202593292e+01,2.897555422526562552e+01,2.854726291075598965e+01,3.003398414465021915e+01,2.831081862891579704e+01
2.834395487622037990e+01,2.861368795425323697e+01,2.811759896183104956e+01,2.815908532364653638e+01,2.862243458130694762e+01,2.865557487170269724e+01,2.799076880476326323e+01,2.927403412491770496e+01,2.865287794220745354e+01,2.951102884043694985e+01,2.945834629568417995e+01,2.934943913604138288e+01,2.840710716386524837e+01,2.895210044811005901e+01,2.811720426452353649e+01,2.910169756841560229e+01,2.900527810786553573e+01,2.867903336983863483e+01,2.923590020524864030e+01,2.946226767114450240e+01,2.864628727746338654e+01,2.933539210020592236e+01,2.863030270306819602e+01,2.926050915405767228e+01
2.968683026575143913e+01,2.826269953208151264e+01,2.950826201890134826e+01,2.867699596322592015e+01,2.920204231111637228e+01,2.827629924553701812e+01,2.902931872475363662e+01,2.928784395123034301e+01,2.961082395431884606e+01,2.902236419428538738e+01,2.979448482515198293e+01,2.987393795544073782e+01,2.913800883073031400e+01,2.983652588534960159e+01,2.927748393802323790e+01,2.934737781530327538e+01,2.917181203782683951e+01,3.004765653664219371e+01,2.903927867261546680e+01,3.005225148853361361e+01,2.884586338014264584e+01,2.964847320605997538e+01,2.963744036168367302e+01,2.923499340456515938e+01
2.889411123090644651e+01,2.962356857389664810e+01,2.908186069624963466e+01,3.023505163889984715e+01,2.863220571868617981e+01,2.909688674988410639e+01,2.888256931690295914e+01,2.948608936313837603e+01,2.902664996991921953e+01,2.907174061434022860e+01,2.975998397110299720e+01,2.950796492481026689e+01,2.923093776546897971e+01,2.975812567386174123e+01,2.994676587207021612e+01,2.937481795156048747e+01,3.020452485136297582e+01,2.994661148035504539e+01,2.982510864885171031e+01,2.974251595437743845e+01,2.926636138350238525e+01,2.917941893745444304e+01,2.993263658045998454e+01,2.972935686402951205e+01
2.949885812865215939e+01,2.775372298340636235e+01,2.958424640252792415e+01,2.827065936249312017e+01,2.902260517968613840e+01,2.899153724698913948e+01,2.930595184365733985e+01,2.857115750043880098e+01,2.882583103610988928e+01,2.896205652990147428e+01,2.951652706505620927e+01,2.895235178094674211e+01,2.925083668258986336e+01,2.856047792887750347e+01,2.942713429120880164e+01,2.839141309800419322e+01,2.971064878265934794e+01,2.901429301248265347e+01,3.018815972406054016e+01,2.931526800642882336e+01,2.955760737402107452e+01,2.948882365552992724e+01,2.925101092484607079e+01,2.884726475182048944e+01
2.813941619637648728e+01,2.919595466432372177e+01,2.812405658315782375e+01,2.910736194955558176e+01,2.853105042881810505e+01,2.949073061160601128e+01,2.873392541669960565e+01,2.927552847098269240e+01,2.878646475577420460e+01,2.914807658684867420e+01,2.871550106480327713e+01,2.927330714364580899e+01,2.922713968347579794e+01,2.941990810350074526e+01,2.975550999079950998e+01,3.025936393372285238e+01,2.961719312917551861e+01,3.029001660934784468e+01,2.951917348566098553e+01,3.053710629035964530e+01,2.977160466758641633e+01,2.944693089616521320e+01,3.031241000950581110e+01,3.008181819723552053e+01
3.029596130112133778e+01,2.867840429442719596e+01,2.861248708532821183e+01,2.875508212995708845e+01,2.795827740745261281e+01,2.787432100775652088e+01,2.862130079811555561e+01,2.977139499406234791e+01,2.944645887416817231e+01,2.934151761388204704e+01,3.003185254700775886e+01,2.873982008517083386e+01,2.926092020567136842e+01,2.983372239308721419e+01,2.909098576552463555e+01,2.937062749600556799e+01,3.156880737838127970e+01,3.251480329845878714e+01,3.274210298219952620e+01,3.148586130163448615e+01,3.239205342843280278e+01,3.059815108148279705e+01,2.966103581610451556e+01,3.000796615534284228e+01
2.803685035277931092e+01,2.960431082267200509e+01,2.955774876742066226e+01,2.853313311819448472e+01,2.938503691035168686e+01,2.875576235848194528e+01,2.868152284510171057e+01,2.891261708333411207e+01,2.973272405435608334e+01,2.891268254368651469e+01,2.974531159540629233e+01,2.842252389470229446e+01,2.900764558649279934e+01,2.981896808761337070e+01,2.878914481349625021e+01,2.934279923246447197e+01,3.160865447008023921e+01,3.331846553082948503e+01,3.279352606968512873e+01,3.236789749514991854e+01,3.154570867753221819e+01,3.110827769649972652e+01,2.983351307466784874e+01,3.089325648995992424e+01
2.923316443579227553e+01,2.799498760190306257e+01,2.773808615201465955e+01,2.867051015763638588e+01,2.848227120673846002e+01,2.899369558753448928e+01,2.840260955747550042e+01,2.831913869165418873e+01,2.816873053927525916e+01,2.896619458222937737e+01,2.895395824296554110e+01,2.886463273281782449e+01,2.819351950495007486e+01,2.832508197616459711e+01,2.940856344733640526e+01,2.760193271599302989e+01,2.992819219110668882e+01,3.141196300100614280e+01,3.104724624919543885e+01,3.024733902312067357e+01,3.012113147078861175e+01,3.007338597154023319e+01,2.928265721659698784e+01,2.945409403154434358e+01
2.789056155086950639e+01,2.966686287886335549e+01,2.852139960005723651e+01,2.781856023774241748e+01,2.749233433950394101e+01,2.778692375183447894e+01,2.812356290357541866e+01,2.922171257728615501e+01,2.866290780283509321e+01,2.909347597220181569e+01,2.953361254646199541e+01,2.937076111912017495e+01,2.841297654074929824e+01,2.863947120260422707e+01,2.836237003809713997e+01,2.889193109428623529e+01,2.888058752983846489e+01,3.044761765461902314e+01,3.088582640016909409e+01,3.001168266120396311e+01,2.918412330755484163e+01,2.899505510985289902e+01,2.935920200751064613e+01,2.984872536303640800e+01
2.866680529457192961e+01,2.860458839694814515e+01,2.859452287590528385e+01,2.851702439277124768e+01,2.889346634060092356e+01,2.860924508549612710e+01,2.847411073898638278e+01,2.781480919656797823e+01,2.894680858521473965e+01,2.920911338664853929e+01,2.965447532378311735e+01,2.880628900413790916e+01,2.915216260521117420e+01,2.884761625339854163e+01,2.884353670122663971e+01,2.891513939880172757e+01,2.948785519395926258e+01,2.970734745531888166e+01,2.931968375738779287e+01,2.923992869757057633e+01,3.004852913892983679e+01,2.874793631315850462e+01,2.871835123000738577e+01,2.994097976800702554e+01
2.875016242330241312e+01,2.916886706629725268e+01,2.852883409925004798e+01,2.845997027383776867e+01,2.810365144284622829e+01,2.880075586150110212e+01,2.889190573272537677e+01,2.915205382907186049e+01,2.940993286578003563e+01,2.945177374386696556e+01,2.873639867096937905e+01,2.904220884160883998e+01,2.950255915416539665e+01,2.923453729019701086e+01,2.932465037243355255e+01,2.904241244085113749e+01,3.022037096723562399e+01,2.957352102089589607e+01,3.008763303470516348e+01,3.018135149488904290e+01,2.901358061468914684e+01,2.968579992480130159e+01,2.877163288057147383e+01,2.954111686580677087e+01
2.736874127596485096e+01,2.857437536094437291e+01,2.831308173480789492e+01,2.720123293176015977e+01,2.889623296319803103e+01,2.842624973500562646e+01,2.903082691994876541e+01,2.836060043011184462e+01,2.865869266456849118e+01,2.895850245114894506e+01,2.836067467273375087e+01,2.850642640547033579e+01,2.903146334029287345e+01,2.818674442370189581e+01,2.923700213963888928e+01,2.916789210328954596e+01,2.920444740447146614e+01,2.815183316318325524e+01,2.926319855478078580e+01,2.795681835008582539e+01,2.968925719753133308e+01,2.855403517116417333e+01,2.905202825980472880e+01,2.947390559951901423e+01
2.868201332738971132e+01,2.781847309409317859e+01,2.917836867871687900e+01,2.797528506237784995e+01,2.832637087120264141e+01,2.908446959500116691e+01,2.806009527599724152e+01,2.856931743880051044e+01,2.866502769740662870e+01,2.779417107341862447e+01,2.838096556706148021e+01,2.934504355089319461e+01,2.807521776621251774e+01,2.886297467531869643e+01,2.841190770483075312e+01,2.860833231477175786e+01,2.912803406867715239e+01,2.873869846117213456e+01,2.862629802460810424e+01,2.901618818445859915e+01,2.865068815887389064e+01,2.820695280819893469e+01,2.865018810093027923e+01,2.869924794835867488e+01
2.878597322605787667e+01,2.844212675887320074e+01,2.699529266214511836e+01,2.837743837578142347e+01,2.900432798833355719e+01,2.964367534023375583e+01,2.925647111252033028e+01,2.963097686002993214e+01,2.878582057970891128e+01,2.889761778310065665e+01,2.789990342099008558e+01,2.944869568617883715e+01,2.900786290177876481e+01,2.869648930991633051e+01,2.852311310461004723e+01,2.817828260156505848e+01,2.887484187739909203e+01,2.834250142554435570e+01,2.944765819250591221e+01,2.930548009889901095e+01,2.905983140483618854e+01,2.865863506211792355e+01,2.923972452945321265e+01,2.939765812370734466e+01
2.804766363540846896e+01,2.924025458179841053e+01,2.772340721287559973e+01,2.844903243877212162e+01,2.815301710984158490e+01,2.963364285031781264e+01,3.018597956902277701e+01,2.873900088799001651e+01,2.925969382662395901e+01,2.916670435491226954e+01,2.911982670965699072e+01,2.936995285314202420e+01,2.883229047798369038e+01,2.994264844555897298e+01,2.915430429872321838e+01,2.989059436389902658e+01,2.851396132519511184e+01,2.926271927085531388e+01,2.902309835121127435e+01,2.905857521923439890e+01,2.855783785402269359e+01,2.956591575518149284e+01,2.954439022298026885e+01,2.990170082408400276e+01
