2.931003062132151626e+01,2.974757816266350119e+01,2.900880396903721703e+01,3.015243980371843691e+01,2.838967537026945820e+01,2.973136247631418883e+01,2.785153976992188518e+01,2.955409560393468382e+01,2.821392716871002904e+01,3.053335398732843942e+01,2.847840562235859352e+01,2.881288456802838027e+01,2.935835552982564423e+01,2.950190336887078502e+01,2.919938815404003662e+01,2.864815421200171386e+01,2.870474312353366031e+01,2.993178775811367132e+01,2.782847452052396875e+01,3.084084862861993770e+01,2.838077741576285007e+01,2.970346055770721705e+01,2.778572202335135444e+01,2.943998129117341023e+01
2.834462506132246062e+01,2.789721691495748246e+01,2.932406338315405492e+01,2.862276351776597494e+01,2.799094898210967131e+01,2.896648663222578080e+01,2.840286774339989506e+01,2.777885078216172587e+01,2.869406612660259270e+01,2.940022454181354306e+01,2.857880145179342435e+01,2.801926279229189731e+01,2.784259232432469844e+01,2.783712705366116325e+01,2.884429014264196667e+01,2.869251981232656590e+01,2.816066242707256606e+01,2.884690604349538035e+01,2.879157410283147556e+01,2.818723135543046965e+01,2.935496383475185667e+01,2.968721486005586030e+01,2.905054879296415038e+01,2.852011514464504671e+01
2.846033390684698361e+01,2.708631624623694734e+01,2.838371075318195835e+01,2.965985358945090411e+01,2.991801475762076734e+01,2.934597188613651042e+01,2.807746047111845655e+01,2.864561600529117413e+01,2.837462649809805271e+01,2.931584324666795283e+01,3.030397838775820674e+01,2.998581769923157481e+01,2.873314609837257194e+01,2.941742514974549749e+01,2.836896875910235849e+01,2.885216521179950178e+01,2.889565230037140964e+01,2.938385890286008362e+01,2.910043100081338707e+01,2.876589819282281724e+01,3.028547378418727476e+01,2.913542577178634474e+01,2.934547821807376522e+01,2.955080262604082009e+01
2.955853625704685328e+01,2.912927164408051794e+01,2.967500295985297498e+01,2.907228550961542624e+01,2.843015558553150868e+01,2.891655626547037627e+01,2.919455189833360009e+01,2.885662077199020814e+01,2.928814530308284247e+01,2.955406606977982165e+01,2.838255173990654612e+01,2.822243365076678856e+01,2.903450084076280291e+01,2.927598238083129445e+01,2.900447228935740895e+01,2.904413774313661634e+01,2.879329157229318525e+01,2.927421241057055568e+01,2.933996220334131522e+01,2.881826498573940398e+01,2.907647004793165024e+01,2.916749664330200176e+01,3.006490495239762595e+01,2.935070972323387650e+01
2.917937033077231490e+01,3.021793206664307263e+01,2.847441409717123406e+01,2.904577911098607501e+01,2.818642536613475613e+01,2.973743452819849153e+01,2.882333206451403385e+01,2.911119917209617824e+01,2.831197407892904039e+01,2.880782595965155224e+01,2.925658126056140418e+01,2.881583055658001058e+01,2.893281635765066540e+01,2.905349170255442459e+01,2.949335316341301905e+01,2.836432263478354798e+01,2.873203924860644065e+01,2.941796223586840142e+01,3.002123127846721218e+01,3.071556221671357889e+01,2.959210121866203735e+01,3.012487957301578945e+01,2.952799154283383132e+01,3.014369966331639716e+01
2.881317714213224690e+01,2.906869817489035768e+01,2.855662526047944993e+01,2.839380929406200949e+01,2.833015532359860345e+01,2.796633559188603613e+01,2.897640908918162950e+01,2.827710829792965797e+01,2.888803421725674525e+01,2.875974699260490297e+01,2.952994528754766179e+01,2.792084416449569062e+01,2.970631113015457458e+01,2.813166600708700571e+01,2.937405084085349927e+01,2.885467205115821798e+01,2.880407935753856918e+01,2.831159850045463600e+01,2.932250191930683059e+01,2.902099397018901072e+01,2.890999321573650604e+01,2.951334771687771763e+01,2.914288851720698403e+01,2.928053256851046626e+01
2.792834110290772287e+01,2.999739460012085601e+01,2.836636491055861597e+01,2.847571082149465838e+01,2.850953598242438147e+01,2.782755641425598014e+01,2.866609796826708134e+01,2.989029633357398552e+01,2.895356393813108298e+01,2.993184897588832882e+01,2.900724753562701608e+01,2.925442977008265188e+01,2.990637572672915212e+01,2.963141969564918554e+01,2.905947875032376260e+01,2.929532921231663067e+01,2.883054554480168008e+01,3.033610191647113652e+01,2.972160487573654564e+01,2.887411830333940088e+01,2.932017654073365520e+01,2.981498107495815475e+01,2.979761888198106590e+01,2.957562837346040396e+01
2.937072543820511328e+01,2.920697172759821569e+01,2.986851983305473368e+01,2.788205617346847021e+01,2.802061065483707125e+01,2.947393491447650149e+01,2.965158702737738849e+01,2.860921008956324840e+01,2.953109966160877775e+01,2.922824340733450299e+01,2.960272477258422441e+01,2.910335487190735648e+01,2.992545180978919461e+01,2.980118467141807059e+01,2.943519125254169921e+01,2.982010452489066665e+01,3.013190544997718234e+01,2.945457357597422288e+01,3.011298656330592394e+01,2.873351219623759789e+01,2.953669664580189647e+01,2.850798612022123280e+01,3.022250681751967250e+01,2.879560586295451685e+01
2.796641310072897113e+01,2.953687140569519443e+01,2.916474583218001726e+01,2.819009144239441866e+01,2.890906515169439217e+01,2.992684183941486253e+01,2.897913313646381539e+01,2.855352704694558952e+01,2.905573481051715135e+01,2.916117997577561027e+01,2.945798270567229338e+01,2.871513900513843964e+01,2.966413142806675296e+01,2.926219771386234925e+01,2.896899136003128206e+01,2.890109416001405407e+01,2.915191627163147814e+01,2.959500551247737121e+01,2.913730466590186552e+01,2.873812781364824787e+01,2.853220754963143690e+01,2.918788751369572765e+01,2.949748708244192130e+01,2.834849717953113668e+01
2.906684411486378394e+01,2.931213631981535173e+01,2.822550489947144570e+01,2.848994810533281452e+01,2.862858068476640483e+01,2.811372350169796164e+01,2.836590672731244922e+01,2.787249987824787922e+01,2.876014516366046792e+01,2.829875301718931269e+01,2.931306700809119548e+01,2.779616190922132546e+01,2.821608182913860219e+01,2.906249733388193590e+01,2.920175453273594712e+01,2.841962068936175001e+01,2.902832276000231104e+01,2.807604356894984221e+01,2.865309749083888846e+01,2.902498130327626313e+01,2.876153796918879380e+01,2.878553995929911480e+01,2.865565725312092127e+01,2.815768868282782478e+01
2.907261339114421617e+01,2.935404899625194730e+01,2.881202782500650983e+01,2.912079031363856529e+01,2.766091402793722409e+01,2.863198494125975913e+01,2.806504199116290010e+01,2.868409892718221954e+01,2.859129951819204507e+01,2.884791606940348174e+01,2.542364103390076480e+01,2.480940522573712315e+01,2.391813363720564212e+01,2.571505024797198757e+01,2.603068568416460948e+01,2.728145614800791918e+01,2.900560491671581076e+01,2.855626254931416952e+01,2.899834425123043502e+01,2.855398098935808093e+01,2.979138625522085704e+01,2.863689334592061186e+01,2.902527202897914549e+01,2.898961839818315411e+01
2.814019953501110649e+01,2.821884028660838339e+01,2.846925971803739230e+01,2.821459436612809668e+01,2.970983787088920280e+01,2.851604156547796265e+01,2.836734908456105586e+01,2.860180962485526379e+01,2.897535590441930253e+01,2.802100511758186485e+01,2.496435776032211606e+01,2.488707672663457515e+01,2.522884198791047083e+01,2.463882513085070514e+01,2.520121054568534191e+01,2.711222098675062853e+01,2.940586404220022132e+01,2.926652555411959611e+01,2.935076846637474546e+01,2.855762976961102595e+01,2.986500624324111186e+01,2.942491011865274686e+01,2.925636832529403364e+01,2.956637675812936550e+01
2.919991183167888948e+01,2.931632391966417117e+01,2.856302110764312374e+01,2.849831058120048510e+01,2.847760197153320405e+01,2.879562552625202443e+01,2.811325918004268942e+01,2.891592899973522890e+01,2.816478435710740769e+01,2.727108836764921307e+01,2.431208481483412243e+01,2.563906528214158698e+01,2.391807673239225096e+01,2.467930976578281843e+01,2.518608281266972426e+01,2.611448601787526513e+01,2.909739741624548515e+01,2.836889866544498773e+01,2.904250742132717278e+01,2.814969536143075857e+01,2.829289384786011396e+01,2.976843743620622718e+01,2.840750181069455493e+01,2.768613199113417522e+01
2.807212545242271062e+01,2.830734877266104377e+01,2.811194093212338885e+01,2.867461846519364599e+01,2.750050133884184334e+01,2.770178423589220529e+01,2.828359015404697629e+01,2.800698425810935532e+01,2.723691686155825664e+01,2.743879422615015073e+01,2.503785705797315586e+01,2.424453154070437222e+01,2.509745510790520484e+01,2.533688128698599940e+01,2.502183518962829112e+01,2.723763589940830343e+01,2.911445759945490863e+01,2.863888140684707651e+01,2.960450379084875294e+01,2.930263637210714478e+01,2.920573448226207347e+01,2.871503458302464651e+01,2.985003397028282279e+01,2.886061649834806531e+01
2.916092803855661941e+01,2.886319046230408958e+01,2.761845305644106929e+01,2.845770061388378736e+01,2.870489513998762732e+01,2.791429652829270935e+01,2.841401200847019481e+01,2.817455656579954848e+01,2.784728232707016105e+01,2.843738939318950543e+01,2.392917699715434310e+01,2.467128594530868213e+01,2.443775417325019816e+01,2.418273501788627300e+01,2.429055812025785599e+01,2.718394677584950614e+01,2.921931944192994024e+01,2.915309721544474542e+01,2.919103078118746453e+01,2.875244369881465900e+01,2.813411278449103747e+01,2.908028395009506539e+01,2.766909275694382586e+01,2.834205794114058108e+01
2.921008900961771815e+01,2.848682668267582585e+01,2.861472970414956762e+01,2.774460082640376868e+01,2.891640452859519428e+01,2.773626965589517113e+01,2.746690609346785550e+01,2.737526576531399769e+01,2.742651384010895299e+01,2.697105434677058611e+01,2.464783925266499409e+01,2.474266961118161134e+01,2.523594385898536530e+01,2.510418832804157319e+01,2.526398426234510453e+01,2.664835950804001641e+01,2.876797969524574228e+01,2.883221992669962219e+01,2.943282768643791769e+01,2.813420862178605830e+01,2.835434335987309851e+01,2.859684973075911785e+01,2.875720028206058032e+01,2.887786879000645968e+01
2.810239391334289394e+01,2.953586974672839460e+01,2.949573675735246070e+01,2.780214628591801329e+01,2.808644119061443689e+01,2.765214227585664730e+01,2.766827692755526868e+01,2.840865484763963877e+01,2.739318144240564834e+01,2.733646380861682701e+01,2.441850771976186252e+01,2.572193421208629616e+01,2.653241159610746536e+01,2.617953954587954968e+01,2.541612442744457212e+01,2.697849543352594992e+01,2.857871938838462711e+01,2.835149499869436340e+01,2.807513934337606543e+01,2.900415663675465794e+01,2.819734503116319502e+01,2.793447352004915274e+01,2.844004228792920230e+01,2.877335526930517062e+01
2.854050962544744152e+01,2.913046369248667133e+01,2.897815386562785989e+01,2.844468433123205386e+01,2.808157734345911649e+01,2.827200307751024866e+01,2.754487262473776354e+01,2.730138664140361016e+01,2.766011778298366153e+01,2.671567641670748117e+01,2.366197453200851442e+01,2.589243964726114200e+01,2.707152782445172079e+01,2.631412445672816602e+01,2.414027230474516728e+01,2.759594788189480141e+01,2.849666377017723562e+01,2.817535918718982657e+01,2.941874529297871277e+01,2.848134340992157831e+01,2.838711770436322013e+01,2.856939658788996894e+01,2.983345434415042519e+01,2.783228451524348657e+01
2.762261960710191033e+01,2.849004110186609751e+01,2.927211829074195748e+01,2.861016197914125314e+01,2.833428295795982876e+01,2.791429652829270935e+01,2.793703255946314812e+01,2.835682930534250090e+01,2.748790470124123431e+01,2.706458333018184703e+01,2.373607819155995458e+01,2.419612495683259112e+01,2.417952944929203341e+01,2.424385471755800836e+01,2.413994401246083044e+01,2.737604104917380710e+01,2.904083083239498819e+01,2.809534898285397730e+01,2.873927322311379839e+01,2.876877773584345732e+01,2.741587708059881834e+01,2.907615442898816127e+01,2.946695769031248346e+01,2.835114819299565170e+01
2.938737628017548786e+01,2.811954800732053172e+01,2.919372107933855887e+01,2.759283870610573786e+01,2.833142650071386015e+01,2.909946502632573129e+01,2.899036934656271569e+01,2.786643940701412703e+01,2.773762364065106567e+01,2.558486807483200209e+01,2.524872696819750217e+01,2.411503578197846309e+01,2.404436922004805410e+01,2.374151815952404831e+01,2.616230361462100973e+01,2.966411822316752023e+01,3.186355126500444612e+01,3.028633783834334281e+01,2.821288171774506282e+01,2.827528020254715102e+01,2.920365627302265921e+01,2.926714893080992397e+01,2.855220244382149986e+01,2.867197908758555513e+01
2.840287187722623230e+01,2.738934949469296498e+01,2.767344917809396065e+01,2.797444559599335889e+01,2.886104777394803023e+01,2.756841671882176570e+01,2.805846825130578281e+01,2.798934958770757930e+01,2.736397906165558425e+01,2.597584595023471365e+01,2.415037522350843346e+01,2.562741062551458526e+01,2.561903089241224052e+01,2.573746997714192730e+01,2.973021061564060119e+01,3.329171072518107621e+01,3.436904889249473172e+01,3.446454002660743754e+01,2.889174603867093083e+01,2.866312629238592535e+01,2.846937129833287372e+01,2.907763843529318137e+01,2.891724609055546580e+01,2.868204558341466281e+01
2.843485370158805381e+01,2.770378955014217581e+01,2.917224670214187654e+01,2.737776998899136061e+01,2.820224797265916550e+01,2.825343353274399760e+01,2.746799244391309003e+01,2.766249162843308795e+01,2.716613408949348241e+01,2.546820135140734465e+01,2.556753009807283661e+01,2.495112024461525380e+01,2.539144523214520177e+01,2.644477580206853418e+01,3.234761759373594714e+01,3.186901324441873840e+01,3.408714386587746503e+01,3.346265857693623502e+01,2.957617681008537147e+01,2.992285855488819379e+01,2.919987641321461069e+01,2.853138527850927630e+01,2.910242698571028086e+01,2.974445243245901338e+01
2.865949417862913151e+01,2.899733623350846301e+01,2.826122947086162185e+01,2.912079031363856529e+01,2.787743858843617772e+01,2.813775115420747852e+01,2.741172525101706015e+01,2.908736915543613577e+01,2.785994340496489485e+01,2.564367619156263345e+01,2.600913848148826446e+01,2.609617542921881750e+01,2.627837244935005856e+01,2.720777502806458870e+01,3.279692400718744238e+01,3.433301741438845056e+01,3.414009193238024409e+01,3.390861918928294472e+01,3.116728980008798544e+01,2.972419008062973944e+01,2.978085051295153107e+01,3.094421368346417012e+01,2.956544126010635409e+01,2.916958633213545227e+01
2.848952525110178158e+01,2.794545962653597826e+01,2.846463110980869260e+01,2.873135919352370138e+01,2.915178322600189631e+01,2.756711106214737583e+01,2.926064576506360027e+01,2.768700086856080134e+01,2.779129525809662482e+01,2.556038737836774999e+01,2.500293019716485787e+01,2.593765321752027830e+01,2.688782400662546479e+01,2.905431813377862227e+01,3.318630131466289868e+01,3.526117724312842938e+01,3.535678764634479876e+01,3.339646224638835292e+01,3.156342123021079260e+01,3.076756723537243943e+01,3.016602717627120001e+01,3.058739298938883167e+01,2.921921178018743603e+01,3.006179790813183672e+01
2.863143763490234051e+01,2.754908239208270970e+01,2.841272777828305607e+01,2.831657355781783281e+01,2.968046706200919971e+01,2.851564347276917033e+01,2.828889025879647079e+01,2.854249070772107189e+01,2.800458693478640271e+01,2.576631702583642891e+01,2.700338012141196486e+01,2.985198525355031052e+01,3.200299764190765472e+01,3.274760030638208264e+01,3.349123056457841585e+01,3.289038613764699903e+01,3.399780735177165525e+01,3.392256747598162292e+01,3.356782679570187611e+01,3.228913434394729620e+01,3.014484751051713829e+01,3.008458602607396415e+01,2.909773381296639627e+01,2.943720016676132900e+01
2.862399431143091988e+01,2.783310488350582546e+01,2.763918235403332346e+01,2.750253079087673314e+01,2.784868575015912029e+01,2.754045022291882105e+01,2.836526466360049881e+01,2.783036376663818601e+01,2.745650676577963623e+01,2.589311068994845755e+01,2.985027061724139230e+01,3.222806323571586518e+01,3.237821642886274276e+01,3.257034942875606021e+01,3.257362640959979672e+01,3.223440736212040747e+01,3.291394603201121072e+01,3.375028510914074786e+01,3.363607540622325587e+01,3.347251762355585925e+01,3.123723461563554338e+01,2.999358287411405399e+01,2.990487734961737942e+01,2.868931790718022512e+01
2.909344100885192574e+01,2.897451818300010018e+01,2.924697392268006979e+01,2.932919038469077577e+01,2.819834143017010319e+01,2.828629040684000984e+01,2.791716032081347976e+01,2.800293813660323394e+01,2.983767805705565479e+01,3.044500952813069716e+01,3.219502950438322841e+01,3.258314621065073879e+01,3.166739207423944436e+01,3.136947852126445468e+01,3.274463957002274128e+01,3.211371531861806261e+01,3.256638067277469872e+01,3.262232728632716316e+01,3.315097907715011161e+01,3.433847816512280815e+01,3.137848348778641139e+01,3.108324116028029493e+01,2.981045067732253528e+01,2.942008695645506577e+01
2.973863328582973509e+01,2.870823744981044001e+01,2.882909626562019412e+01,2.744457934413128442e+01,2.823272420216397904e+01,2.906529782027638475e+01,2.930242186563503992e+01,2.895293169996693905e+01,3.010080081152722187e+01,3.173222904729675520e+01,3.298056646203286846e+01,3.283083230717272727e+01,3.261976765228638442e+01,3.177767052922337143e+01,3.244783499113179914e+01,3.266753619218769700e+01,3.246227670621954076e+01,3.198688141370013227e+01,3.341237665994572126e+01,3.292840230692598880e+01,3.120824278445348909e+01,3.128049264672176832e+01,3.060113898840353386e+01,2.991477340438927968e+01
2.894486033385595647e+01,3.091618127381678960e+01,3.086283504873904349e+01,3.137322010390153082e+01,3.189157864845697077e+01,3.232255599641877097e+01,3.171514585010703513e+01,3.099451991434693809e+01,3.152229047230690639e+01,3.120699151214915901e+01,3.294663156761180289e+01,3.302627396947150373e+01,3.296400898382216837e+01,3.319460345188292649e+01,3.315737251156662069e+01,3.288022355442302569e+01,3.318010633479764238e+01,3.162478375330960034e+01,3.118551254019126873e+01,3.030940510680142097e+01,3.020173334778377239e+01,3.028389601514857077e+01,2.992312599740904488e+01,2.864072680788126490e+01
3.256618146776094136e+01,3.022991257011420885e+01,3.243833930970305346e+01,3.242830371655793442e+01,3.176535524644469888e+01,3.096607647795030971e+01,3.213848722768824473e+01,3.138153524332443567e+01,3.061341400737012464e+01,3.138781377515937265e+01,3.158943648956528705e+01,3.231241842586945268e+01,3.340221301631896722e+01,3.374146552908086960e+01,3.251266979049887595e+01,3.213964909605283538e+01,3.178639392460809177e+01,3.178542691428089029e+01,2.987534274873343065e+01,3.084756828028309883e+01,2.982788632596782463e+01,3.003033698352118108e+01,2.934761392699425642e+01,2.897804823675312491e+01
3.327830022478769934e+01,3.328758952507803315e+01,3.243229185328533504e+01,3.382227010610210982e+01,3.325036093463666020e+01,3.201853143183785733e+01,3.274459731361667991e+01,3.343227762920298574e+01,3.375075883634735874e+01,3.339341587889930452e+01,3.442433977835361247e+01,3.431731282552880202e+01,3.366769741206843491e+01,3.429948131917518594e+01,3.391067196900695535e+01,3.358960837708900726e+01,3.336130051198819046e+01,3.142297761657709998e+01,3.074231932712814341e+01,3.061399996625993936e+01,2.986356432801454730e+01,3.058967018073479949e+01,3.202819994392882563e+01,2.968951400407621577e+01
3.295119809621701279e+01,3.412889255719341008e+01,3.277072600316643047e+01,3.300122374789719970e+01,3.384543935944384430e+01,3.227120909828272488e+01,3.477648992292114372e+01,3.347844032906380107e+01,3.405837212172519912e+01,3.407476446298926476e+01,3.481129069088950700e+01,3.439374231104198998e+01,3.434997573467893517e+01,3.439347653805219807e+01,3.421380376072585250e+01,3.444114729867891356e+01,3.282822922034574731e+01,3.329674894552698561e+01,3.083750353054330162e+01,3.107335584137393880e+01,3.010725954163928009e+01,3.040986956549284059e+01,3.056220769275915927e+01,3.089039614911723675e+01
