2.384214343493630395e+01,2.477899464852703204e+01,2.262362540162888536e+01,2.427140236969165699e+01,2.229261642117808151e+01,2.385629722844890921e+01,2.348047604995093707e+01,2.439232960696278951e+01,2.448861224866982411e+01,2.353366048068801319e+01,2.364667806388365534e+01,2.497217922204958995e+01,2.369711600803407237e+01,2.504002484680052021e+01,2.376008679404225177e+01,2.458101938110803530e+01,2.361347948081220238e+01,2.495042514340627804e+01,2.521482230974476124e+01,2.604090814662049524e+01,2.569142832600704196e+01,2.658616980471970237e+01,2.391997056629219287e+01,2.640047176002030938e+01
2.355227237493375014e+01,2.429196411106534015e+01,2.444168307077416102e+01,2.275665532517768952e+01,2.376001161168443332e+01,2.481870560504137302e+01,2.372184611462830617e+01,2.358191544602954082e+01,2.409007801084078437e+01,2.487518558161468718e+01,2.439633487037991699e+01,2.317159471572404073e+01,2.350178440098210331e+01,2.370787783223715905e+01,2.426923859791952509e+01,2.346510533810049992e+01,2.414130255844924022e+01,2.395034700715677900e+01,2.272156951294920191e+01,2.319378154595455044e+01,2.538188725459212947e+01,2.451797024881977904e+01,2.538904135610022195e+01,2.505066865557591882e+01
2.339646832396124410e+01,2.418457267863726656e+01,2.361576619586531933e+01,2.530816916866660904e+01,2.344318347559465110e+01,2.504104243632906446e+01,2.337971119276306808e+01,2.406849606241866013e+01,2.446266920662117172e+01,2.527627449032081586e+01,2.344708198950996803e+01,2.402087212821783169e+01,2.353220503003711883e+01,2.429828749472488880e+01,2.277024326499400786e+01,2.435314468796229903e+01,2.337077986581005007e+01,2.390936825264583376e+01,2.267781884236478618e+01,2.384222356463527603e+01,2.340436498835560997e+01,2.464611171394233224e+01,2.370178368640586086e+01,2.626754810762787429e+01
2.468988729391980996e+01,2.336147741510404785e+01,2.489299054437464065e+01,2.435252007958712284e+01,2.564979312593419536e+01,2.416663409724446865e+01,2.677351292890455170e+01,2.473553113139678317e+01,2.510339865845821805e+01,2.394708057262158718e+01,2.446348575862538155e+01,2.431000814465784288e+01,2.441896370906374614e+01,2.389751786563704172e+01,2.452519732044225975e+01,2.354832733608668605e+01,2.385813872037033434e+01,2.497584513922186034e+01,2.408186859080086606e+01,2.393237447570749055e+01,2.408011223979536908e+01,2.456025637715566745e+01,2.508673519136351615e+01,2.545464053448137065e+01
2.435805085380809487e+01,2.511538291248905352e+01,2.486655512797386791e+01,2.490543528134082862e+01,2.600891140930389156e+01,2.495433372175057229e+01,2.521929310275010039e+01,2.500237089929953527e+01,2.382280560734460551e+01,2.479264903472090964e+01,2.441830079091397465e+01,2.458836660565617649e+01,2.471539130805729201e+01,2.450408621866563408e+01,2.402654181180207615e+01,2.420990366142689254e+01,2.466200763446744304e+01,2.558585806633516313e+01,2.292060687274124575e+01,2.405190950037217590e+01,2.447597500893522238e+01,2.503214372038206648e+01,2.376746994971597360e+01,2.570455051094461396e+01
2.383405062613894643e+01,2.347980240253519923e+01,2.411796803563436242e+01,2.446003137917364256e+01,2.457573986923728171e+01,2.423930917616939951e+01,2.492028576210697111e+01,2.663849289801839859e+01,2.499077254533818859e+01,2.449383531046157714e+01,2.449096378254046158e+01,2.490291356389246857e+01,2.485310339393834056e+01,2.491965859008598727e+01,2.449559931784017408e+01,2.395055397926813612e+01,2.480420216756107266e+01,2.427182079741049847e+01,2.467463281952620946e+01,2.492507520842815438e+01,2.434535784883399856e+01,2.350222406066575331e+01,2.467824931393192855e+01,2.349243842926176740e+01
2.464274915373664498e+01,2.440272727934336672e+01,2.510048757418877585e+01,2.530472173439875405e+01,2.438280792460324164e+01,2.518624251710684803e+01,2.593073549376077835e+01,2.591645769646572717e+01,2.479381509003269457e+01,2.605006854581296238e+01,2.438435600280797644e+01,2.504949928882564336e+01,2.386198912256293170e+01,2.601645774666320676e+01,2.506012486252006966e+01,2.513163637653946125e+01,2.434793863347937304e+01,2.575167600221180919e+01,2.428070121590940289e+01,2.490682646420759738e+01,2.487830486052376955e+01,2.480204426286582020e+01,2.489823295471472875e+01,2.466078336046200548e+01
2.490943637121262100e+01,2.483793187188814500e+01,2.499392929533325969e+01,2.469770758852939707e+01,2.480969235295219733e+01,2.557764348275645716e+01,2.582931550735423798e+01,2.440509059464807251e+01,2.601859088474145665e+01,2.554033019100614865e+01,2.653163015666564206e+01,2.512117801987142229e+01,2.505057464317604854e+01,2.565651732408252883e+01,2.690068696024206929e+01,2.532384239524907343e+01,2.577613004676015862e+01,2.451320851607675877e+01,2.492994208088975938e+01,2.515198088164288492e+01,2.610552966573959566e+01,2.482792431671742861e+01,2.602159679214327070e+01,2.532810450404065250e+01
2.577297866752093114e+01,2.537233364031851579e+01,2.375412208060083685e+01,2.426078625477816786e+01,2.527322555947978344e+01,2.526209832839185765e+01,2.562958650724459631e+01,2.542401408397665818e+01,2.490833528262163554e+01,2.542505053785612290e+01,2.402606272958047384e+01,2.505857174289224076e+01,2.553305651330356341e+01,2.582951069083526363e+01,2.563739132693041256e+01,2.523808422650421335e+01,2.549141487992216071e+01,2.526672139230294079e+01,2.452172636792295179e+01,2.555271693696414559e+01,2.557708808812452617e+01,2.607380545559863094e+01,2.543155569788308412e+01,2.619634322634652790e+01
2.458318703676462746e+01,2.409839966947350831e+01,2.441104473567821742e+01,2.454603853774494837e+01,2.411719987417643551e+01,2.493550084436202496e+01,2.545239516407514202e+01,2.533040808322363091e+01,2.643872536191599920e+01,2.509255577247853353e+01,2.529182388258954006e+01,2.566717112415386737e+01,2.598581628015153910e+01,2.446790304842721753e+01,2.475096165288039174e+01,2.514617034389306127e+01,2.506534100918025842e+01,2.529196461700331611e+01,2.651869286440700080e+01,2.565288315243014949e+01,2.584331698891321594e+01,2.566053803936569011e+01,2.560098392101707532e+01,2.486959351146612107e+01
2.386118054487309337e+01,2.509385494397912453e+01,2.465596726749396339e+01,2.584298319080295414e+01,2.459465361701143138e+01,2.546434739700742966e+01,2.451032939576975878e+01,2.537840019954285253e+01,2.453979536011428308e+01,2.501508549829947015e+01,2.502075439752201191e+01,2.563449971428968865e+01,2.455565545824504170e+01,2.516455475162365474e+01,2.529720211426189280e+01,2.573017438822915892e+01,2.501483858098424662e+01,2.577971344166644485e+01,2.550831180581741364e+01,2.540570333811808723e+01,2.564988837874813044e+01,2.501034672634528988e+01,2.507117373622685363e+01,2.635721710697202980e+01
2.377648144477984715e+01,2.395612145984159724e+01,2.494218822524646839e+01,2.531297211397497904e+01,2.656541944229093133e+01,2.573316881162958225e+01,2.564872485700402649e+01,2.519079793997889283e+01,2.548684885303327974e+01,2.522175657954096550e+01,2.509510740468124368e+01,2.483178752903614850e+01,2.552871971608556123e+01,2.526261016201453913e+01,2.430114289324518495e+01,2.486132953562292869e+01,2.584224299616806775e+01,2.482681584100862437e+01,2.638047647146817098e+01,2.572230287919506964e+01,2.654115361191190914e+01,2.500142464959202471e+01,2.611184742834160488e+01,2.623500291533088102e+01
2.386850883995367667e+01,2.450559640482174473e+01,2.458594860099657353e+01,2.496702264408747851e+01,2.481971614246566560e+01,2.485722270789381128e+01,2.408548748882515156e+01,2.497392608839976447e+01,2.452877284784193535e+01,2.468410975829664267e+01,2.528508744402580533e+01,2.441252600135067041e+01,2.519594673007378560e+01,2.497557833874839162e+01,2.497023606486294511e+01,2.542050542712905781e+01,2.456235070464600767e+01,2.434530125279565027e+01,2.510332366675481808e+01,2.574538727054050469e+01,2.562193568855389003e+01,2.536730333718361408e+01,2.513192559479614374e+01,2.622102345232235621e+01
2.644335888454236283e+01,2.475094650067893554e+01,2.455200984762905136e+01,2.349524805087906998e+01,2.475846917465571551e+01,2.498117136477605982e+01,2.421453569051652721e+01,2.414242568027970037e+01,2.534087394821978023e+01,2.436952346286466309e+01,2.465384267190984247e+01,2.504270623816279340e+01,2.522633170843539574e+01,2.446682660787962504e+01,2.565045068832426978e+01,2.421937295405530222e+01,2.559013002658252844e+01,2.474739378191532069e+01,2.523625771773538418e+01,2.525142607972736641e+01,2.518453563166980302e+01,2.536207185600596858e+01,2.573211025071964286e+01,2.468295106229595604e+01
2.395232059010101011e+01,2.494167388567313992e+01,2.436710047484871211e+01,2.379432152184034521e+01,2.380269895659318991e+01,2.486344645698562772e+01,2.364286458415097059e+01,2.520861354363626106e+01,2.492477895058635795e+01,2.471550809874906918e+01,2.387522907954519269e+01,2.530912454049411053e+01,2.506079351548942213e+01,2.448619120305301067e+01,2.440744623867510654e+01,2.565944994028200199e+01,2.447151831830058200e+01,2.578488427602229649e+01,2.418839941432446494e+01,2.513546070684566303e+01,2.419569376632375679e+01,2.678474939632434371e+01,2.488710901189784863e+01,2.540853306660778799e+01
2.521641735065963985e+01,2.473102345443248851e+01,2.446554144329383007e+01,2.473446754191621721e+01,2.515569471580226946e+01,2.432528972984505344e+01,2.500524305262149483e+01,2.440786826673104315e+01,2.553636560583885284e+01,2.405877888001265319e+01,2.511461701550655334e+01,2.469169170023121751e+01,2.553308179339569506e+01,2.455596184085072764e+01,2.473283056067697316e+01,2.496253324873856627e+01,2.542364582446305121e+01,2.515566656848119464e+01,2.589372944055298831e+01,2.470811877370141474e+01,2.537067313330931029e+01,2.525502547963640154e+01,2.491265147498370425e+01,2.539217992649838607e+01
2.415454182777892811e+01,2.477840316468507353e+01,2.444322545777396272e+01,2.426213749150468857e+01,2.453983326711983182e+01,2.554059505908338679e+01,2.402202604405334796e+01,2.534279539900592226e+01,2.431053120861605521e+01,2.513447707628279204e+01,2.402485504035769281e+01,2.468377426781648865e+01,2.450785202871361435e+01,2.467742536060040948e+01,2.454346263987724797e+01,2.498981831234976880e+01,2.450598655655346647e+01,2.547641307376733266e+01,2.551313992722032253e+01,2.529706479892354309e+01,2.556921938738275912e+01,2.460985609766112248e+01,2.449608763791371757e+01,2.540145326504017476e+01
2.463387856252620622e+01,2.454461571924025520e+01,2.501202831552467387e+01,2.392138866991479063e+01,2.467443758264323606e+01,2.435940594682966776e+01,2.428245100063656992e+01,2.507277861790959150e+01,2.512957535970059553e+01,2.400627416622268129e+01,2.497106492573817604e+01,2.400627416622268129e+01,2.474812106474018947e+01,2.313701324272466309e+01,2.493454885821228117e+01,2.394803126285160033e+01,2.515648077400453531e+01,2.361734187840323784e+01,2.606005161810253412e+01,2.370941268322343376e+01,2.577017999552117544e+01,2.488143732188160584e+01,2.485165752684343943e+01,2.474182636427866555e+01
2.357032800565218622e+01,2.495710057568243201e+01,2.509593666674589940e+01,2.504464355946811338e+01,2.305616299356012178e+01,2.468394338285759204e+01,2.422353989175837796e+01,2.488683186582966300e+01,2.521222685084967452e+01,2.532876482873467694e+01,2.367746183867456011e+01,2.484525737366305975e+01,2.429624955986849955e+01,2.554425267582502102e+01,2.391834046131367586e+01,2.469761136727368012e+01,2.425537595956251380e+01,2.449151384606636839e+01,2.478895864341933475e+01,2.586251972364118501e+01,2.471543227393385678e+01,2.571982227496795304e+01,2.564294826615252987e+01,2.561323223611015010e+01
2.434812505373344038e+01,2.471418455013593984e+01,2.504994293486737433e+01,2.494624420837487833e+01,2.538758197627487334e+01,2.438759327249232456e+01,2.374991105841348826e+01,2.472092488470639182e+01,2.498103737363845767e+01,2.399054440506711217e+01,2.520624760836795986e+01,2.423090275394883975e+01,2.554485540197941873e+01,2.437203642437015105e+01,2.512075928149300807e+01,2.415784881357984659e+01,2.499393835203591152e+01,2.434288213683657887e+01,2.560380977882505249e+01,2.372779342829710458e+01,2.464585791700574191e+01,2.575005842480379670e+01,2.614035892643897796e+01,2.421601862990115706e+01
2.414993495895208753e+01,2.498872464547554273e+01,2.385329433746221639e+01,2.366550096873407938e+01,2.431187661065388284e+01,2.503187575928103570e+01,2.448040378811464279e+01,2.427461618727403447e+01,2.355619889308792381e+01,2.389947379012534157e+01,2.443925715275520361e+01,2.456895525786973167e+01,2.540121209712782502e+01,2.351833920401747946e+01,2.474518550829617425e+01,2.452287718635011515e+01,2.481585468601417688e+01,2.478093709889861884e+01,2.479942355781753349e+01,2.560533063032784185e+01,2.649409035913885191e+01,2.590189480511082820e+01,2.542340725754166897e+01,2.537848216832395565e+01
2.437238931698101396e+01,2.368294022203292570e+01,2.444458247242687321e+01,2.301867137856862655e+01,2.473261570503700568e+01,2.462795600347948266e+01,2.354933213745238163e+01,2.465379587750635437e+01,2.539249470612480764e+01,2.418955029968230974e+01,2.501709890758132815e+01,2.455717762342897004e+01,2.500857681102286278e+01,2.452263794031506450e+01,2.556356328567119363e+01,2.385779057291057370e+01,2.389289691264531257e+01,2.492936999528387787e+01,2.614613218842913511e+01,2.492453416563068913e+01,2.725432225403670827e+01,2.550005363462656760e+01,2.541137770094854886e+01,2.587225083378808677e+01
2.528524054173459490e+01,2.471354852995079909e+01,2.410293461695539463e+01,2.311526196652516774e+01,2.389254723474476805e+01,2.422346798885496355e+01,2.461198469505126241e+01,2.473744998096321979e+01,2.423686135287437082e+01,2.470704098919924263e+01,2.453792014936493615e+01,2.553184832073361576e+01,2.413677448001766379e+01,2.476497208877418643e+01,2.395363309390211271e+01,2.443431451464846305e+01,2.381314364403652917e+01,2.518375503172228491e+01,2.479977300615070135e+01,2.527400439973456514e+01,2.633878688566170467e+01,2.737202930730182970e+01,2.600712591547346619e+01,2.673863392463289301e+01
2.396458319407554427e+01,2.434533566739014532e+01,2.486469242930382961e+01,2.420667506366976340e+01,2.479637223901949028e+01,2.395001474188285329e+01,2.468561026662871427e+01,2.436939188759777153e+01,2.493654090923917011e+01,2.461871213836013794e+01,2.531409758767932772e+01,2.412056502230740307e+01,2.488981545597982858e+01,2.482805902025893374e+01,2.452880220599263339e+01,2.456456349564359698e+01,2.527464814566405948e+01,2.493226750966448435e+01,2.558085047767059450e+01,2.511147503426207095e+01,2.634705141464741018e+01,2.602814255999078341e+01,2.731481981628809308e+01,2.834260851384999569e+01
2.389995211376327688e+01,2.541692961138306828e+01,2.332142485306565050e+01,2.433382848903659124e+01,2.289378135403859460e+01,2.459521033682165125e+01,2.454317435347712717e+01,2.429468488651167490e+01,2.360250039189457993e+01,2.463248966478721513e+01,2.480251756884229053e+01,2.473121740144773639e+01,2.405143894161597018e+01,2.612366839966267662e+01,2.388268017811401478e+01,2.434667914359044971e+01,2.405981321094776604e+01,2.367727889194168256e+01,2.495132461026787496e+01,2.593439714182090938e+01,2.649436273111547280e+01,2.825231111435078901e+01,2.941114087569985713e+01,3.089692567185454664e+01
2.399637370767379707e+01,2.413609592350803723e+01,2.472960965424846336e+01,2.402738392485713348e+01,2.494099852051908783e+01,2.368933144802207380e+01,2.557583073180649080e+01,2.428762176913659232e+01,2.540465496703461667e+01,2.491758443198312989e+01,2.468749598659269395e+01,2.451719150034972472e+01,2.444147176935069865e+01,2.465327088104595532e+01,2.511353925931672393e+01,2.493226750966448435e+01,2.456658801637871647e+01,2.527905044381321886e+01,2.494152860944774375e+01,2.639753544552706899e+01,2.848719216182519176e+01,2.829464906290735371e+01,2.891777791484400950e+01,2.975486443735348985e+01
2.470013417153336377e+01,2.604344277760714021e+01,2.430431148105850525e+01,2.449570066148135083e+01,2.370157421227480654e+01,2.567703283403744763e+01,2.395365435366409201e+01,2.604424513608762481e+01,2.428729419472756490e+01,2.478949074731502833e+01,2.415053594208416143e+01,2.536363035621405970e+01,2.477460499967656915e+01,2.448828710941313602e+01,2.369557764646748410e+01,2.565098494182262812e+01,2.528408984594750564e+01,2.627496122828802072e+01,2.923485377187068934e+01,3.009884059209190355e+01,2.980439795836485928e+01,2.970087545383995575e+01,3.032883668086850548e+01,3.094786029084525580e+01
2.476906640458696529e+01,2.403980869884520644e+01,2.357514068643769178e+01,2.458995465911112888e+01,2.513725386221835834e+01,2.462768953527938720e+01,2.497759994409051387e+01,2.465641224170514079e+01,2.498006659549218966e+01,2.463672697982445925e+01,2.488392064345947574e+01,2.479992705896785310e+01,2.568020202120840167e+01,2.387204688656612461e+01,2.493325110238191655e+01,2.460603740549595386e+01,2.621905710358186070e+01,2.757137302317738659e+01,3.059664568680523189e+01,3.083889171705590115e+01,3.077124254472113307e+01,2.966884729477357041e+01,3.154415066776289223e+01,3.105927329467061782e+01
2.424730109476195139e+01,2.477994416246968967e+01,2.367605310371931182e+01,2.459403374469877690e+01,2.337054941699921073e+01,2.420902296346133653e+01,2.481244059744716424e+01,2.579143316429809829e+01,2.450647698090961057e+01,2.562656503540017638e+01,2.444657974755085661e+01,2.518388476598636316e+01,2.609581024949676475e+01,2.694824477529556361e+01,2.880445663914031229e+01,2.815457085355609479e+01,3.002653931567778045e+01,3.066171718373448130e+01,3.055600512216534526e+01,3.158281623373892444e+01,2.873594090865998396e+01,2.962830590990211022e+01,2.690117017526398513e+01,2.752808793491743700e+01
2.558174069602711143e+01,2.422529084220752793e+01,2.524044335521676885e+01,2.355267953879672405e+01,2.554057872369418192e+01,2.522231658205407712e+01,2.447021108300134529e+01,2.457512536581083396e+01,2.553173347474410093e+01,2.462645768220755826e+01,2.562752827533938671e+01,2.464722418998240983e+01,2.609471029383450968e+01,2.668645837473098936e+01,2.740063566987282684e+01,2.891471212354963427e+01,2.909072358143907877e+01,2.831089424312750680e+01,2.766030445328237874e+01,2.684744996465394706e+01,2.855056624958393741e+01,2.770180107284710402e+01,2.779221981430362121e+01,2.653320034452815435e+01
2.398624717902032444e+01,2.478562634549410859e+01,2.535389315161040713e+01,2.433024272370136032e+01,2.430534438904777517e+01,2.525194838880310044e+01,2.491194887283484150e+01,2.511420998624487311e+01,2.468278608764995852e+01,2.569550253973397957e+01,2.489836526934425365e+01,2.648693585534920203e+01,2.602025189639880409e+01,2.510702089193165421e+01,2.509051523745091572e+01,2.539550613764481568e+01,2.628699506548019826e+01,2.766547280262045660e+01,2.707812120446800463e+01,2.844966990013358554e+01,2.645676116526436772e+01,2.809534329545687115e+01,2.640301623059508529e+01,2.798454136906127587e+01
2.568768752571065761e+01,2.500416926034148446e+01,2.588429299544748119e+01,2.410417743696200432e+01,2.508620523400878710e+01,2.472973429659185740e+01,2.674586645147405761e+01,2.414088465590100441e+01,2.670376185247113199e+01,2.462647549862236929e+01,2.592607786347662113e+01,2.573628638953351810e+01,2.710725251234811140e+01,2.570505556712043926e+01,2.702289723835639279e+01,2.646653891239606082e+01,2.722224701045536221e+01,2.645032864415549057e+01,2.643860846589444691e+01,2.710405002503853211e+01,2.734602112718221179e+01,2.694605222541451894e+01,2.694371913222613557e+01,2.630228728959616546e+01
