2.883159088170776840e+01,2.953985468064684028e+01,2.907815157946600948e+01,2.947340060755817603e+01,2.845970190628531782e+01,2.955361501278463265e+01,2.930289240793587169e+01,2.915927530947885771e+01,2.850629828880539662e+01,2.928571324073158166e+01,2.898887123861976534e+01,2.886966866026432399e+01,2.899460293964710900e+01,2.891219955656919183e+01,2.839836217529847318e+01,2.848659692077609407e+01,2.921715018122955598e+01,2.955133377497622860e+01,2.901964427935769208e+01,2.979024850886202103e+01,2.960179631709797832e+01,2.952778119148842961e+01,2.955690166455775625e+01,2.949387469638486436e+01
2.920198861498880660e+01,2.926508404056988866e+01,2.938033139426352136e+01,2.869083849344207238e+01,2.993487838746290208e+01,2.880223496714006615e+01,2.935373743532824165e+01,2.917543134024919027e+01,2.875125311915832071e+01,2.903550157013023636e+01,2.842380639759187488e+01,2.787699956471504947e+01,2.935241962847345576e+01,2.852851289573925442e+01,2.931989519437217950e+01,2.876104837906729017e+01,2.949814863129716969e+01,2.976486474388730130e+01,2.927883495845179596e+01,2.976525219975621894e+01,3.097054939312789656e+01,2.952958302361776077e+01,2.957325893491344004e+01,2.882096883553657563e+01
2.928663444248752512e+01,2.813841825954739306e+01,2.987868014945087225e+01,3.040802850525375334e+01,2.954620016231530144e+01,2.918309681781977361e+01,2.942566604298531274e+01,2.891114231160645431e+01,2.865331024599743159e+01,2.834130681410437091e+01,2.877323772704050953e+01,2.824471756183925208e+01,2.880415705137687610e+01,2.887846883346867344e+01,2.824041205074388472e+01,2.989164474178244291e+01,3.038369009096646778e+01,2.903222531284296792e+01,2.957950447272600059e+01,3.005339629422968528e+01,3.014266746034132893e+01,3.090930091737550356e+01,2.896328875196519448e+01,3.117713323138895021e+01
2.912295077739275939e+01,3.085684200544613986e+01,2.973080325558288450e+01,2.914185490042910942e+01,2.936843876190800984e+01,2.876932325151977921e+01,3.092204558624541733e+01,2.996136045415744320e+01,2.833150186695377215e+01,2.902499315321404083e+01,2.962709984222601634e+01,2.908090406280285833e+01,2.986354660106843539e+01,2.953710415011829582e+01,2.984445023451723955e+01,3.008668769779342256e+01,3.022923826445702389e+01,2.973695670669695801e+01,3.000238219374688242e+01,2.990226833256400596e+01,3.140943400965915089e+01,2.986533171298657408e+01,3.033797874393189886e+01,2.853538857794586647e+01
2.855666489026691579e+01,2.938067864261267914e+01,2.876026903608311613e+01,2.931217811242152038e+01,2.887560324390665301e+01,2.959396210744534983e+01,2.831501399610073122e+01,2.764384262954462201e+01,2.838293531592984209e+01,2.904979584686890348e+01,2.932865278051144742e+01,2.998337107298874571e+01,2.863394806141724303e+01,2.874306578037646887e+01,2.846971217360999162e+01,3.023697246679398631e+01,2.917634943227477606e+01,3.076751232696648231e+01,2.876175184153765940e+01,3.001499711110233193e+01,2.946510195578656521e+01,2.978656824203858378e+01,2.877575265337509336e+01,2.999406451536322038e+01
3.044906035622926765e+01,2.869198835835692307e+01,2.988608006159529396e+01,2.908937899401104232e+01,2.818602359265787527e+01,2.823461693978754283e+01,2.864170761422928990e+01,2.854095452684038037e+01,2.950894852748069752e+01,2.845590894927846648e+01,2.813501724167826978e+01,2.871545369037824003e+01,2.885774516079629848e+01,2.946993644858878270e+01,2.906829902923249165e+01,3.019003842361200896e+01,2.959650178668846365e+01,3.003868053397184212e+01,2.993994886862680005e+01,2.946600934340875710e+01,2.973141158949772489e+01,2.900288169076395661e+01,3.001636126924603332e+01,3.077762850774570325e+01
2.933185952362396165e+01,2.940628164071381434e+01,2.885308957212083669e+01,2.974684181494768609e+01,2.976406219254619145e+01,2.905261538233736474e+01,2.892524460461220315e+01,2.902627275202576129e+01,2.938974872513779246e+01,2.998830140285195966e+01,2.907930220040140057e+01,2.948809180144627362e+01,2.855939431952953100e+01,2.951195637179370124e+01,2.930682300627523773e+01,2.935145912452986749e+01,3.015666488518735378e+01,2.949888775529223039e+01,2.979275143037813223e+01,3.074859717568330097e+01,3.050269846456262712e+01,3.042924270008819576e+01,2.947384413865614761e+01,3.022326457790660470e+01
3.070617705798110819e+01,2.864667293028253425e+01,2.972058575386995471e+01,2.896336660642469951e+01,2.884912532851512879e+01,2.916863133603322922e+01,2.933779591342369031e+01,2.959715926456794932e+01,2.904908139069505069e+01,2.912094923182593220e+01,2.930878928241133963e+01,2.952354344352676208e+01,2.980740709041498349e+01,2.882183054703438074e+01,3.001776478768414336e+01,2.919314733967274833e+01,3.054021412345298359e+01,3.040421168563875653e+01,2.981124030016411552e+01,3.007019782378921491e+01,2.940837173262679016e+01,2.969244085678798228e+01,2.989110735031505328e+01,2.905937185077937102e+01
2.907271527973875891e+01,2.919173007335416514e+01,2.904331581641611137e+01,2.919337356489023705e+01,2.842641494622114351e+01,2.944188384804596126e+01,2.796822711832771802e+01,2.985367048442100213e+01,2.912812818848124152e+01,2.939154975718929563e+01,2.834059811823112796e+01,2.843391099904584962e+01,2.906748242211779143e+01,2.915258680744256026e+01,2.971825941489680645e+01,2.963508441790344250e+01,2.820596778551879424e+01,2.863826839885717845e+01,2.920858175135953161e+01,2.879508056881286393e+01,2.770690826748267455e+01,2.924450144533034290e+01,2.938096556694506489e+01,2.916053842661074214e+01
2.891800671555927238e+01,2.857834130848425502e+01,2.866932845045056411e+01,2.856003907235890438e+01,2.886762778741416469e+01,2.872359357859369311e+01,2.912729427148178729e+01,2.829247180349017299e+01,2.985093968513092477e+01,2.854171011493428978e+01,2.937063555108977653e+01,2.837817227242783247e+01,2.893830120387389115e+01,2.929740762310103719e+01,2.808999087487109136e+01,2.898974850977208462e+01,2.958682889368003543e+01,2.898525813590515554e+01,2.888297602965081978e+01,2.892266560555208343e+01,2.899576971563425332e+01,2.938626173347262238e+01,3.018275703270575150e+01,2.878323659734650164e+01
2.834046798415442936e+01,2.921396943297440885e+01,2.811860058298395870e+01,2.917733976369430593e+01,3.010665793942206392e+01,2.832643541637469298e+01,2.830863676078746494e+01,2.874086856196095141e+01,2.883351297212908548e+01,2.873516211654157360e+01,2.601292108155416827e+01,2.607263119740127877e+01,2.433689642029651168e+01,2.491391237105693790e+01,2.644091283059714215e+01,2.700246157796766511e+01,2.924533226063266511e+01,2.895025400165536666e+01,2.839137102653347711e+01,2.878019905997081196e+01,2.845988786729822095e+01,2.939602960197777293e+01,2.963993098697966388e+01,2.941041545471443897e+01
2.939248301475277003e+01,2.867824795348201405e+01,2.984389596333090822e+01,2.847124363605712460e+01,2.922745813150464755e+01,2.930013973903578517e+01,2.824829621664775914e+01,2.901952144718904947e+01,2.937085806573651325e+01,2.842997378898377292e+01,2.570874735752681772e+01,2.512828028405630221e+01,2.528583352488828950e+01,2.504725995825248219e+01,2.491519119050803965e+01,2.651121954808314740e+01,2.995743908940784195e+01,2.950204102673944817e+01,2.923760589564000156e+01,2.948215700396747252e+01,2.975135903532572001e+01,2.846261840763042983e+01,2.913298032294079576e+01,2.873555707235652790e+01
2.831767420108081978e+01,2.937362430820428472e+01,2.881719190888600224e+01,2.927385167715880243e+01,2.854963386194191344e+01,2.937331265462808005e+01,2.852351230447487751e+01,2.847290287481206406e+01,2.840478458861952049e+01,2.866303833924899891e+01,2.489863671071560702e+01,2.468033468570467903e+01,2.580821276702369005e+01,2.572038781469370861e+01,2.558977052629558102e+01,2.715586521627710681e+01,2.851719339912983742e+01,2.907733097177725767e+01,2.894802264317775098e+01,2.953819885872576378e+01,2.870793781250188204e+01,2.862120488745892999e+01,2.830188508140838621e+01,2.967920343868308919e+01
2.909537087230057750e+01,2.894609591685190253e+01,2.907305859494937295e+01,2.785011029860083909e+01,2.896645375683982593e+01,3.019530282046684988e+01,2.730639607792318202e+01,2.807794206416480165e+01,2.845851515927245146e+01,2.767433332243962241e+01,2.406713160493927717e+01,2.465636171392924325e+01,2.515505482950885607e+01,2.524322455742480997e+01,2.541289604237425692e+01,2.681893448718471973e+01,2.917220308081817848e+01,2.854505829531558447e+01,2.884270663216329922e+01,2.838610240748425895e+01,2.858160113043129513e+01,2.912571530494892613e+01,3.008089277110582316e+01,2.892845534244753480e+01
2.768087846743532054e+01,2.948684174644500899e+01,2.878963466641158675e+01,2.977077725488521764e+01,2.982339817453163278e+01,2.901232562290056194e+01,2.831527875152391971e+01,2.840105523280993793e+01,2.874867148227411917e+01,2.783346870767508108e+01,2.433997556364028014e+01,2.439050064832616727e+01,2.467830011045066385e+01,2.541572276691931620e+01,2.486786508331687173e+01,2.657984869337326472e+01,2.896261744084171141e+01,2.871588659279302647e+01,2.926278659501855373e+01,2.947782466213283215e+01,2.837865247226176280e+01,2.809850011920383395e+01,2.845340089696145469e+01,2.875436934243055020e+01
2.945920417374031786e+01,2.855678395896120492e+01,2.921787634155623437e+01,2.889721806832676521e+01,2.879922717012630073e+01,2.849853998166128122e+01,2.786496836487651763e+01,2.828742539759241481e+01,2.881078282680488201e+01,2.836114283408790016e+01,2.402980507228471652e+01,2.580874471278553983e+01,2.545910388197177099e+01,2.467655200463815390e+01,2.581615057202088792e+01,2.801216411425684782e+01,2.898761115259605958e+01,2.890257325202867378e+01,2.916089629983338227e+01,3.001592503428770442e+01,2.875222895377152099e+01,2.866670275201960294e+01,2.934570268805504156e+01,2.894629639454200287e+01
2.798394582224813121e+01,2.829859049604596066e+01,2.848075143747598759e+01,2.875883276482835527e+01,2.815885992653636549e+01,2.839001953233093900e+01,2.841102921945463322e+01,2.780150894254137484e+01,2.845660447672833016e+01,2.706449031958010210e+01,2.482837014044002899e+01,2.577999641008869958e+01,2.627788180471230817e+01,2.688396076414852587e+01,2.482928598215062266e+01,2.655056450820842429e+01,2.881574926711965645e+01,2.873863721320810782e+01,2.814685693851930637e+01,2.807202680706171805e+01,2.894555209935299445e+01,2.833191993365215922e+01,2.746522073928122154e+01,2.778687640556904626e+01
2.916277490604380773e+01,2.883151820851162483e+01,2.848547765797320608e+01,2.869640751760061903e+01,2.865995308804320985e+01,2.799795645130791399e+01,2.726746185337435691e+01,2.819761618655508073e+01,2.755353564691216661e+01,2.629296966172739758e+01,2.506665311099072824e+01,2.596285531962291770e+01,2.761314108643881582e+01,2.686990578749805536e+01,2.535695727543878775e+01,2.685890412135091765e+01,2.871692065456790033e+01,2.840888323125426496e+01,2.849025998266256465e+01,2.888047030572244012e+01,2.979416407031106928e+01,2.931693940391329534e+01,2.832764413253653402e+01,2.895025364285464775e+01
2.827657260181621268e+01,2.816578905475500960e+01,2.934385544886794150e+01,2.848455040439006325e+01,2.875644278777230056e+01,2.797114433422416369e+01,2.835089986651598792e+01,2.773651610779990051e+01,2.823427288899745236e+01,2.644567012320999311e+01,2.398170117863094220e+01,2.493979326748115000e+01,2.525382014207247039e+01,2.463516737262722245e+01,2.522023420593200171e+01,2.775896577107334906e+01,2.927804660673569970e+01,2.915023515081901451e+01,2.980557894503613170e+01,3.015133599849303891e+01,2.852600460477106026e+01,2.930428919236373986e+01,2.900830533629846286e+01,2.893934377647593692e+01
2.846690154206316947e+01,2.895739435355960723e+01,2.851810200951672414e+01,2.928863151556623734e+01,2.874444257184126172e+01,2.864428511481753503e+01,2.921619310566580907e+01,2.894746582701242232e+01,2.829679254685430578e+01,2.666851762449249463e+01,2.478338470299144092e+01,2.453314431136436724e+01,2.461677908424462657e+01,2.449674600946917735e+01,2.621940228635224912e+01,2.860065371234605891e+01,3.208202948958523848e+01,3.117350502997777539e+01,2.928109595446903768e+01,2.851448150117664682e+01,2.943035807564541528e+01,2.899565715822581069e+01,2.968337122526469329e+01,2.981148545706861341e+01
2.769246679349100759e+01,2.897750997083807079e+01,2.829636281221598892e+01,2.875528544389379704e+01,2.751877490695289907e+01,2.762637282207947464e+01,2.761058936874769643e+01,2.770325547362546104e+01,2.726838542262277088e+01,2.653699223725425327e+01,2.456703082217063638e+01,2.551619986651155614e+01,2.552323264556230242e+01,2.445721450333348912e+01,2.736312390483459467e+01,3.130949243516027991e+01,3.365507546872362354e+01,3.452247289180735379e+01,3.060377982531588259e+01,2.905123079645528605e+01,2.784649448283101947e+01,2.844525325411518679e+01,2.773649584485315245e+01,2.873840662075173213e+01
2.907849013830417562e+01,2.796622274966762234e+01,2.812619724310178526e+01,2.871883025308926563e+01,2.861320574780944526e+01,2.762082529380143114e+01,2.787091795545592277e+01,2.773305237406196966e+01,2.858850032292798460e+01,2.640111881341363187e+01,2.562491390644919420e+01,2.586621093358667167e+01,2.613109245479176934e+01,2.617765148511091411e+01,3.014818442228857975e+01,3.241886568045191552e+01,3.476900013283261615e+01,3.431620539273183113e+01,3.145455963515081521e+01,2.965883772926213169e+01,2.908531361292028805e+01,2.928865103243049361e+01,2.880064685291790738e+01,2.945547753218357911e+01
2.832492129141718351e+01,2.885642321577722669e+01,2.890277899325036515e+01,2.842808494226227367e+01,2.813205477053492132e+01,2.801360548991351607e+01,2.784284767381456049e+01,2.808445561619379305e+01,2.758113400585699537e+01,2.676115343499276378e+01,2.572982899905565546e+01,2.492753901894388946e+01,2.669339645584858545e+01,2.827893241048781192e+01,3.351743233917875386e+01,3.422989440412214890e+01,3.535100803226396238e+01,3.445563932114657746e+01,3.242472160242220980e+01,3.132602288680396896e+01,2.950075493339835475e+01,3.012716100527177332e+01,3.071676756745597459e+01,2.922474565534366775e+01
2.916685723951411546e+01,2.842045155228339581e+01,2.832709155159869852e+01,2.861191990261795581e+01,2.865666168373149958e+01,2.873311692209369994e+01,2.896218180623856142e+01,2.864354267987073399e+01,2.802149372785180503e+01,2.633029840514285524e+01,2.559029664325089470e+01,2.565842746717680711e+01,2.886379405272936083e+01,3.064814792800865462e+01,3.405292674843576606e+01,3.405727525218821938e+01,3.606252290463663712e+01,3.510703962596795691e+01,3.430835387220349730e+01,3.236227002517705387e+01,3.039891681989803374e+01,2.977210496988124078e+01,2.964274279584304850e+01,2.994688663461170108e+01
2.787416526265309358e+01,2.862145883131063329e+01,2.868024366492204535e+01,2.933179837814384427e+01,2.792924561940816375e+01,2.784759277016780743e+01,2.763574857066686263e+01,2.860032247734130806e+01,2.754460678508695537e+01,2.618296230684626380e+01,2.725193789000570632e+01,3.110002433624549667e+01,3.290087885422991576e+01,3.231298752570234001e+01,3.241506916273789329e+01,3.245603491533381657e+01,3.407090725079433469e+01,3.316510724693728207e+01,3.347244653085107302e+01,3.353263647434084760e+01,3.056916953544691751e+01,3.067310627208695450e+01,2.973428135311604592e+01,3.006044026017957549e+01
2.889203784977235046e+01,2.748385427251980673e+01,2.908988383420330592e+01,2.854952675212427948e+01,2.902528420970429579e+01,2.926798462617279029e+01,2.788019818432826469e+01,2.843897393367643645e+01,2.751351371629272080e+01,2.668549054408197208e+01,3.178761582506064087e+01,3.213082219074533441e+01,3.209642943999568843e+01,3.247261198517003322e+01,3.296404411606516760e+01,3.213796499279339969e+01,3.230269403375712045e+01,3.398604099232488807e+01,3.352335451999755378e+01,3.337261912393915964e+01,3.200373989015480447e+01,3.024284021500972131e+01,3.033290008513080238e+01,2.969511100383715529e+01
3.048311499949289782e+01,2.881369174743639405e+01,2.849013902819984878e+01,2.978968797547162239e+01,2.885749639601897343e+01,2.892219816579842018e+01,2.893848335478548961e+01,2.805934229764676502e+01,2.990958447724131020e+01,3.230671434734273362e+01,3.365749891792444259e+01,3.281305611710416770e+01,3.208746136153257567e+01,3.142584419023370401e+01,3.229845609214254409e+01,3.130095500229083427e+01,3.281273334661710805e+01,3.197609335120750984e+01,3.358280782539583242e+01,3.421557450633326880e+01,3.293920781031096112e+01,3.132798865345245076e+01,3.046631537616815422e+01,3.026479038603179106e+01
2.956617536989767814e+01,2.922197084307151727e+01,3.014129142112517457e+01,2.814037366118418504e+01,2.947817845954034510e+01,2.816001172406299702e+01,2.916839951906825945e+01,2.958567122290952511e+01,2.978987951915252097e+01,3.144401230809171466e+01,3.250682073146015227e+01,3.359814471795215240e+01,3.285193511843579017e+01,3.167241330856944614e+01,3.250431817016237801e+01,3.221129821888746392e+01,3.216372905864488985e+01,3.241222471849300746e+01,3.346858910159306788e+01,3.336332042423293842e+01,3.164516437864313048e+01,3.096576428592732100e+01,2.964335224220434384e+01,2.998169254569620534e+01
2.830478492551577574e+01,2.868949716263983873e+01,2.855091912246831498e+01,2.931472085412849538e+01,2.936024199459677675e+01,3.081745289671545152e+01,2.982571810651444366e+01,3.162934603122812405e+01,3.159453031234193077e+01,3.144985470004110084e+01,3.211381768473756892e+01,3.236530367138914244e+01,3.303654698567254400e+01,3.254103702212620419e+01,3.341207410044802373e+01,3.366658276053755117e+01,3.144253842627813356e+01,3.186360991131999754e+01,3.106846899039715026e+01,3.074668559774727328e+01,3.066680036492459749e+01,3.073636021886295566e+01,2.957756404946002249e+01,2.932267942940819694e+01
2.863682390431046088e+01,2.983825225068784448e+01,2.810330476212743633e+01,2.907317723498232453e+01,3.223304875594612895e+01,3.225245635954189538e+01,3.219482233566770901e+01,3.202508688755398225e+01,3.235610749265475761e+01,3.145756646816676039e+01,3.201656433586032335e+01,3.146171980427067183e+01,3.309859995223735041e+01,3.309652449188519086e+01,3.201893015486672311e+01,3.330315945101511943e+01,3.277110957750392117e+01,3.259737241360215876e+01,3.147351523147960961e+01,3.091590621849252329e+01,3.128353530726235476e+01,2.928579826100701666e+01,3.003396281934425360e+01,2.861863337039466160e+01
2.978089333226222379e+01,2.960945241840886411e+01,3.133469845197259929e+01,3.114316205578910512e+01,3.353909057815525330e+01,3.250589751513859937e+01,3.343670838307417625e+01,3.328476231739273317e+01,3.301843619696757060e+01,3.404557917117034549e+01,3.255461726245397358e+01,3.340809983157924989e+01,3.374001336684636954e+01,3.397413827238909789e+01,3.398272503837478098e+01,3.384134385401273448e+01,3.223156544270489121e+01,3.308087765051993756e+01,3.039828511770974728e+01,2.920509527874844480e+01,3.058359211001089761e+01,2.977032166230452503e+01,3.005968386558748762e+01,3.089258423145668075e+01
2.909121784419272672e+01,2.811463853729952689e+01,3.140468435185368890e+01,3.238276168022656520e+01,3.279737940407324004e+01,3.385352088811276872e+01,3.357991791444339924e+01,3.334088264328073592e+01,3.330505004803427482e+01,3.493893941249569934e+01,3.447186821125376355e+01,3.387222704538874041e+01,3.304524511867498404e+01,3.388392055478288967e+01,3.367601990814785040e+01,3.352972555335787774e+01,3.328316645875082713e+01,3.296709357934309992e+01,3.152769019910647330e+01,3.135245036016965514e+01,3.060304651436740642e+01,3.113747404734692736e+01,3.107970962289448380e+01,3.072398193535849487e+01
