2.885059531981954706e+01,3.030986547380359752e+01,3.045751427611924100e+01,2.894950382259520438e+01,2.985450466830263849e+01,2.960669150268773819e+01,2.887666505308499154e+01,2.828899504016021638e+01,2.992724082852708989e+01,2.962038825047039836e+01,2.981997702273366713e+01,2.948245070867977802e+01,2.985020548127954498e+01,3.023689866147793737e+01,2.974241962975145270e+01,2.979082900453749971e+01,3.024697014851005861e+01,3.057842549013020061e+01,3.024320183375061788e+01,2.960752650500018035e+01,2.990283253658117246e+01,2.957184373327493176e+01,3.079333916193115783e+01,2.896589175657578608e+01
2.933510632266495577e+01,2.966865879226207880e+01,2.903731686657164346e+01,2.977611061494712885e+01,3.015621606038826030e+01,2.964902095270593918e+01,2.901067378830060761e+01,2.855874805743917477e+01,2.965370829185252433e+01,3.078495482879026213e+01,2.933602160880172960e+01,2.939286379523133519e+01,2.959914142056999253e+01,2.819326759913184333e+01,2.947771849127866517e+01,3.012007604239073544e+01,2.888636939576980467e+01,2.927850466257172002e+01,2.903368925743382079e+01,2.963576277795340275e+01,3.045193285532047867e+01,2.980711543909058037e+01,2.943882360347589611e+01,2.934227555998546677e+01
2.909401668557995890e+01,2.999356372165630091e+01,3.011219819837305067e+01,2.901377594773026658e+01,2.998678132520711870e+01,3.073840080136858433e+01,3.016793851247388147e+01,3.052906460851238535e+01,2.996344476903090026e+01,3.004729858981505686e+01,2.967445392982875774e+01,3.111857741681768630e+01,2.956435508767771125e+01,3.038790882321853815e+01,3.025595524326951136e+01,2.944636263810025412e+01,2.960208829114600348e+01,2.937089095842213737e+01,3.019240965935364329e+01,3.034746966964536341e+01,3.069589553641372959e+01,3.095081627599574858e+01,3.099825070336385124e+01,2.977702956099972198e+01
3.025251560208272394e+01,2.962715472155690577e+01,3.077124260558372271e+01,3.044948147168457808e+01,2.999565992446099472e+01,3.070598570159535257e+01,3.057651944165382929e+01,3.006194867645126578e+01,2.905015821664431996e+01,3.078343704577861217e+01,2.994090885948327241e+01,2.974779426471775423e+01,2.933675755160061271e+01,2.939198711124328156e+01,2.921254985786003999e+01,2.982386408773299991e+01,3.076488045443375086e+01,3.005359704276628463e+01,2.974541646403326922e+01,3.002122984444486065e+01,2.970807604370332911e+01,2.996473711228679804e+01,3.062911474718612226e+01,3.035509511995803678e+01
3.038568827459835120e+01,3.016385677838758284e+01,2.942367757703135567e+01,2.901278760579873506e+01,2.961180035009260791e+01,2.937630228688658462e+01,2.928279086415750498e+01,2.900800008219698611e+01,2.911661105790170723e+01,3.057430557489715284e+01,2.952967961836390032e+01,3.021130619144400953e+01,3.041734883055835326e+01,2.921998648717107017e+01,3.029406137489826278e+01,2.933445041905099515e+01,2.959825767023681919e+01,2.988570724408015167e+01,3.020325731232958333e+01,2.949333030760055863e+01,3.071506277205742208e+01,2.939406619731255432e+01,2.979069518730119626e+01,2.914878776657309345e+01
2.979098081784462693e+01,2.957380301254863753e+01,2.969970829209171370e+01,3.059246258118497508e+01,2.941497380940074891e+01,2.962801566748015603e+01,2.959493692089347405e+01,3.010888111095636077e+01,2.956159532294805103e+01,3.000994305914207416e+01,3.008530865634872953e+01,2.969530761082734216e+01,2.988186793011664122e+01,2.974518031584852906e+01,2.900191696997609370e+01,2.916141284956557911e+01,2.928117989185881243e+01,3.080915556774124298e+01,3.025746407888465228e+01,2.991745816123756185e+01,2.932798757915082888e+01,2.942200207073113916e+01,2.930514159908449301e+01,3.025944987677422660e+01
3.025120786400469797e+01,2.945943971361089098e+01,2.910344832385521840e+01,2.943665523625173819e+01,3.015610745846771579e+01,3.003747362008732580e+01,2.926401984683730007e+01,3.033136491555040948e+01,2.994917250596733993e+01,3.033718442225097078e+01,3.031688388991921101e+01,2.975935342853887278e+01,2.999752789679888565e+01,2.947153744837277145e+01,3.082145785101033653e+01,3.004710149850808421e+01,2.991844689686422498e+01,3.006985054028160675e+01,2.965727840127158288e+01,3.031679789282179627e+01,3.039393842314927952e+01,3.023529454855531640e+01,2.952211054635620258e+01,2.901408025280773018e+01
2.998767113619589963e+01,2.967249123566040225e+01,2.973355078311413990e+01,2.941956245006133486e+01,2.946774731041557516e+01,3.009084273954709943e+01,2.982176171167884604e+01,2.975625772931510937e+01,2.955380469037919511e+01,2.928127222572601340e+01,2.945027060285423204e+01,2.911274053898068814e+01,2.902787833015207752e+01,3.035251905844967268e+01,3.018150128010518074e+01,2.985991730388047927e+01,2.957916376442176443e+01,3.012118587835698236e+01,2.905871408754507002e+01,3.020693482796815488e+01,3.033990277739343355e+01,2.928580930481689393e+01,2.911831048977506953e+01,3.086272665369631341e+01
2.999384554101766298e+01,2.916961322287039593e+01,3.036397393881316020e+01,2.870330102531005423e+01,2.982574577178138497e+01,2.977082447879917027e+01,3.042570178010214477e+01,2.926651993040974276e+01,2.925091761626686093e+01,3.006277079341697345e+01,2.915333513819427935e+01,3.027607288811958597e+01,3.049057832398716528e+01,3.003905694991459541e+01,3.005218975229780654e+01,2.959696258995927565e+01,2.888240588179547785e+01,2.963781993657318026e+01,3.068788574304176109e+01,2.848452985269329929e+01,2.988839697919331684e+01,2.995658656964195643e+01,2.940034574818088231e+01,2.935229861985158095e+01
2.999110751174976031e+01,3.088743468520101487e+01,2.910213333757775445e+01,2.941820128462745743e+01,2.860729377676148033e+01,2.955503594746022600e+01,3.017979870530967901e+01,2.931320639895136537e+01,2.960884436843019785e+01,2.932975805767853217e+01,2.922095313730875432e+01,2.972398330417217949e+01,2.897849676977460831e+01,2.946798304062480156e+01,2.943867625326197413e+01,2.931045952281937161e+01,2.939520899608083937e+01,2.927142418175668581e+01,2.904369413625397556e+01,2.989603271996747935e+01,2.879440189994016919e+01,2.909591897923291981e+01,2.951819676852278462e+01,2.988375027225185931e+01
3.003970410839247052e+01,2.951591199781159958e+01,3.008495653257119784e+01,3.003776252824172843e+01,2.919009869589740447e+01,3.009405614998303236e+01,2.907082280462884682e+01,2.915951657688577825e+01,2.893570223507936134e+01,2.948670709625866948e+01,2.981982128145546085e+01,2.979500420819920237e+01,2.938136479289192948e+01,2.934982913217817213e+01,2.996065441246554428e+01,2.942571740015824844e+01,2.929960280211867030e+01,2.957756739585096284e+01,2.977360827638102592e+01,2.988348710469369962e+01,2.981388378826483176e+01,3.012686184336058659e+01,2.933207461180762721e+01,3.015174248126839984e+01
3.024176198237574908e+01,2.977535251641870673e+01,2.944827919360784563e+01,3.044259376624268043e+01,3.009126883932373175e+01,2.965964399447534561e+01,3.053398404372359209e+01,3.009746602338901766e+01,3.009432819252782565e+01,2.916882906655314400e+01,2.958575258156776044e+01,3.002303459655513507e+01,2.937907011306685945e+01,2.997551302271079976e+01,2.952809514998085660e+01,3.039718660743341161e+01,2.952169737625263224e+01,2.934656634373322959e+01,2.961680050111334594e+01,3.054107608071745972e+01,2.958561421666416891e+01,2.983437601093066860e+01,2.970352537035051910e+01,3.097369212861968890e+01
2.892928835564259771e+01,2.855448221566433631e+01,2.934550825301420218e+01,2.948954201877143078e+01,2.965038009943663155e+01,2.931420644971143474e+01,2.903457855513431696e+01,2.868252238812198129e+01,2.917377997751066232e+01,2.977661923129443267e+01,2.909886693229265120e+01,2.885810946047899961e+01,2.962151796130922321e+01,2.898889748064840433e+01,3.003168413618783461e+01,2.926102045025942289e+01,2.963170236282911674e+01,2.982988354966101952e+01,3.010223626220488313e+01,3.016578118171247525e+01,3.020608845103549811e+01,2.988463169804907693e+01,2.967313374379068591e+01,2.928352251049682309e+01
2.996985539894654949e+01,2.962225554376493619e+01,2.979231124449916024e+01,3.016191630807020374e+01,2.986530362216791445e+01,2.932769383407986652e+01,2.902670827500054429e+01,2.913013043459915252e+01,2.869707828719123199e+01,2.922404313880718973e+01,2.886055083803012167e+01,2.940513937936106004e+01,2.968298032609214943e+01,3.023344273861056308e+01,2.908508865575657865e+01,2.948914408661539710e+01,3.000597373256107403e+01,2.946911663249710500e+01,2.914719419531616040e+01,2.996432054204512951e+01,3.020503041745166684e+01,2.963782719259785381e+01,2.926585242561668565e+01,2.945078936702924466e+01
2.976936009195088673e+01,2.887534420958928649e+01,2.928696049770508125e+01,2.974625877107183669e+01,2.959539701508805365e+01,2.998661829138598023e+01,2.944773128337578783e+01,2.899478720856984637e+01,2.905690951715507708e+01,2.977241045709530454e+01,2.943279577070182995e+01,3.005009498180555738e+01,2.976436572677653203e+01,2.974248654240045653e+01,2.962834301403876225e+01,2.990591447568715466e+01,2.916053573115573272e+01,2.969623270718722097e+01,3.021454455037923026e+01,3.100742986242721599e+01,2.970639092297125217e+01,2.933332757699844251e+01,2.959065128535559097e+01,3.038812499393981170e+01
2.989387542579771662e+01,2.998253518375781823e+01,3.003324569448307102e+01,2.971859684683209935e+01,2.971090903627316493e+01,2.940967518107152046e+01,2.929089643374680918e+01,2.975573748528006490e+01,3.041296093818272084e+01,2.912021321927892359e+01,3.000353947308695979e+01,2.977679000551017907e+01,2.981206415606516202e+01,2.997914934544979815e+01,3.001383593428130325e+01,3.058648341420683892e+01,2.946977137882004172e+01,3.005983685435944608e+01,3.010250040714322495e+01,2.975607361273625884e+01,2.967714800524146312e+01,3.028073689587029094e+01,3.001611012737743067e+01,3.107257126797713909e+01
2.963931908003081617e+01,2.925616058672784447e+01,3.053155985107503056e+01,2.992435017324748969e+01,2.947627440485996431e+01,2.899316547442572300e+01,2.919271931698193612e+01,2.853705394566543418e+01,2.933587676040787073e+01,2.908633994227471931e+01,2.973447388224809629e+01,2.981861682893799070e+01,2.991186518311747022e+01,2.888811996787609360e+01,2.979498108734969719e+01,2.967756512139260394e+01,2.938939817295783996e+01,2.894151372251013754e+01,2.985692670043817998e+01,2.924512411788310828e+01,2.988032311372109007e+01,2.970111021088035841e+01,2.925493968753511353e+01,2.869790995559122848e+01
2.922290624429723493e+01,2.985314946003296654e+01,3.003035318504987572e+01,3.038221230830197328e+01,2.892565449826736312e+01,2.945267528021850012e+01,2.863269742388479244e+01,2.928012549296954603e+01,2.940348838217784078e+01,2.877139250233636858e+01,2.972712607857278044e+01,2.975953397886161156e+01,2.938061381002142980e+01,3.071474900970486033e+01,2.942943235922160738e+01,2.907665471503912613e+01,2.877678797116107035e+01,2.921437918456996385e+01,2.926337072491327262e+01,2.929357995592027919e+01,2.959872685021275629e+01,2.918453355789523584e+01,3.016326731980558407e+01,2.988325641875456995e+01
2.940253288070005055e+01,2.928544697093275317e+01,3.038618744081401246e+01,3.058618063826298794e+01,2.902222137504634247e+01,2.981073770293517100e+01,2.935271216988036258e+01,2.903363564439962374e+01,2.933168924214351136e+01,3.001732740897983831e+01,2.970871901018381323e+01,3.005613907042578603e+01,2.986209726505785511e+01,2.948796615601906979e+01,2.981690555196092873e+01,2.946817658968126352e+01,2.944287919320720448e+01,2.954073792073376126e+01,3.134038508321867766e+01,3.004069991216505287e+01,3.000783942413011118e+01,3.020534916873896236e+01,2.946251987038516518e+01,2.933374484026126083e+01
3.021542762041008245e+01,2.999321629041355664e+01,2.877236456064281356e+01,2.959435857962768068e+01,2.970863123559621499e+01,2.982327049053776591e+01,2.978163633219685380e+01,2.954252316983632909e+01,2.900617006563544464e+01,2.937423320635349455e+01,3.001364692875205264e+01,3.026455472724217088e+01,3.025752860022515733e+01,2.992422315441575620e+01,2.953779496701002927e+01,3.076516390125249245e+01,3.020920831857978328e+01,2.941917628219681546e+01,2.941740352906708722e+01,3.000258840044023145e+01,3.017391253089499514e+01,3.075588003814294780e+01,3.083998374290575839e+01,2.936455562740940195e+01
2.979012624697907086e+01,3.017266507559259026e+01,3.051607640230105289e+01,2.952581191754444490e+01,2.954409500376254982e+01,2.895078253120192358e+01,2.904849968825385531e+01,2.913597021080994409e+01,3.010444150825662746e+01,2.919398144142076035e+01,2.947039508480941095e+01,2.951107627649452070e+01,2.927264063113813108e+01,2.968018709537886934e+01,2.913096531171026982e+01,2.850898388339641087e+01,2.985359379889888487e+01,2.959439141516611471e+01,3.015294949289079796e+01,2.902736744288199588e+01,3.125214890464343398e+01,3.006221984587375573e+01,2.995210787095760452e+01,2.983310881081712296e+01
2.967758947836398420e+01,2.875055316753832813e+01,3.003730774247696900e+01,2.859222568332921810e+01,2.875391079248629467e+01,2.954152567044349098e+01,2.841285238137345459e+01,2.962847621491874861e+01,2.903800487044861711e+01,2.953595250015411011e+01,2.956414635338450125e+01,2.893739990483260272e+01,2.957362521634672703e+01,2.956551364074238109e+01,2.912842633159419847e+01,2.892204205741671785e+01,2.934721290216606349e+01,2.998689226185297230e+01,2.964599448043856000e+01,2.975959773763946714e+01,2.997248096669198958e+01,2.905289167946699536e+01,2.978615644981096011e+01,2.988975820082475821e+01
2.998941022183299765e+01,2.917746910282670569e+01,2.974943845889242766e+01,2.927452939998437387e+01,2.852042871232191601e+01,2.873587190308563777e+01,2.982219514279461237e+01,2.947054523303393125e+01,2.932292944231664933e+01,2.913527208076033048e+01,2.930168898493383267e+01,2.981975253674323767e+01,2.946556132160077368e+01,2.893259636392127732e+01,2.963113831551606836e+01,2.984097162761872823e+01,3.016838963179770872e+01,2.932472720072644279e+01,2.988692405149265596e+01,2.973047902058760883e+01,3.154509024607415313e+01,3.123637014079173468e+01,3.099043064903776212e+01,3.127420620281083075e+01
3.024577401424141954e+01,3.076656624469711687e+01,2.936646892956559896e+01,3.028984871450967375e+01,3.034734742066643776e+01,3.026660578508545996e+01,2.977937635195348776e+01,2.926502753415275038e+01,2.974268432359610870e+01,2.941098723384260438e+01,2.994700855019561914e+01,3.031809353593530432e+01,3.020912393562241505e+01,3.052272637636633590e+01,3.006930999156571716e+01,3.059519173061016772e+01,2.989402035711293593e+01,3.023388332086318542e+01,2.982184022784406352e+01,3.062048551173995747e+01,3.159143849973702345e+01,3.254864010503126792e+01,3.212208406603315325e+01,3.132242282168050451e+01
2.987923384701480245e+01,2.946131089394725677e+01,2.960391141358616096e+01,2.853223636537722996e+01,3.014663505291207457e+01,2.877551657957206999e+01,2.920636141836143906e+01,2.960324116801479022e+01,2.923897728104941507e+01,2.961265197757347778e+01,2.901676659215286236e+01,2.850179219170615852e+01,2.990549679614804290e+01,2.928558744810135295e+01,2.904994476014314841e+01,2.975489993430369395e+01,3.027109557483822755e+01,2.914445893970753332e+01,2.969290052933803281e+01,2.930652275596378331e+01,3.206838704961398889e+01,3.087250344553507375e+01,3.199216764748149444e+01,3.115884609871682187e+01
2.939447439789290684e+01,2.988120919047645430e+01,2.903598038030531825e+01,3.009660442204403807e+01,2.937435881031649387e+01,2.926537456331396925e+01,2.846880601428506452e+01,2.989106950138159391e+01,2.920903341251153051e+01,2.962417876469015710e+01,2.932201094335334801e+01,2.892590897464378941e+01,3.063462312882415972e+01,2.922171911630238128e+01,2.958912165309459397e+01,2.935720739863734252e+01,3.010545666465458226e+01,2.898847743690646439e+01,3.025796470474392663e+01,3.019474629340396632e+01,3.060935901687685146e+01,3.088589490802911541e+01,3.046455781906172433e+01,3.034552600524352783e+01
2.899775726978350576e+01,3.068418232124486167e+01,2.921699400841066563e+01,2.950972896062700102e+01,2.974916031896430013e+01,2.880871268190207957e+01,2.847562512653144040e+01,2.890298363633513645e+01,2.923129494834580555e+01,2.979275062068262514e+01,2.990519954025421612e+01,3.023134472309345711e+01,3.070477817715357105e+01,2.938797564154975817e+01,2.951192935615858914e+01,2.967062657288153105e+01,2.991929963798423842e+01,2.965291935810938639e+01,2.977627931886974011e+01,3.094296534887183725e+01,3.044965702630167925e+01,3.018342914922260434e+01,3.076259923769532634e+01,3.034600700023833042e+01
3.067556895054104871e+01,3.063560986761746108e+01,2.981438651197470335e+01,2.931113999046186791e+01,2.900553905532473209e+01,2.989230519370028105e+01,2.935023331064661534e+01,2.978595216009978230e+01,2.961680134759603789e+01,2.925082861045774507e+01,3.011361126863221216e+01,2.968377288728174790e+01,2.924177359766906648e+01,2.970305924113188212e+01,3.072720578405989045e+01,2.967918214171879754e+01,3.013281576601235656e+01,3.074495790436316156e+01,3.078800731481129560e+01,3.046650116114943785e+01,3.156688861438163940e+01,3.042103991244692907e+01,3.060599864384420243e+01,3.030554544529644545e+01
3.006351302600660347e+01,2.913392440295751840e+01,3.004932956003688105e+01,2.935153091231717326e+01,2.938629188117675994e+01,2.969939784860383725e+01,2.880731532404803374e+01,2.890605452595940505e+01,2.922528975039051602e+01,2.888705792081998425e+01,3.014249539767064334e+01,2.966886615315439713e+01,3.030919175045937664e+01,2.900236974274673685e+01,3.059187117580046333e+01,2.891253139607539424e+01,2.951485155342237476e+01,3.007553387009795642e+01,3.022774818329008895e+01,3.037847240195833365e+01,3.091478342908931154e+01,3.028423586256405997e+01,3.031007888101748904e+01,3.027690818348492030e+01
2.911738584294960219e+01,2.867501646714492836e+01,2.963413216358077307e+01,2.929674474166080245e+01,2.961805668869038755e+01,2.950606800090673687e+01,2.832378792132317358e+01,2.922914459291121148e+01,2.890103247634442596e+01,3.033002206144357160e+01,2.868003394816787477e+01,2.997127364239491953e+01,2.996465503556970589e+01,3.030890211539724532e+01,2.970183020216819614e+01,2.904671030115076746e+01,3.019237226511211247e+01,3.029388273913667717e+01,2.960564800853239831e+01,2.989878714970092233e+01,2.929489833033005652e+01,3.079965134333804144e+01,2.934427823035633764e+01,2.951185867581915545e+01
2.860076374076174943e+01,2.982043764330370550e+01,2.866894793280658860e+01,2.927856137878012532e+01,2.993604206718504201e+01,2.921058537369805208e+01,2.907002205115736615e+01,2.943112289955803362e+01,3.044953088643291039e+01,3.048683182646971090e+01,2.881653387883756068e+01,2.927816387078149774e+01,3.080065018450090975e+01,3.019788486395975724e+01,3.068432757855873660e+01,2.961326343257701410e+01,3.141999404605633117e+01,3.038018307872425794e+01,3.111801775819890281e+01,3.022696628500932547e+01,3.016564238904300055e+01,3.030500942490760963e+01,3.107131916125609905e+01,3.021157430974278668e+01
2.932675193753101439e+01,3.046791897185272546e+01,2.924218505793953682e+01,3.045081170813301696e+01,2.988782970580012943e+01,2.949955694628795300e+01,3.095957411294642725e+01,2.880231113695168688e+01,2.951436831726977061e+01,2.919016571881013533e+01,2.964995764393182753e+01,2.984204536932145402e+01,2.966704245426927855e+01,3.095303940038729706e+01,3.075843098694963373e+01,3.022497088577381419e+01,3.073907944156644589e+01,3.165702490394136248e+01,3.031577031919317733e+01,3.091866923161592240e+01,2.992365137266830288e+01,3.087444519647289098e+01,3.149718317347662833e+01,3.154542377963116451e+01
