2.683626565585871049e+01,2.819284605615933970e+01,2.851772132315420549e+01,2.843111051282488688e+01,2.805825684526763553e+01,2.820658874797931048e+01,2.767221992608870096e+01,2.819150616675386800e+01,2.860796419010893032e+01,2.846157311132293444e+01,2.756954016043806632e+01,2.939338916923742318e+01,2.848566328685723192e+01,2.945521149323434429e+01,2.856700726565014747e+01,2.858211735875454451e+01,2.754995834731710147e+01,2.962241511078923395e+01,2.776843448486465604e+01,2.869694149151638385e+01,2.797325531261589049e+01,2.876481198766805392e+01,2.795909103417761798e+01,2.929864433905930809e+01
2.807386988557897212e+01,2.781137813910271461e+01,2.881042876038998202e+01,2.751955834949325208e+01,2.760200969323875597e+01,2.707935876146331111e+01,2.705365686578056739e+01,2.748596643255541494e+01,2.877005306147196961e+01,2.809081147332250339e+01,2.876171132333934111e+01,2.749019827692967510e+01,2.913790184810909523e+01,2.776297586366001724e+01,2.800333196888675502e+01,2.862076095959662325e+01,2.897699611596851810e+01,2.978126076887087947e+01,2.806737940628994465e+01,2.778244628089578327e+01,2.870533621698950810e+01,2.732779183254552891e+01,2.825853948517595882e+01,2.810068493488950025e+01
2.769227786202276320e+01,2.803344820417794381e+01,2.685341606523530800e+01,2.860503236707614860e+01,2.803820419840667455e+01,2.897837914931642445e+01,2.855199066547953635e+01,2.990669457179257051e+01,2.786164333545502814e+01,2.853672368569465334e+01,2.892509063963228755e+01,2.831471890659952351e+01,2.756414685155232291e+01,2.857474002278587477e+01,2.681749194151285565e+01,2.862226965282638957e+01,2.888535528508282368e+01,2.906258595691713253e+01,2.782333996036015833e+01,2.902756199671375725e+01,2.862313930111241689e+01,2.907471804180710251e+01,2.879679544451971651e+01,2.913691954359535430e+01
2.953115354764003087e+01,2.856997441337495047e+01,2.796684539524500224e+01,2.688963272670451943e+01,2.847593509633247777e+01,2.692852572723995763e+01,2.915739598811001088e+01,2.941391447883484034e+01,2.875973732634275848e+01,2.919805944306085621e+01,2.993221349878712090e+01,2.831329895185297119e+01,2.944613296800997659e+01,2.906065062041398050e+01,2.898514253797105766e+01,2.777070545349806707e+01,2.875176971178035501e+01,2.899113096794275179e+01,2.922784838561955212e+01,2.884163278720939161e+01,2.866048093514933726e+01,2.845336059394190897e+01,2.928017357908754548e+01,2.848743154994389215e+01
2.780955413163604817e+01,2.843407224944326117e+01,2.673269620028946747e+01,2.862091021393285928e+01,2.812220218701662589e+01,2.944947620274695055e+01,2.760422818104660792e+01,2.977838594085773138e+01,2.757577010229988446e+01,2.878336619578431055e+01,2.835756542257871615e+01,2.897873610085366636e+01,2.731921029921960553e+01,2.943942766671972322e+01,2.831482284059626409e+01,2.858740538535653286e+01,2.783775228941743762e+01,2.826724158242444673e+01,2.906772242603733503e+01,2.832485621363537120e+01,2.848224601100935161e+01,2.751627219685434511e+01,2.783569906898799218e+01,2.964093433482884166e+01
2.902131131223023885e+01,2.739507431813945004e+01,2.828712533445747113e+01,2.828992119031761376e+01,2.986287141199102280e+01,2.722092436738665810e+01,2.876479509967811055e+01,2.842677919530626696e+01,2.860469841676427905e+01,2.748689489653827422e+01,2.790272693272993365e+01,2.787211414777669916e+01,2.936193058219504337e+01,2.809081530730389886e+01,2.810903335524852764e+01,2.881054312959793151e+01,2.897923646449919488e+01,2.804738492625301660e+01,2.888137833257013654e+01,2.832238345538456770e+01,2.955878397008683578e+01,2.850810376618147757e+01,2.776315194456691415e+01,2.866574306362912239e+01
2.829304914728732001e+01,2.900721974560133276e+01,2.721500664830909955e+01,2.792099638035580256e+01,2.856573580665622103e+01,2.860242681728362868e+01,2.849736185063142102e+01,2.855876720497553833e+01,2.795900904132793130e+01,2.832754153961184329e+01,2.864446344393826394e+01,2.969277496052382048e+01,2.795116718477027007e+01,2.794767069637993018e+01,2.803555452291550409e+01,2.833380813497080908e+01,2.752260932106582914e+01,2.913308737954719163e+01,2.857472576246260587e+01,2.850249574656919549e+01,2.862549958641375270e+01,2.882562201708532257e+01,2.889451278759020170e+01,2.836014691757173978e+01
2.818622075698368690e+01,2.802435173513174504e+01,2.970482075380226661e+01,2.849147408387415226e+01,2.802518533150617941e+01,2.855073207619176401e+01,2.959081805018405475e+01,2.963479527447066175e+01,2.792270212955139641e+01,2.814944438463390952e+01,2.953395190984804231e+01,2.881296743121311010e+01,2.788461076793646498e+01,2.862782513476940949e+01,2.847460738615478704e+01,2.883651316517631358e+01,2.897413308008452759e+01,2.895324603207461678e+01,2.833483743505360053e+01,2.815773022578883911e+01,2.837613751909987059e+01,2.841502325873756263e+01,2.964952564195129980e+01,2.954123321244566114e+01
2.788497097974766348e+01,2.883858797984305511e+01,2.832061013262085680e+01,2.868304010694316730e+01,2.786551180841559017e+01,2.886426347751938692e+01,2.859152663285976814e+01,2.954352855588092552e+01,2.999960274482435807e+01,2.811002585872319059e+01,2.771225204394482944e+01,2.946498522270525200e+01,2.866779707191551552e+01,2.902585107471622905e+01,2.894505330936124210e+01,2.896609623584913606e+01,2.845800745559137113e+01,2.848005137129877085e+01,2.803663967856994077e+01,2.824798004988798539e+01,2.872883867412150494e+01,2.875968428070694927e+01,2.840834661533159533e+01,2.926084016022559808e+01
2.911418634410478035e+01,2.728972596756727853e+01,2.882492982964032535e+01,2.848509518925595785e+01,2.864520562563183148e+01,2.826759938127111127e+01,2.918165070024190300e+01,2.811403000895967352e+01,2.926299358082701474e+01,2.807223799801994346e+01,2.865268981530431347e+01,2.827788299989731513e+01,2.881689946044303952e+01,2.845332464477650092e+01,2.845034987371326451e+01,2.795828259571351282e+01,2.791183305994991315e+01,2.759047768924864386e+01,2.866207268303668343e+01,2.828103839039602008e+01,2.887309652029460949e+01,2.882141844798860575e+01,2.827150758810694242e+01,2.806340455208464846e+01
2.766793787267192783e+01,2.852025326935415706e+01,2.878722308700042731e+01,2.961670784116228106e+01,2.942801470293750299e+01,3.010162170039114926e+01,2.955761768378869192e+01,3.109850798279961737e+01,2.854816033076599524e+01,2.837467411220171698e+01,2.867480376065572045e+01,2.897470306058431788e+01,2.770652219335255495e+01,2.984992900402482974e+01,2.960273141533986063e+01,2.906356284919138488e+01,2.833324159475017723e+01,2.827016966835742551e+01,2.813274105248075330e+01,2.876294296749659907e+01,2.790451905632789931e+01,2.893032219906433511e+01,2.824032323407237755e+01,2.865529138280044208e+01
2.805968877837528908e+01,2.931181334596192301e+01,3.005217256188933561e+01,2.903887555766056039e+01,2.955803811363659861e+01,2.960043651707394474e+01,3.179577041701992357e+01,3.146514833787040288e+01,2.934349483637686262e+01,2.887913247963791719e+01,2.944373822486363679e+01,2.898785215954285377e+01,2.951513930555131537e+01,2.906556902449131030e+01,2.834479327262846482e+01,2.834933806059103745e+01,2.901402430659044285e+01,2.882738540233566482e+01,2.955278873284453311e+01,2.940539443646747486e+01,2.902268734361473435e+01,2.888538557231561299e+01,2.840041138156686884e+01,2.923779466157753859e+01
2.763385848112716303e+01,2.926580980600948578e+01,2.903651733864506923e+01,2.963855669697016992e+01,2.991997682236723222e+01,3.274934312492609934e+01,3.393561337181722593e+01,3.331354004801499968e+01,2.936877871690307984e+01,2.956619877256520112e+01,2.875325990710962287e+01,2.944869677377198514e+01,2.816530781297262820e+01,2.863617916855429257e+01,2.924880273856223312e+01,2.925794659957750810e+01,2.904719678294640062e+01,2.888104020587240939e+01,2.875368577980924556e+01,2.827130146161835000e+01,2.911058182809819073e+01,2.911429392287470819e+01,2.846825473167183418e+01,2.873596323991796453e+01
2.965810771781463018e+01,2.849363192739315309e+01,2.759178380021381827e+01,2.903255981243097494e+01,3.008639399445144136e+01,3.142246322854930440e+01,3.288137547175227837e+01,3.320304509820891781e+01,2.918230791571971849e+01,2.834425859379524582e+01,2.867871843636640961e+01,2.818917358531814443e+01,2.871622486425388843e+01,2.890866502141898309e+01,2.946357169750046978e+01,2.884853150124411059e+01,2.943311157067302020e+01,2.856938324274364049e+01,2.826078470830941569e+01,2.923260296017122073e+01,2.873682084864475428e+01,2.869225297037348810e+01,2.964779255833707339e+01,2.840390534703391268e+01
2.851210434270132055e+01,2.987959817134776586e+01,2.936342923999683308e+01,2.993083855158010920e+01,2.999511726121482980e+01,3.152522629644789731e+01,3.276795049774153767e+01,3.242530435268656674e+01,2.771821785281201755e+01,2.939274714902586538e+01,2.885631347348692088e+01,2.880481824779405997e+01,2.918431117521748774e+01,2.832772629343202198e+01,2.920360819539826025e+01,2.898487852324007008e+01,2.829573029552005892e+01,2.929866048467954442e+01,2.888362961629042047e+01,2.933699192414309209e+01,2.878224733687397929e+01,2.910256609475555933e+01,2.966595825494141536e+01,2.899607392296417174e+01
2.903008118613519173e+01,2.943334946885090631e+01,2.952848825044884506e+01,3.042215840863161702e+01,3.096008923883607622e+01,3.162031376006757455e+01,3.255589141107719797e+01,3.240446487821088795e+01,2.970578943447839038e+01,2.970449643327458489e+01,2.893270864672643938e+01,2.979061326629937412e+01,2.966979692364986931e+01,2.900809723416648467e+01,2.872478800001118771e+01,2.989354433608247064e+01,2.874726009252987069e+01,2.895954648904876194e+01,2.906371002011104565e+01,2.820502379163986006e+01,2.873368258318913604e+01,2.894869521835846626e+01,3.027659622141874252e+01,2.948351163454123025e+01
2.887557872950037563e+01,2.952462072404358651e+01,2.963326601658013715e+01,3.180969392238574756e+01,3.145816881810787891e+01,3.159057833906337009e+01,3.120458737875833322e+01,3.084285696926576748e+01,3.108842836263079334e+01,3.109723562492689553e+01,2.866936387761609240e+01,2.902687693862412743e+01,2.878768975074251557e+01,2.883562168142748305e+01,2.849609867557842335e+01,2.882507260423545858e+01,2.933001127211099401e+01,2.967619406473920662e+01,2.897861388548369632e+01,2.933001679579336951e+01,2.855100609121620892e+01,2.852633267817100204e+01,2.941415347447099293e+01,2.898109220355502202e+01
2.921144125044520479e+01,2.939400936311488977e+01,3.098923339525055098e+01,3.146898030890565678e+01,3.100854246844772888e+01,3.078903281024463467e+01,3.079422232905676537e+01,3.133112521779941062e+01,3.076534676243153399e+01,2.962012675322910127e+01,2.945409360946496236e+01,2.832013989599471415e+01,2.953331352494870998e+01,2.842721411370132500e+01,2.860547952537922356e+01,2.889589733736050903e+01,2.932812853545323151e+01,2.829035123235786386e+01,2.872579322767836629e+01,2.840144613939293095e+01,2.896413632412327388e+01,2.942162270504229582e+01,2.929224266084810324e+01,2.898417823745251098e+01
2.930923015496028938e+01,3.026808322808602725e+01,3.046340848804862844e+01,3.275825692789288723e+01,3.083643540451333820e+01,3.066920592073597618e+01,3.063854353034560063e+01,3.027466091063121212e+01,3.103085107821073052e+01,3.148584436266872899e+01,2.904831427886540496e+01,2.952914035569676798e+01,2.891968525325597739e+01,2.854158035168831020e+01,2.954404650878211669e+01,2.950729367142599813e+01,2.893025176393751963e+01,2.953333406412821205e+01,2.879721613075594178e+01,2.903133664374104228e+01,2.892127446499807775e+01,2.961821590591972608e+01,2.898768117449554893e+01,2.901382686941855127e+01
2.996625237997176328e+01,2.906505579573109799e+01,3.157107481106328351e+01,3.242166852396070453e+01,3.142003139295087522e+01,3.091634718190800868e+01,3.088830477940143737e+01,3.041373672147602747e+01,3.214823224646289646e+01,3.179423423326051079e+01,2.939801392648718092e+01,2.959903108561616136e+01,2.987973172791083698e+01,2.886780464331343410e+01,2.862954106286343858e+01,2.915633241658355246e+01,2.818207403485513396e+01,2.887723418052161151e+01,2.810307511328193186e+01,2.881883240901947829e+01,2.889246840459639998e+01,2.822634401739958321e+01,2.933819424363701955e+01,2.943511203079202687e+01
2.970162377023092404e+01,3.241605119058357332e+01,3.126138400768269321e+01,3.234107904348883267e+01,3.049302203115115617e+01,3.103690197575633647e+01,3.109399124834459371e+01,3.244466008844966609e+01,3.106893692671752660e+01,3.317160993582353967e+01,3.076717886039153882e+01,2.976847146344454131e+01,2.935243301397088089e+01,2.921191937078020828e+01,2.920360819539826025e+01,2.871706870103662368e+01,2.931001620969698251e+01,3.000014380324694230e+01,2.828489839670959327e+01,2.947188228418377776e+01,2.911339369459926729e+01,2.911358150527098587e+01,3.002605240727677938e+01,2.952092509372130280e+01
3.000468272470317288e+01,3.112337209291956697e+01,3.154562093096961917e+01,3.131547727480887033e+01,3.078033009917578511e+01,3.060580862519935863e+01,3.143472097170229063e+01,3.020835667654830559e+01,3.179704777643388525e+01,3.240588929518548866e+01,3.133685719184347818e+01,2.920931774958467031e+01,2.987850942917333441e+01,2.935280499689872613e+01,2.891617379786390529e+01,2.870815589157012937e+01,2.944396622126032526e+01,2.940918231039916009e+01,2.933031616634747252e+01,2.978696592344226701e+01,3.008527129498656905e+01,2.969915620993236871e+01,3.026084080908185570e+01,3.068372850985213063e+01
3.048071334939248800e+01,3.345405026588719011e+01,3.072325690573245538e+01,3.203188921794503585e+01,3.163837947539394690e+01,3.106244433533163374e+01,3.151736505405398248e+01,3.147675296266606892e+01,3.193008618247512231e+01,3.170946524393343680e+01,3.197052609642491916e+01,3.024581961836787514e+01,2.917698424352659003e+01,2.964596918359472966e+01,2.883565986930756253e+01,2.901236811472244881e+01,3.130777598330701039e+01,3.181771395329428742e+01,3.093202120787248077e+01,3.196748258601445514e+01,3.053564791530561706e+01,3.037938222498507912e+01,2.878963500782981555e+01,3.013386231759949396e+01
3.163085759251322315e+01,3.199571429513542853e+01,3.080816549844917063e+01,3.177098304045688337e+01,2.986724323926108582e+01,2.953510619130196346e+01,3.182680202574556461e+01,3.091549397358511442e+01,3.157955882878076181e+01,3.103906730662663449e+01,3.326061882181534202e+01,2.936268968496096932e+01,2.879588248504967396e+01,2.973225267203787325e+01,2.944541446802219298e+01,3.044124584048364568e+01,3.140719715268937762e+01,3.256078697799551946e+01,3.190605240782844021e+01,3.227794883063188536e+01,3.007675424229375949e+01,3.028241908992595199e+01,2.920829323888654017e+01,3.057559033705462070e+01
3.003271552947552436e+01,3.131126273568622764e+01,3.088312648422083839e+01,2.992791631366822003e+01,2.999239439500109938e+01,2.929971369192747943e+01,2.936227348779971180e+01,3.024175325801417102e+01,3.070483855762529402e+01,3.102199871638845252e+01,3.144997835132102182e+01,2.987152407250590613e+01,2.809988056241729737e+01,2.881713773349167695e+01,2.880239710294694078e+01,2.843933764372883388e+01,2.983834975722521676e+01,3.172877973203151214e+01,2.971760809060941710e+01,2.879551025479321424e+01,3.000141087604424683e+01,2.984759636134901939e+01,2.873191656119388426e+01,2.994761995782602071e+01
3.050974960593327978e+01,3.087566580876591615e+01,3.000762648723116399e+01,3.056607759180758421e+01,3.097190766363473813e+01,2.968460947970612551e+01,3.005921106242425367e+01,2.945930363352869108e+01,3.022022069838783409e+01,2.915699986293122947e+01,3.088561829923867208e+01,3.013918935210909922e+01,3.012807193345366841e+01,2.941314764590129016e+01,2.832758090403876849e+01,2.844655336921010758e+01,3.006221720014565335e+01,3.000733180821509904e+01,3.048942973988465610e+01,3.007610653392106315e+01,2.857260931259827430e+01,2.848933394611304948e+01,2.832870938885423584e+01,2.874658220965881128e+01
2.948729754785881596e+01,2.952851693523314225e+01,3.043540797436008916e+01,2.982283271407754910e+01,2.929144343591161714e+01,3.025570837392876911e+01,2.983071617480192117e+01,3.018800283595470546e+01,3.047002750285150796e+01,3.024766716977063652e+01,2.970428216284562950e+01,2.983266661031433387e+01,2.884519834840688191e+01,2.915361177132109560e+01,2.926093483295193209e+01,2.922442580606428919e+01,2.953742085226735981e+01,3.019151257380201514e+01,2.897076618944390702e+01,2.897307986285619563e+01,2.871921480688433803e+01,2.924066825402422864e+01,2.871885228604526219e+01,2.924084186439796440e+01
2.900650203051469589e+01,2.864536304155205926e+01,2.986272631968290625e+01,3.051297020049941011e+01,2.959358770063499833e+01,2.920384694641109036e+01,2.976285604216570846e+01,3.087657377319368379e+01,3.045109779189772325e+01,3.004717471968467635e+01,2.940817374903798509e+01,2.982482184507585998e+01,2.907425256928394219e+01,2.782530908990361240e+01,2.907917931306548098e+01,2.964401965175943587e+01,2.960690663679696399e+01,3.090309341996777448e+01,2.962431636292114945e+01,2.926308010428112993e+01,2.910961498338252795e+01,2.851567896521413559e+01,2.946826774722802611e+01,2.953035733276271912e+01
2.821294064313622130e+01,2.953134983194382812e+01,2.846998679533430732e+01,3.050818918613924779e+01,2.908180212901805817e+01,2.931875479200027712e+01,3.022733845035520517e+01,2.964471172820384481e+01,2.983370448910596906e+01,2.982863109390996215e+01,2.895725476745946025e+01,2.918493524573915465e+01,2.869551949224535292e+01,2.905130468717771919e+01,2.790925326665580997e+01,2.984758567798405693e+01,2.867358724991572672e+01,3.014833798062812775e+01,2.850492338963198335e+01,2.903881157452127582e+01,2.908269282987168936e+01,2.925233762806863069e+01,3.006955423265100080e+01,2.892004117029176768e+01
2.941703470630432093e+01,2.771629134950518392e+01,2.899565099301071314e+01,2.902040267275106089e+01,2.988134018953786608e+01,2.926573117650883660e+01,3.035176857121183502e+01,3.074175974494988850e+01,3.049816548316380249e+01,2.801191133431802882e+01,2.887235524771688233e+01,2.803188623389252143e+01,2.894680956388089044e+01,2.814366756657494761e+01,2.909438160718764266e+01,2.806187970034619639e+01,2.923277464348177546e+01,2.837253308994337431e+01,2.911812113706457694e+01,2.762875768615612060e+01,2.934797094520513383e+01,2.756542383607097690e+01,2.999461135587660010e+01,3.037009561999684593e+01
2.753150726394187586e+01,2.944643181454756586e+01,2.930587269311098453e+01,3.028561121381329713e+01,2.937275397429499435e+01,3.013193355919815986e+01,2.985082692165894969e+01,3.075306246839028290e+01,3.022473970109894026e+01,3.021921688259720895e+01,2.726035658447381138e+01,2.871719916735571587e+01,2.818386862137754179e+01,2.797100350940348790e+01,2.912384797117425705e+01,2.867159316376432798e+01,2.758178510552318130e+01,2.946032059341303011e+01,2.813449146658473410e+01,2.830602609132773750e+01,2.922065386305689572e+01,2.915405548594361562e+01,3.053133270923819964e+01,3.059205149926674494e+01
2.800508234399205776e+01,2.854168802122057969e+01,3.042333087905097955e+01,3.024322995640159206e+01,3.003403115906087351e+01,3.023388409631559171e+01,3.089072427331484505e+01,3.041813642630074810e+01,3.038254305051754045e+01,2.829537040713881879e+01,2.940063556069634387e+01,2.955604317327004082e+01,2.829662710486479682e+01,2.851075768943269395e+01,2.881037278900026877e+01,2.946595576542785011e+01,2.858636909453775843e+01,2.861900253549288209e+01,2.864670859782376056e+01,2.966770890217458145e+01,2.950164202143957937e+01,2.836918910648432757e+01,3.097814919728784844e+01,3.004475159965278408e+01
