2.897097402722067727e+01,2.781566888222380385e+01,2.978339365152169194e+01,2.991082638657462667e+01,3.018498354195378397e+01,2.955774417435537771e+01,3.082059498324542801e+01,2.847429609725043065e+01,3.044179551712460352e+01,2.957145114382410611e+01,2.966130989127168505e+01,2.943350492904573912e+01,2.835325461075723297e+01,2.996858673054407518e+01,3.068610176177702442e+01,2.974204013514884082e+01,2.986256577068286333e+01,3.052948586669623410e+01,3.053388756774421608e+01,2.864102464746457599e+01,2.974037588779304997e+01,3.070168336457720670e+01,3.013726191560169809e+01,3.065910331501015662e+01
2.901362539922399719e+01,2.924556639637756916e+01,2.924135644008862300e+01,2.912400651711675437e+01,2.914486192270481979e+01,3.067328723234288645e+01,2.850271552428034738e+01,3.065122639743105992e+01,2.960461378453601355e+01,3.128511414577820915e+01,2.885467639508317461e+01,3.030135037517555929e+01,2.997145156114470410e+01,2.994005562217643046e+01,2.942864672410240701e+01,3.080570404897417802e+01,3.014347619597373296e+01,2.933746986818067626e+01,2.942583046867878238e+01,3.013505559278672763e+01,3.085806015691628090e+01,3.033467339175604138e+01,2.939018825339479690e+01,3.061211125354134310e+01
3.047710893971691348e+01,2.843249692328089395e+01,2.922651795268780006e+01,2.991966251584199199e+01,3.028215609805550912e+01,2.868380809991663227e+01,2.957843881056254531e+01,2.812419304728058478e+01,3.001769936150196827e+01,2.894788839680654746e+01,3.094646236779516357e+01,2.944795888619836433e+01,2.981363950323361678e+01,3.054057897704382185e+01,3.009816638084680562e+01,2.838410374335916231e+01,3.027307037395462430e+01,2.953133732778695730e+01,2.919571771944958982e+01,2.861350752976591139e+01,3.118534104765996062e+01,2.936042520390674326e+01,3.038042823657809777e+01,2.972979150650166957e+01
2.995417875867241264e+01,2.995767062931793134e+01,2.907948968003796608e+01,3.097674119944127824e+01,2.927266807447534802e+01,3.076900052876391101e+01,3.010011777125623667e+01,3.074766518769553159e+01,3.003471189504404038e+01,3.042451581399211591e+01,2.948829469418518556e+01,3.058943904178590856e+01,2.889053375707675286e+01,2.943126088051803890e+01,2.976650811317603029e+01,3.006477699376705459e+01,2.971130207657438405e+01,2.989472984481574258e+01,2.928152733750869174e+01,2.986128531884446602e+01,2.987292416639485282e+01,3.023235303285065356e+01,2.946345193272014740e+01,3.019125199346024147e+01
3.046183270116267749e+01,2.965676562072161460e+01,2.948622110711806954e+01,2.960843137740829434e+01,3.008295309305606224e+01,2.870631121245492068e+01,3.030296939442695248e+01,2.856954204360630456e+01,2.915202015034793703e+01,2.939680157291707019e+01,2.956467963097128404e+01,2.921511507261493534e+01,3.007324421545115456e+01,2.898259639229843287e+01,2.920779616264877632e+01,2.891213085664992377e+01,3.020071453620539614e+01,2.945609171349042299e+01,3.023878171290328964e+01,2.983551442121301989e+01,2.934790913192478001e+01,2.995417595049457304e+01,3.004920386249125386e+01,2.846290479621671921e+01
2.974224482569303518e+01,3.009801753564812543e+01,2.986745783972264690e+01,3.064756761768438764e+01,2.957031543731949341e+01,2.906935164840791685e+01,2.914564151093156852e+01,2.995296167680578492e+01,3.008769637240021666e+01,3.042208588532827207e+01,2.855203607621569972e+01,2.990723830582521714e+01,2.983272304085249971e+01,3.014116304830474746e+01,2.988333823060827399e+01,2.956222038061724788e+01,2.942032973924693806e+01,3.009068964611441288e+01,2.944319209404773119e+01,3.014127460971360506e+01,2.927900243425284543e+01,3.063949376463705221e+01,2.967573665516255232e+01,3.030595814646761710e+01
2.941737544689448214e+01,2.941152940590751541e+01,2.958326388720888644e+01,2.980244238821882163e+01,3.020114112592392530e+01,2.840064967575625587e+01,2.853099016366434171e+01,2.858199765853765939e+01,2.979322843866651738e+01,2.862492577353640399e+01,2.997984496071842386e+01,2.934759882148586030e+01,2.947904408583315217e+01,2.960355764061495165e+01,2.923396009607159840e+01,2.927909344607439834e+01,2.884033580708637601e+01,2.873227248583975779e+01,3.042533114186647936e+01,3.026855300663214621e+01,2.985565963703243142e+01,2.922756912143904628e+01,2.895657552130614931e+01,2.957879692808739946e+01
2.883876846334510446e+01,3.058287577257010525e+01,2.905385434325444294e+01,2.967540793643092911e+01,2.961564343329678195e+01,3.126995636584155136e+01,2.901193586226537491e+01,3.090452570604600169e+01,2.950511887224854490e+01,3.021800083714225593e+01,2.940132636884834483e+01,2.967380483339843522e+01,2.879821406627797842e+01,2.984005295478726794e+01,2.941379815733358782e+01,3.041572462271608401e+01,2.934858088304514467e+01,2.996464046783950153e+01,3.011799537102979230e+01,2.967899882449285087e+01,2.991375324713249029e+01,2.988624461506901753e+01,3.046559871624714333e+01,3.089904898050815518e+01
3.067438097017003429e+01,2.932738755006448628e+01,2.981609097374138173e+01,2.962073502506183331e+01,2.948214797009410404e+01,3.009194014697942521e+01,3.045265971390512050e+01,2.939914835898485990e+01,2.927418498706549599e+01,2.913006693940150171e+01,2.986603280399970117e+01,2.953896639329184381e+01,3.016498509383143301e+01,2.964841606336807445e+01,2.989641831013943829e+01,2.954768868784782399e+01,2.924688582683671711e+01,2.872172996503996956e+01,2.965768624247766638e+01,3.054396455586783077e+01,3.027283301069309118e+01,2.917826211689697402e+01,2.943358830824627148e+01,2.988128321795022657e+01
3.015129740244628920e+01,3.113694787216644499e+01,2.925082978281301394e+01,2.829152798108498246e+01,2.911733676729232911e+01,2.976546760284895754e+01,2.869463791919332607e+01,3.021905087056217099e+01,2.885223198296677083e+01,2.969920647125337609e+01,2.952015560088750590e+01,2.974188425979679096e+01,2.858906327000261172e+01,3.015303136026534503e+01,2.836331036896336855e+01,3.050774783722960137e+01,2.865868423383869867e+01,2.962752106996009616e+01,2.969825038783835680e+01,3.008884098595854084e+01,2.892702507413179092e+01,3.038505425056297327e+01,2.946920220671279367e+01,2.991222633197099867e+01
2.927051329625601284e+01,2.866135418586105743e+01,2.973576724980352992e+01,2.845765745960079585e+01,2.959416354863901688e+01,2.949496240460695162e+01,3.030788730494464289e+01,2.997299640944152088e+01,2.965034268980127763e+01,2.839553970841751607e+01,2.983509459302996447e+01,2.923496661196156765e+01,2.956561339156309032e+01,2.879093232939624158e+01,3.064287821128704081e+01,2.903951033244868540e+01,2.983021463750128532e+01,2.831787416867967977e+01,2.944423221303981109e+01,2.966202714985240618e+01,3.019216780565801628e+01,2.954099626698598513e+01,3.102216661061424929e+01,2.973064288241516806e+01
2.856596048340736616e+01,3.001488582020039075e+01,3.016873732662668317e+01,2.953496458609049569e+01,2.930616469052148432e+01,2.913977519082686740e+01,2.941780752776656982e+01,2.994248068296144538e+01,2.970025596852900662e+01,2.952878953660507477e+01,3.021364679459480840e+01,2.986791579979990274e+01,2.983224685967462619e+01,2.982010444253143078e+01,2.981682881781495098e+01,2.957205953503392948e+01,2.896325977150729614e+01,3.037251023811791129e+01,2.956794588270236090e+01,3.158902088007181419e+01,2.936149562017777725e+01,3.054892368147318393e+01,2.928687545008585857e+01,3.081291802490284226e+01
2.955295130332990539e+01,2.869776006390816292e+01,2.974813259832757240e+01,2.962354417693700270e+01,2.895547008885506557e+01,2.997253839313680146e+01,2.956836801814682758e+01,3.016543884841502177e+01,2.969971085530943355e+01,3.023116336078084032e+01,2.945034276576274124e+01,2.981314416576640269e+01,3.011486729368766646e+01,2.974969722464720689e+01,3.052871295332636237e+01,2.953992022213270729e+01,2.980788859532361812e+01,2.944927008364953736e+01,3.045173192945691198e+01,2.858671299496512574e+01,2.935065384458306426e+01,2.948398756132672816e+01,2.987227689091378124e+01,2.887473777577855572e+01
3.011659715013070127e+01,2.946693035079800893e+01,2.882158659301353509e+01,3.090728756293839297e+01,2.981615896547413058e+01,2.970351363273920242e+01,2.984958272166704774e+01,2.966425679099660329e+01,2.932360816081120447e+01,3.006728955602409314e+01,2.965399011497157744e+01,2.975198905913401859e+01,2.898205763391547407e+01,3.007811813503047915e+01,3.034999464912624489e+01,3.014924053154106787e+01,2.945618599737264276e+01,3.014637526922558664e+01,2.993664958810114740e+01,3.030813778069193631e+01,3.015569326755706925e+01,2.982821128436177105e+01,3.011040279836686295e+01,2.911138774149077335e+01
3.020265297704645491e+01,2.882724679564438475e+01,2.987596277624368213e+01,2.877774342622615222e+01,2.979660042949751642e+01,2.940941726156802360e+01,2.911927421276328687e+01,2.963602044074741571e+01,2.924023111403494113e+01,2.888499131079919380e+01,2.960922848129740714e+01,2.917449254031816963e+01,2.960922848129740714e+01,2.936350264264865473e+01,2.963820984521413493e+01,2.969213937370074063e+01,3.034652918306471747e+01,2.947941946426010418e+01,3.005831772926012491e+01,2.925707268405415107e+01,3.007381124539307393e+01,2.875450864971986675e+01,2.979333467082233255e+01,2.925294192615916700e+01
3.004214355149372295e+01,2.982743280495486715e+01,2.868081333546530232e+01,2.919721999976991356e+01,2.930718076285148754e+01,2.995541520138738179e+01,2.820211325205383446e+01,2.993993069474896629e+01,2.902143730987216941e+01,3.045969119896437860e+01,2.995465683323510575e+01,2.962157709146902107e+01,2.910703386667677250e+01,3.031105977288666509e+01,2.963908976914996174e+01,3.010734098632121913e+01,2.942112324259136358e+01,3.023292174962097079e+01,2.870476652115161187e+01,2.976743559205237943e+01,2.875829852807868292e+01,3.029488350326550972e+01,2.851401266859556927e+01,3.019446487969685222e+01
3.005973212114940907e+01,2.939603216051483514e+01,3.037655979221324287e+01,2.987478627337469561e+01,2.949527673506111114e+01,2.980567947348487223e+01,2.954772734987614058e+01,2.899677204102727046e+01,2.951573307124084522e+01,2.920333599892182974e+01,2.924836118634084414e+01,2.944029951089731867e+01,2.828450312982693049e+01,2.948652981648115201e+01,3.028632119352914742e+01,2.897884129993070701e+01,3.006931595642720367e+01,2.939597486927254977e+01,2.970091746066395899e+01,3.003387433044758836e+01,2.989444831785465340e+01,2.947960969069703197e+01,2.997879195849918688e+01,3.006230052573471312e+01
3.032496141894426955e+01,2.875368112975712620e+01,2.942195058532928442e+01,3.059386341092590555e+01,2.887678269800426278e+01,3.016884073214401951e+01,2.942992139739772028e+01,2.945880382208554238e+01,2.918803010059309599e+01,2.927580104709306852e+01,2.934829615123589974e+01,2.960429939480570738e+01,2.981822551162690615e+01,2.975598056624266974e+01,2.938013427627339524e+01,2.973342455765867953e+01,2.955779718083613261e+01,2.939035024609188440e+01,2.904614897441638277e+01,3.030813778069193631e+01,2.954957559793774635e+01,3.040896811875268213e+01,3.011433309135105674e+01,2.954630361465257238e+01
3.100587843109383357e+01,2.923723728217760254e+01,2.948342323917023577e+01,2.906020721827616171e+01,2.940349198311690770e+01,2.923273677079208710e+01,2.971698600366499932e+01,2.950053861362920316e+01,2.934724741624307853e+01,2.963121451623203484e+01,3.039849405660612547e+01,2.933466119490384472e+01,3.003397622473119100e+01,2.894623610246708267e+01,3.031885075381825345e+01,2.908980993894590483e+01,3.063335883105190760e+01,2.999933040790449468e+01,3.000758338486576804e+01,2.948306321775515926e+01,3.072083643090888927e+01,2.945450608549435856e+01,3.020554808583261774e+01,2.874067158068129402e+01
2.976979716968145340e+01,3.003135762489858962e+01,2.928668573829679644e+01,3.017066938627260697e+01,2.929744159494134692e+01,2.930996069677735250e+01,2.886720114781763868e+01,2.938712159546059866e+01,2.861634906318460025e+01,3.005788959193625942e+01,2.927978433202514452e+01,2.993972120648174950e+01,2.920178300913119074e+01,3.010217097351460325e+01,2.932261052981397143e+01,3.060869522769388595e+01,2.914512581937850655e+01,2.993872764234225770e+01,2.885145665645683266e+01,2.950188365484729047e+01,3.047104029509154088e+01,3.042465719195882912e+01,2.914947329824542521e+01,3.084059367611195057e+01
3.002845352794264500e+01,2.954300214672258562e+01,2.962015418705260572e+01,2.947641994158152556e+01,2.974724951842443943e+01,2.890147053180356806e+01,2.889333155333633840e+01,2.926100954337061921e+01,2.961290020592701921e+01,2.931213338128873147e+01,2.998873882370077126e+01,2.946164040725324185e+01,2.994570930886243332e+01,2.979529611289297009e+01,2.980330885352543646e+01,2.995031088232468619e+01,3.003315702164053391e+01,3.021484330918457317e+01,2.966028027785131371e+01,2.999092235537921169e+01,3.004923890534468001e+01,2.983804168538478052e+01,3.015527733222597817e+01,2.923826313569310287e+01
2.902970052584430505e+01,2.957433402119448829e+01,2.924035884746211877e+01,2.972887329903375075e+01,2.924690597081274746e+01,2.920751958408482096e+01,2.993699467394287694e+01,3.016200259007143814e+01,2.985188801573485762e+01,3.023483479856741951e+01,2.917845829347663766e+01,2.961913053604672541e+01,2.952434170089242116e+01,2.974545882193802981e+01,2.941620215784558923e+01,3.044111578407552088e+01,2.946564258627313393e+01,3.066005671775121755e+01,3.010949003110931699e+01,3.045698619107474769e+01,3.009816561168378257e+01,3.029838318876608128e+01,2.973709652296963668e+01,3.045891413812211113e+01
3.105884125412467256e+01,2.953228680895256275e+01,3.017203153195356435e+01,2.922601526618365142e+01,2.985020736934660590e+01,2.831771356355034186e+01,2.948557669936712955e+01,2.888101475762204018e+01,2.916725051848777639e+01,2.926324140610830682e+01,3.018964815565453819e+01,2.890383646680379570e+01,2.930988111668881402e+01,2.871229669508750248e+01,2.981817624733747607e+01,2.996292951762262646e+01,3.053326421960747439e+01,2.997504141176693793e+01,3.043603378212725374e+01,2.914783432775510619e+01,3.049763480759577305e+01,3.065185152020058013e+01,3.083218832476723037e+01,3.048928721875068959e+01
2.871819997915071099e+01,3.020206169871755719e+01,2.931823969518143258e+01,2.994147396906089398e+01,2.898721556976079228e+01,2.862813977989929981e+01,2.954915502736531607e+01,2.964855722557842910e+01,2.863879609267115711e+01,2.977641841229262809e+01,2.849749800091689167e+01,2.981758951468549412e+01,2.945653399001486150e+01,3.071106157400009806e+01,2.898554388718122254e+01,3.043907314096651362e+01,2.984519327631107899e+01,3.112039692378431255e+01,2.906116258063235591e+01,3.133659678696591300e+01,3.046270547332227352e+01,3.077632163146705579e+01,3.059038402093727882e+01,3.153285652033508768e+01
3.014063974863398698e+01,2.961767685918675852e+01,2.984412704055660015e+01,2.907288124078576175e+01,2.962015418705260572e+01,2.909625129045042513e+01,2.941795215994733326e+01,2.864041283779062042e+01,2.908305816813253841e+01,2.902752354343988372e+01,3.045182113256504408e+01,2.880749843674720978e+01,2.974934773193660931e+01,2.923606656755316635e+01,2.924218484883169822e+01,2.901193020593910887e+01,3.011415126819207444e+01,2.944286796835785935e+01,3.024842987820056806e+01,2.997409403574425824e+01,3.137424742039564762e+01,3.100372781812654921e+01,3.088305493902038279e+01,2.937172418972835430e+01
2.847744872936800675e+01,2.951393572945841015e+01,2.939275654887893552e+01,3.072542550712574894e+01,2.932566595625081618e+01,3.022955778691414253e+01,2.897355647005724677e+01,2.937094273541845268e+01,2.842905908931487602e+01,2.856362141048231251e+01,2.927292643747574630e+01,3.000722645289988577e+01,3.058546873511619424e+01,3.101122961018137403e+01,2.883388526827286569e+01,2.902396325384466991e+01,2.988058665642171263e+01,3.093942532011379853e+01,2.876168463470401093e+01,2.967658882647617702e+01,3.111017620740199163e+01,3.109541477358396833e+01,2.946060182894683521e+01,3.037554238393977357e+01
3.019584308857724864e+01,2.775456873804563429e+01,2.927094757593653185e+01,2.987600216640652206e+01,2.979111317774589907e+01,2.816491226935278291e+01,2.890250111244961317e+01,2.827691130662947216e+01,2.983356854303013961e+01,2.898956069289585002e+01,3.048022352510872679e+01,2.963513482490566275e+01,2.927692051723101940e+01,2.842435228252304569e+01,3.026343166349022340e+01,2.925767581053673894e+01,3.031211090344430659e+01,2.960463430106909755e+01,3.075911679055599279e+01,3.051470803263919152e+01,3.164204578297409398e+01,2.895287383492222943e+01,3.040284916215250632e+01,3.009563821185992083e+01
2.899639009759374630e+01,3.115119362870615305e+01,2.976636951772775319e+01,3.041669104053823958e+01,2.936294327826811923e+01,3.032726726240957760e+01,2.910636426527486265e+01,3.077457442617702554e+01,2.842743263972340628e+01,2.984417351233059890e+01,2.931905188673033535e+01,3.007826052648488258e+01,2.937917178430410559e+01,3.100911967114029721e+01,2.882690297111946620e+01,3.080868602430268766e+01,2.971194063666780494e+01,3.058616012990034960e+01,2.997106791732522879e+01,3.088171647245854956e+01,2.954726290660113364e+01,3.085429941517963925e+01,2.993440467121689608e+01,3.055928128558139178e+01
3.062152327839368127e+01,2.861236767678394699e+01,2.944610563882679344e+01,2.908315040577105037e+01,2.943638043694033968e+01,2.862637963662808716e+01,2.946665043870137879e+01,2.926024070935397958e+01,2.965380695342832951e+01,2.942060439837445074e+01,2.903131117650121951e+01,2.961965797352161189e+01,3.052629422291579431e+01,2.876423109065422068e+01,3.101017411272516711e+01,2.944600580382103772e+01,2.992655819107324078e+01,2.945609171349042299e+01,3.006848474375266278e+01,2.974090426287841638e+01,3.135853118809069429e+01,3.003134362005340563e+01,3.141393889837337383e+01,2.873495373485241089e+01
2.979846802703900721e+01,2.922914885382454031e+01,2.935894991523974795e+01,3.002523682802814164e+01,2.913705370439697617e+01,2.934746440732516248e+01,2.889023196031581620e+01,2.886973165329339963e+01,2.845809937976952142e+01,2.978716338556768051e+01,2.882669093461964849e+01,2.942779714248877099e+01,3.048610922428599679e+01,2.958286219808695705e+01,2.926656014568453656e+01,3.023565464825588833e+01,3.033736162521228152e+01,2.994102428336032062e+01,2.935691894748367758e+01,2.973932542655654743e+01,3.089465866681769057e+01,3.084573846056463253e+01,3.037254386837889797e+01,2.999718987220603594e+01
3.057002808871499155e+01,2.820578713562827033e+01,2.973823594050173824e+01,2.874793716996828152e+01,2.931545299791031312e+01,2.801843614149140649e+01,3.000836361880232062e+01,2.981531394340697716e+01,2.986586798284355382e+01,2.959508509647878327e+01,3.031103685289133409e+01,2.943611401541102168e+01,2.941797275824154667e+01,2.912972665368027947e+01,3.052548348734893580e+01,2.935613132321475405e+01,3.105227317936527243e+01,2.949204002967553606e+01,3.010669228055184021e+01,2.974953370089036753e+01,3.044884898901375436e+01,3.003250677677698377e+01,2.974037588779304997e+01,3.016399541887392388e+01
2.955118594404160604e+01,3.004355218271888361e+01,2.919513006127135668e+01,3.004976400806231140e+01,2.842934592584271059e+01,2.979714644958295366e+01,2.980329353208156817e+01,3.082984763581066545e+01,2.925062264389077882e+01,3.030655628703397042e+01,2.938961352890873968e+01,3.072875295370778304e+01,2.982561469975951240e+01,3.058816911375322434e+01,2.838795547388303930e+01,3.027212335619964279e+01,2.921475390919033543e+01,3.024438654560850637e+01,3.004816122660821520e+01,3.075628738985773225e+01,2.850346562070103573e+01,3.093697629433813745e+01,3.050044777292094977e+01,2.995329338158933297e+01
