3.015867219036778124e+01,2.809481742228609846e+01,3.019176626875935199e+01,2.899647015411568418e+01,2.974427213233195744e+01,2.811020250290061995e+01,3.006848696106084162e+01,2.770537048307033956e+01,3.075248971875356574e+01,2.896887813872564266e+01,2.951013107710230088e+01,2.815132063292469411e+01,2.953148005387311059e+01,2.911778225028183442e+01,2.962634802500514297e+01,2.867074575499520961e+01,3.083099780643738086e+01,2.902507890374727140e+01,2.994496697066807656e+01,2.964516489475818162e+01,3.014607426432991133e+01,2.826258071799912841e+01,2.967173979655410676e+01,2.868319573842569525e+01
2.712327877652433017e+01,2.947136550167670066e+01,2.835145937519268955e+01,2.919744542098010243e+01,2.988626147840682279e+01,2.947900633595446607e+01,2.727036336884640377e+01,2.963180950267616254e+01,2.970134417563753004e+01,2.958002573550015768e+01,2.930221808117272531e+01,3.027107378741607135e+01,2.866845816005280767e+01,2.989218969105633050e+01,2.962833024608846699e+01,3.012807534828806411e+01,2.886492611990081514e+01,3.020566767264728014e+01,2.814883947424323196e+01,2.950301184319124559e+01,2.801346364390809640e+01,3.043549983318433760e+01,2.937113099953177198e+01,3.054325339736419664e+01
2.884696867738580295e+01,2.805828838100433131e+01,2.950853725275754869e+01,2.945077675888938984e+01,2.927838661895310679e+01,2.789116740083949253e+01,2.960514498781606108e+01,2.898111256980172357e+01,2.787608779357628919e+01,2.827491530905291484e+01,3.003190030801317789e+01,2.791219087707048629e+01,2.868213884491797216e+01,2.819400370712867243e+01,2.875585422999228058e+01,2.926346751173787197e+01,2.811891741563005098e+01,2.904175729093265090e+01,2.975592189548996203e+01,2.835252808263743418e+01,2.990267018144419353e+01,2.850324728779912675e+01,2.844089448690681365e+01,2.798402130309949598e+01
2.806455195503122013e+01,2.951712608840125540e+01,2.859374530558426386e+01,3.042878189704055103e+01,2.849072305334033217e+01,2.973372320481587394e+01,2.840194865591473672e+01,3.070384776273442640e+01,2.914631768937408651e+01,3.051061989411942932e+01,2.856221539675988197e+01,3.003866619590871778e+01,2.793872362138552035e+01,3.097816862318273934e+01,2.842890679794339803e+01,3.049091235061092675e+01,2.898440247371831902e+01,3.032996682495360119e+01,2.879683280875480023e+01,3.098471016191058425e+01,3.006721916105317405e+01,3.145633054340112267e+01,2.954861010069600979e+01,3.022408439241178257e+01
2.949617590052724836e+01,2.957011976587114077e+01,2.931738958817658158e+01,2.938903155073904827e+01,2.920421078143579052e+01,2.883342283572392262e+01,2.953185873499967329e+01,2.952257894136852201e+01,3.043810333547730806e+01,2.838482484430448949e+01,2.989799044041768639e+01,2.876987805768516182e+01,3.018430189379665762e+01,2.926341841646177500e+01,3.004314084446127708e+01,2.879778001617989958e+01,2.995226851220246544e+01,2.862392741017947628e+01,2.944806434844701926e+01,2.942113621056159900e+01,2.981000776147197939e+01,2.878714603531233251e+01,2.956283773441816720e+01,2.921861968245065100e+01
2.712577121485077214e+01,2.999398535662055565e+01,2.924780598612426274e+01,2.872397129805614213e+01,2.927104109812648858e+01,2.974254516979857499e+01,2.841286375704072498e+01,3.015329265273624060e+01,2.795584886651045053e+01,2.903718139137583876e+01,2.864793862990177331e+01,2.978729649802903623e+01,2.937090502518549329e+01,2.946631507061624689e+01,2.867304658037653553e+01,2.926226552705639961e+01,2.859387805148867301e+01,2.942682915090421147e+01,2.883159690509302209e+01,3.007288790844995674e+01,2.889020276852761526e+01,3.004818038159817206e+01,2.856747624465691615e+01,3.020321579601221629e+01
2.998349532962532749e+01,2.794370942570287752e+01,2.934841345679689084e+01,2.746202708091391287e+01,2.927688877368098019e+01,2.806146346863584995e+01,2.926970963522717284e+01,2.890455833891286375e+01,3.006487354656104571e+01,2.833913535316713705e+01,2.929662161884567695e+01,2.902720996781346230e+01,3.005225668818269469e+01,2.908896067751385317e+01,2.960164517136581708e+01,2.857969389379439917e+01,2.963370096991599212e+01,2.916465835460019207e+01,2.994483563490427969e+01,2.924380431574633121e+01,2.998353914855329094e+01,2.916960422412483922e+01,3.022163276085035477e+01,2.861099416579367016e+01
2.802507750636192441e+01,2.887480770842387301e+01,2.776163113811168159e+01,2.999549218682051333e+01,2.769156003410637368e+01,2.970847211664937504e+01,2.878854956827859723e+01,2.951313767923454634e+01,2.793051282096570276e+01,2.970996358038570406e+01,2.834842592748549350e+01,2.966918636906945039e+01,2.883775904837489179e+01,2.966019087844875912e+01,2.853968906723827104e+01,3.004895777462041906e+01,2.920838923102502349e+01,3.051467209752502185e+01,2.963961549125207284e+01,3.027965579809205110e+01,2.928729987546790881e+01,2.903778361182128265e+01,2.811948022983943929e+01,2.931173436788503750e+01
2.917378072067475614e+01,2.800702046184181881e+01,2.925574585919491710e+01,2.785279099369768119e+01,2.997269152740432219e+01,2.906419590489349503e+01,2.978065990395026574e+01,2.961116679328796408e+01,2.962635955439827740e+01,2.786577042935073223e+01,3.014840992579945578e+01,2.808207722933974537e+01,3.024398487039928796e+01,2.903791330025489970e+01,2.965951019656444032e+01,2.981451131550363698e+01,3.003396119370239603e+01,2.898881314408271237e+01,2.961302473771462473e+01,2.891209727309092159e+01,2.903090373122978463e+01,2.937658956394841425e+01,2.976497508104694134e+01,2.904321977195610316e+01
2.927494756648610519e+01,2.859763877100533591e+01,2.889683802289926007e+01,2.943950675029014974e+01,2.865346947991099569e+01,2.909078788633127033e+01,2.907825004692926996e+01,2.985054178602911179e+01,2.831323479523445030e+01,2.877723809329592086e+01,2.930306492337041391e+01,3.035838609190375337e+01,2.883221158995951328e+01,3.036240318775503511e+01,2.862167256993302544e+01,2.920952886771812018e+01,2.926744272987889417e+01,2.952032582177997710e+01,2.948528251632177444e+01,3.020636037612956670e+01,2.894773918399909007e+01,2.949210855309888757e+01,2.825828807261524389e+01,2.943820058167131037e+01
2.856616929374189340e+01,2.773970660256628662e+01,2.992709904880047134e+01,2.919060434790657155e+01,2.968501863794114115e+01,2.921138586786594260e+01,2.956996078575923548e+01,2.818585052791530643e+01,2.873393796143164991e+01,2.834239839850960152e+01,2.923438051618614963e+01,2.897663395386115326e+01,2.946031345437035043e+01,2.869209813096932749e+01,2.918126530101898197e+01,2.926009136054688042e+01,2.923125398548523890e+01,2.945274281407159833e+01,2.902571328356623326e+01,2.907900447802217059e+01,2.876106230488278470e+01,2.810971798476333561e+01,2.943099760995460201e+01,2.904861854355158357e+01
2.867495958034044179e+01,2.985067272265814609e+01,2.843941034682086411e+01,3.020936915317224702e+01,2.865651002897749322e+01,2.917683786619181774e+01,2.890154875024853709e+01,2.991262487119053048e+01,2.913526926826858698e+01,3.062392085141533471e+01,2.860313795327579101e+01,3.023807608911204170e+01,2.904938628848321969e+01,2.933587903885671722e+01,2.785011860371423609e+01,3.026936821895020557e+01,2.953690829015658892e+01,2.974299217075702018e+01,2.865045317244641865e+01,3.064623105645910073e+01,2.932254968830125108e+01,2.908227678586973752e+01,2.824457663302882793e+01,3.081731940114195822e+01
2.974435948238885885e+01,2.884748606540131277e+01,3.020826698756383166e+01,2.968105030642652764e+01,2.916156754625421854e+01,2.871655454996920298e+01,3.034522309476341206e+01,2.870447728398210074e+01,2.926215128952355826e+01,3.027280943811160796e+01,2.966699188071174831e+01,2.833924736136611955e+01,3.024343596193710937e+01,2.825958700037671179e+01,2.904959187405114562e+01,2.903024019793014077e+01,2.965267617838162550e+01,2.879058137894031688e+01,3.066909628630821771e+01,2.931659717395177722e+01,2.981948108688965249e+01,2.872739264073840104e+01,2.968370630432571033e+01,2.956186730225027759e+01
2.817793616161657155e+01,2.983147291440531035e+01,2.908212179685000365e+01,3.040080988767664394e+01,2.875806568557885612e+01,2.985990307800449273e+01,2.928846489986932511e+01,2.975171833765756446e+01,2.921214965821843634e+01,3.025312608167189410e+01,2.836759669781025650e+01,2.961213011054269373e+01,2.880765323210107454e+01,2.890272605360047464e+01,2.904742330786143611e+01,2.995830614417934612e+01,2.932086434581208323e+01,2.933208486781398960e+01,2.880320737652613161e+01,2.916159298848032222e+01,2.836010200081506127e+01,2.975526303374300596e+01,2.796003148490547119e+01,2.962663407393085890e+01
2.964228705405184883e+01,2.766830958979471689e+01,2.979240167152590857e+01,2.886097592861869998e+01,2.979453060556431865e+01,2.904187928331208468e+01,2.941688811820455385e+01,2.939677135482423864e+01,2.963227703242068856e+01,2.826218476528822521e+01,2.929296941052581360e+01,2.869838738045490345e+01,2.912796884591790558e+01,2.937643387638689774e+01,2.915212734414086526e+01,2.805275002092849945e+01,3.054487635941154622e+01,2.901058510555037628e+01,2.995677243818028046e+01,2.848487375568964808e+01,3.036292708738113788e+01,2.888465532670966240e+01,2.890381449408033632e+01,2.853179947481032741e+01
2.929450773842512490e+01,3.000336553112703086e+01,2.897379461231491860e+01,2.962128932382807989e+01,2.860269610467906887e+01,2.957037387903619674e+01,2.884052318038487783e+01,2.966280934630282218e+01,2.789615624300193986e+01,2.997664320578491015e+01,2.915363933378120009e+01,3.008917403171847127e+01,2.926833757455045770e+01,2.979505394888087721e+01,2.881235198409666509e+01,2.989497201831346729e+01,2.845946962409408343e+01,3.006121641677202661e+01,2.892739772942672971e+01,2.979679874882293689e+01,2.956698540934593211e+01,2.864659080768302601e+01,2.873005349317895707e+01,2.927676409684028158e+01
2.964840301823670643e+01,2.894988237904647121e+01,3.026663405355077430e+01,2.937379702130516534e+01,2.995887302974563227e+01,2.853559221315032346e+01,3.095177751475756622e+01,2.871866432170435246e+01,2.954905099117223699e+01,2.954760999022096257e+01,2.959739474793940417e+01,2.960054650192483905e+01,2.908643461734834545e+01,2.863478120252818826e+01,3.009003172859866027e+01,2.958558722042209865e+01,3.107951251231230572e+01,2.891268262113300125e+01,2.956744142183572421e+01,2.972068858614420606e+01,2.996877801893879223e+01,2.921454827000815158e+01,2.976497122462660627e+01,2.929842885326019086e+01
2.934201888983494655e+01,2.906485218931129566e+01,2.859620744526733915e+01,2.956686849727975641e+01,2.903987870990357578e+01,2.977548264656587662e+01,2.831940336492419874e+01,2.997359779954035730e+01,2.837725302182025189e+01,2.958950597614193612e+01,2.952499296463253131e+01,2.958950597614193612e+01,2.882695986121052556e+01,2.954643045108167598e+01,2.870601802348500087e+01,2.872124585424643328e+01,2.907198412604094528e+01,2.988503756654426979e+01,2.909430684976507564e+01,2.949511126580193832e+01,2.895526545961558895e+01,2.963403331563029042e+01,3.027272301511283104e+01,3.038580302960241397e+01
2.966274672419308445e+01,2.904397401584088811e+01,2.978320779331187396e+01,2.897585029054886263e+01,2.923108536100414767e+01,2.868969911139197393e+01,2.999520014725231931e+01,2.925464021701810680e+01,2.959141657208601828e+01,2.902209951470058513e+01,3.012230028401597792e+01,2.939097270576775145e+01,2.969736165654859406e+01,2.861813166227375405e+01,2.949962386321027452e+01,2.876571451284274872e+01,3.001045426745673694e+01,2.887980806703274084e+01,3.005218252049706962e+01,2.954987314571474144e+01,3.014716898206984297e+01,2.905451932009270877e+01,2.984639664589093400e+01,2.855965987697061337e+01
2.923258974998424264e+01,3.078910436067326373e+01,2.864085341634955739e+01,3.003531463979498994e+01,2.934441391638335972e+01,3.107399959529607258e+01,2.967783808369392773e+01,3.013970024618788557e+01,2.936366198910428693e+01,3.058585182573767725e+01,2.887118702778928991e+01,3.000122912378753881e+01,2.925210272822681645e+01,3.078238059682280436e+01,2.884926449025954298e+01,3.059191878131400699e+01,2.937874375829494511e+01,3.063836136518835929e+01,2.877595754208743983e+01,3.007317058180296954e+01,2.937639470670649189e+01,3.016581379238601812e+01,2.956491272937711301e+01,3.011510717720415187e+01
3.160785214606164573e+01,2.990942296569920700e+01,3.007305765812196796e+01,2.953122125284318145e+01,3.064043923066071784e+01,2.994242232359061973e+01,3.094128102763215793e+01,2.920511049465903852e+01,3.066270029814359077e+01,2.950631389114420244e+01,3.019728636793956866e+01,2.982466538290555036e+01,3.044603841580897097e+01,2.913291111569299119e+01,3.029951061078384100e+01,2.912503662717921316e+01,3.089514622660055920e+01,3.023119563890389827e+01,3.003807657177492274e+01,2.817212116088785478e+01,2.999713505279493120e+01,2.977854786043388913e+01,3.016472092887244116e+01,2.942567171368665413e+01
3.046484047023307085e+01,2.996346427457939399e+01,2.953390683754753354e+01,3.069848148477382210e+01,3.104170804040222720e+01,3.094786286122672436e+01,3.022520196860551778e+01,3.025195411044575167e+01,3.028737323554065597e+01,3.047489965665960199e+01,2.989904255051391146e+01,3.079324768172057247e+01,2.974592340108131339e+01,3.027416802984214428e+01,2.895584025579790932e+01,2.963258714604234001e+01,2.949658428427090939e+01,3.017382651317535647e+01,2.916525801874655599e+01,2.933281080887513781e+01,2.900384116816798041e+01,2.954149569205173975e+01,2.959614591154900154e+01,3.082305097556286455e+01
2.934172457671490974e+01,2.920380458171047167e+01,3.053825882717330842e+01,2.900038547559620383e+01,2.973990652689707304e+01,2.857257618989052617e+01,3.023372766534305356e+01,3.033209240647244087e+01,3.002976576869957626e+01,2.959177202792676553e+01,3.064803380507640895e+01,3.022516273246463925e+01,2.990542230455133677e+01,2.981920084305619412e+01,2.990257724003083695e+01,2.867330712252282865e+01,2.996114410286037355e+01,2.887459682217223644e+01,2.988341490610997653e+01,2.947965490694343771e+01,2.978946686087232365e+01,3.029187608266084908e+01,2.997815750214039099e+01,2.869066794601150150e+01
2.825988932783570817e+01,2.927980585850895068e+01,2.915096938508105495e+01,3.009746006549579533e+01,2.835893754966559754e+01,2.999087251941728027e+01,2.994512952297702668e+01,3.000691736375119945e+01,2.913249017403512653e+01,3.039586938703399710e+01,2.950431108574082373e+01,3.025434743861285369e+01,2.943280200650679035e+01,3.011392762751023611e+01,2.994499278852470070e+01,3.033546373753466696e+01,2.946295990784460628e+01,3.036944663417585843e+01,2.940625643161371272e+01,2.953175631763480169e+01,2.886815316956892730e+01,2.987900089961379990e+01,2.938502901326438632e+01,3.010629036257506641e+01
3.029354107394215134e+01,2.890452063222249990e+01,3.046186290850300793e+01,2.868499480177894156e+01,3.025653302068894845e+01,2.970567361001684503e+01,3.091764681620247757e+01,2.904707994421369222e+01,3.068498704541843836e+01,2.955547717260873242e+01,3.007052517251543122e+01,2.947883337521881231e+01,2.933743456842410069e+01,3.018577029580177395e+01,3.055282514939455041e+01,2.876826326596955141e+01,3.021600373121663097e+01,2.918558916139653547e+01,3.040719625865341413e+01,2.942796993099000247e+01,3.049123888077076572e+01,2.974609850491322049e+01,2.969889209328164270e+01,2.913320745691095226e+01
2.892449615318986389e+01,3.030320419436333168e+01,3.025958285134322523e+01,2.897109629553636978e+01,2.927039941163099002e+01,3.012705552196581493e+01,2.884148173346039812e+01,2.994093178996411098e+01,2.902207981451687147e+01,2.983079117331283214e+01,2.907864286822143640e+01,2.979348318258735162e+01,2.969775446755943449e+01,3.045435323315041387e+01,2.950163244658494932e+01,3.002292356614719893e+01,3.001740560881125930e+01,3.001677891695203471e+01,2.932369784450753514e+01,2.986007237889481303e+01,3.007112103007318638e+01,3.005025587344118776e+01,2.846393223847786658e+01,2.992199363263955547e+01
2.917198707027966975e+01,2.827462105087795408e+01,2.923033436366461046e+01,2.835768982506954217e+01,2.963316748424375646e+01,2.957080254363148697e+01,2.907481498493723393e+01,2.862938140897762196e+01,2.958252802448697594e+01,2.892646466344382361e+01,2.980492528963418408e+01,2.969200730716983117e+01,2.949973298835544711e+01,2.956435433498478460e+01,3.010633076792538532e+01,2.982928007156596095e+01,3.036420187959771511e+01,2.949058465358535841e+01,3.032398410414020873e+01,2.912406394563225831e+01,3.045932045725589887e+01,2.973669411390085315e+01,2.924926324794824950e+01,2.789075512345561947e+01
2.895519581295360467e+01,3.034876888039946152e+01,2.891583901810435009e+01,3.015037804080390060e+01,2.842619711721067688e+01,3.073239083895703061e+01,2.987688578720684518e+01,2.958271168007536289e+01,2.893736265063711244e+01,2.993324517276971619e+01,2.904169927616823088e+01,3.029987492780247749e+01,2.945897772901395228e+01,3.085648038655989467e+01,2.964856921440576798e+01,3.011657552279473293e+01,2.924435031481556280e+01,2.990237450828914234e+01,2.994397099395735040e+01,3.062795432020436692e+01,2.957833498178649734e+01,3.085296815471656373e+01,2.819334763839060543e+01,3.065336645386491909e+01
3.014251622434738920e+01,2.809099065051282196e+01,2.973446807838081440e+01,2.867181266674481321e+01,2.873823631701486647e+01,2.893277431546982825e+01,3.014852734575339355e+01,2.971042633829205215e+01,3.098691976572530393e+01,2.900668176509975638e+01,2.917450079746186020e+01,2.935823960067438065e+01,3.062204124084195200e+01,2.905351306396835298e+01,3.021835469222708070e+01,2.960569514828790716e+01,3.060403673042839046e+01,2.919428386983952350e+01,3.063186361004960645e+01,2.914705591061959922e+01,2.980857465220714175e+01,2.846930718836921415e+01,3.052663684713974135e+01,2.888577144197779489e+01
2.834782408307910373e+01,2.918576815701578653e+01,2.924340744517928670e+01,2.896835870393476853e+01,2.936108891974845392e+01,3.014370460903768389e+01,2.897916780993250541e+01,2.931136790277776072e+01,2.886266586569882975e+01,3.146193643143720919e+01,2.899948498086359905e+01,2.996198129301473045e+01,2.833448441978339361e+01,3.007303635378099216e+01,2.923224751087207096e+01,3.018320010352454119e+01,2.915677086449096578e+01,3.068627927547834133e+01,2.839365189416963631e+01,2.916980883909195654e+01,2.914929117617163001e+01,3.033357621138810600e+01,2.885033434809741948e+01,3.039146620139592869e+01
2.973505768770240820e+01,2.891496839303744082e+01,2.880334927138557077e+01,2.876194399884764152e+01,2.877690660080548923e+01,2.904307847255108754e+01,3.047322450707753205e+01,2.895627279996853076e+01,3.025844246948690852e+01,2.891914220119201673e+01,2.878187880617002747e+01,2.974641772581566102e+01,2.991525497548315116e+01,2.901204477501335077e+01,2.940529373641749089e+01,2.823530554921291014e+01,3.057156930470125644e+01,3.047141941531231168e+01,3.049914139074911645e+01,2.908467468762029284e+01,2.961227517434866741e+01,3.032345007090964373e+01,3.037831882152346452e+01,2.985982487311719069e+01
2.817979640571610389e+01,2.838405538963320396e+01,2.803038336725478530e+01,2.907689354075785104e+01,2.907614158822764239e+01,2.990651607938241341e+01,2.875488053047610038e+01,3.062121216958445302e+01,2.945565401089697843e+01,2.918662762828739687e+01,2.955955051934927269e+01,3.044539998246284540e+01,2.911466869308361538e+01,3.045667190848706696e+01,2.918628808045662026e+01,2.996297407545108626e+01,2.810920366720932861e+01,3.139581039812912877e+01,3.027859036703051743e+01,3.074757854795490175e+01,2.884522917951119325e+01,3.077728286857410467e+01,3.045665419729476753e+01,3.106282254858672331e+01
