2.337786341985230365e+01,2.363370456369796102e+01,2.406692750766245581e+01,2.423396628228658756e+01,2.265818184794085255e+01,2.406644578903041065e+01,2.454863886938886708e+01,2.482710310141521859e+01,2.459443193767384628e+01,2.441495909075177906e+01,2.398317516280752670e+01,2.334802249760406312e+01,2.380434266797459486e+01,2.455448805312175864e+01,2.364073888823509151e+01,2.521929756290666091e+01,2.556183312459495482e+01,2.422599390387335916e+01,2.392886499848088988e+01,2.530975716024767053e+01,2.460649848631231862e+01,2.607133664787039606e+01,2.378045106665274488e+01,2.535381912340926647e+01
2.351504499482592792e+01,2.386059553510949627e+01,2.363214397500962605e+01,2.363418839030850904e+01,2.322769550637559632e+01,2.468459314999677190e+01,2.462011403049831415e+01,2.299478584581095220e+01,2.382383053520135263e+01,2.407635746535618182e+01,2.414095727108787059e+01,2.283987776061775321e+01,2.390044543100293595e+01,2.273050042205142063e+01,2.467060320065479573e+01,2.423176787733621040e+01,2.455063717578576643e+01,2.450703445262763580e+01,2.359372317658005613e+01,2.398874738086237812e+01,2.534588477502978776e+01,2.533807432927409309e+01,2.559403092137216618e+01,2.394567626397588356e+01
2.377031454571329050e+01,2.414693199894304598e+01,2.496401088970037563e+01,2.332340528611189256e+01,2.424973554110016494e+01,2.500472958219057773e+01,2.348538847399100860e+01,2.425066407374850996e+01,2.413370027429652964e+01,2.330613319735465438e+01,2.312867714099365912e+01,2.356459751742812614e+01,2.342827287856982821e+01,2.342894744542400076e+01,2.308734749051069457e+01,2.181252051191773944e+01,2.304870906749653159e+01,2.279806583394775998e+01,2.300505218074908953e+01,2.336974905161679317e+01,2.419040161531592048e+01,2.392656909193539150e+01,2.381388367896460068e+01,2.410497014858907505e+01
2.541937013181370730e+01,2.447416998931356602e+01,2.461720407156639112e+01,2.516405453607291065e+01,2.215009550624279200e+01,2.359328380894214661e+01,2.434420935939664332e+01,2.484175920595305342e+01,2.464842229356094094e+01,2.426377665667007477e+01,2.359925926593882650e+01,2.338661069653960567e+01,2.275350102925438023e+01,2.238458752889113157e+01,2.366713827703307516e+01,2.303934472173273207e+01,2.319763747308991242e+01,2.259893213459463368e+01,2.361943677052863677e+01,2.383110011372480130e+01,2.360439711258140960e+01,2.312580199742785680e+01,2.321109743291788163e+01,2.350458968203895438e+01
2.446368233338586151e+01,2.437731263670929138e+01,2.519245311215985339e+01,2.487021967759284280e+01,2.440952776479934982e+01,2.554622005373522597e+01,2.492233662890259893e+01,2.437595842117588063e+01,2.509560242245510153e+01,2.398592735490279892e+01,2.490915312620109034e+01,2.513212204510517722e+01,2.365899376567750778e+01,2.446854100660169706e+01,2.374811304621960062e+01,2.225356395644507757e+01,2.320261539438945420e+01,2.438869408212536882e+01,2.363168867927601013e+01,2.381373717484160579e+01,2.313003568579892999e+01,2.333064062218460322e+01,2.322813978684467884e+01,2.437830567126945880e+01
2.427328034620779817e+01,2.544529434812034197e+01,2.584723624525815922e+01,2.521525100952970888e+01,2.516403317350108182e+01,2.413904983931308834e+01,2.427488234954091695e+01,2.535541053119135313e+01,2.573532898685567716e+01,2.537330860502072483e+01,2.483427838377451735e+01,2.500692886321621700e+01,2.481921591704303864e+01,2.427160150609597622e+01,2.446128575225515078e+01,2.405787061125437276e+01,2.400169993182549888e+01,2.321906657000812402e+01,2.385522956965587582e+01,2.385622515252907760e+01,2.390905988268787041e+01,2.341157363826403071e+01,2.270233553648762381e+01,2.317607276869244970e+01
2.520637208998510914e+01,2.481834309409464367e+01,2.498770256843954485e+01,2.484899837532310585e+01,2.489614460000194640e+01,2.414243216862558938e+01,2.486856146790933053e+01,2.492634038939507946e+01,2.583865320150437128e+01,2.508183667647182347e+01,2.578156522574926157e+01,2.538263487415662212e+01,2.433685205763123349e+01,2.414958085398967569e+01,2.406247575276120187e+01,2.436248499870629303e+01,2.575834599008442183e+01,2.478365439430365313e+01,2.533110084900243919e+01,2.506011552274469523e+01,2.575660692236306204e+01,2.495947027358755577e+01,2.459365012737498546e+01,2.441286742520105690e+01
2.509729104840613445e+01,2.537817224514134296e+01,2.474517197680086156e+01,2.480235771817820023e+01,2.477522163807640254e+01,2.529112045053591373e+01,2.425110687748889404e+01,2.489193392583632658e+01,2.468097929610820529e+01,2.527390860347725265e+01,2.504517678000945580e+01,2.522463497349286854e+01,2.483343932677871635e+01,2.575934475437350102e+01,2.523678674397774557e+01,2.524694110231024524e+01,2.555848951798310509e+01,2.498848854502472250e+01,2.470706470176247649e+01,2.563448629382145327e+01,2.530497362109650794e+01,2.532335486905907374e+01,2.456871533495291260e+01,2.564364431251084397e+01
2.502139632840118111e+01,2.491953457154949092e+01,2.546436242962602137e+01,2.540195189829591982e+01,2.499089364526628287e+01,2.579215514216292604e+01,2.609853373577448110e+01,2.630526937979675495e+01,2.555025734046216712e+01,2.610422558427461581e+01,2.553968895647443560e+01,2.589666584131589389e+01,2.649493765515097721e+01,2.510306908979470109e+01,2.538658008780026876e+01,2.590342455901929952e+01,2.611426053177302720e+01,2.558155684181491551e+01,2.480426573711446281e+01,2.480448316710737799e+01,2.512855622172457970e+01,2.455972215671454251e+01,2.553584026267060381e+01,2.557643749250462406e+01
2.540228787728801763e+01,2.378424384788871748e+01,2.517719834880716689e+01,2.465044987519314645e+01,2.502705756628807876e+01,2.540920810266544549e+01,2.596186554258406431e+01,2.579042117375428234e+01,2.587398547331895315e+01,2.519570186682045687e+01,2.578566530599255202e+01,2.541973744742864483e+01,2.544089864180136829e+01,2.525695799889786031e+01,2.575143823410257937e+01,2.610707023379302427e+01,2.520510671824422388e+01,2.574178908156937950e+01,2.542399465528620794e+01,2.540326375243603252e+01,2.580906366275900155e+01,2.576743236906872880e+01,2.518458153435938129e+01,2.517393799829790169e+01
2.375480702885698747e+01,2.403474863793962868e+01,2.475760325360403158e+01,2.425740230089820670e+01,2.469596995157075980e+01,2.542999313708423870e+01,2.461105040443374037e+01,2.481882590366575414e+01,2.481712102673543541e+01,2.498047505825979897e+01,2.529447235568738961e+01,2.508244009032983968e+01,2.551797114396782717e+01,2.444015450375678711e+01,2.505544737967989022e+01,2.603468698320091335e+01,2.546440068680198010e+01,2.522236808917818962e+01,2.525986535832566915e+01,2.536969426466657751e+01,2.502612107792577945e+01,2.533810115241271887e+01,2.611519802922276767e+01,2.518629264487060482e+01
2.374090662143959207e+01,2.487043207087992869e+01,2.471165784510134245e+01,2.598769331298916541e+01,2.466967910705449185e+01,2.491392763781487929e+01,2.525362251949110259e+01,2.457464833286019257e+01,2.492634452964097136e+01,2.532414016885354613e+01,2.488885342627969521e+01,2.510604776867307919e+01,2.498608902871779947e+01,2.485894243455027208e+01,2.461187563036241954e+01,2.564636898584262781e+01,2.529468824917904612e+01,2.596042027240014249e+01,2.529266037463179373e+01,2.582748930352892103e+01,2.562521349877164312e+01,2.546535224159737254e+01,2.514772627653218251e+01,2.634513368888769946e+01
2.377246058138200624e+01,2.427636740887038513e+01,2.392667911221531085e+01,2.456001135652547873e+01,2.473673817019766830e+01,2.482329414639707466e+01,2.523648756180654118e+01,2.476700557716691264e+01,2.445557215406734031e+01,2.465008063464597399e+01,2.504255374972007075e+01,2.403651053485168632e+01,2.496572141367391851e+01,2.510572460947753370e+01,2.473686607109613078e+01,2.455377411754568584e+01,2.483332806385010372e+01,2.565771378373489142e+01,2.554862959514360909e+01,2.588155594252492619e+01,2.537028425675771359e+01,2.621902222796273918e+01,2.559799184202699962e+01,2.546097471389458633e+01
2.482075141755740333e+01,2.446200214817469032e+01,2.489243911432208733e+01,2.508585280118103356e+01,2.472455363328566591e+01,2.544192152408498941e+01,2.489150848338613287e+01,2.529796174737163028e+01,2.479567139336478476e+01,2.515033159418038622e+01,2.513303342029280429e+01,2.480529803701909941e+01,2.502793175553955507e+01,2.522887151391330463e+01,2.478323280752965729e+01,2.398962814352694295e+01,2.572525192325304033e+01,2.485246260273623875e+01,2.451991566987368287e+01,2.467537964608112588e+01,2.426471917526708921e+01,2.564453443734794291e+01,2.533562828837301595e+01,2.479424827685016908e+01
2.465951032160944578e+01,2.371983421539738401e+01,2.503623107038595208e+01,2.451099147197351158e+01,2.518027602559220668e+01,2.500821564212083103e+01,2.480917405239648588e+01,2.429803795469490524e+01,2.485324159071490158e+01,2.468096640764434824e+01,2.448584478752235327e+01,2.493893115942813665e+01,2.414688730204210287e+01,2.360505831042610225e+01,2.417054471137151950e+01,2.461755861986398486e+01,2.457340743704895658e+01,2.489877998961719641e+01,2.464007247363593933e+01,2.492596543204433601e+01,2.465892080788455587e+01,2.497519885100922465e+01,2.572448802922997402e+01,2.463260185915049760e+01
2.437727265997364157e+01,2.364761929479385572e+01,2.443067606780431333e+01,2.371410298408272865e+01,2.403573770272498678e+01,2.442906029865019946e+01,2.566846629807815816e+01,2.571951507339895215e+01,2.464961456714695487e+01,2.450313553412161127e+01,2.440822185899355645e+01,2.479519445754840490e+01,2.332349020549946772e+01,2.482609383155812566e+01,2.503063429398207518e+01,2.473611359984033697e+01,2.386590954544681153e+01,2.458728317855917567e+01,2.414902431521647941e+01,2.515647211138593775e+01,2.409887345520633062e+01,2.606253880087962216e+01,2.395167398303755135e+01,2.495179316894507338e+01
2.286882541597680074e+01,2.377861158722066648e+01,2.510932401122329338e+01,2.460061253612610699e+01,2.428513271478226443e+01,2.515878527134492515e+01,2.412313751625720215e+01,2.479651524043327981e+01,2.492149247445104265e+01,2.493257712986547858e+01,2.412521925455081373e+01,2.481759999024836816e+01,2.444188018309517929e+01,2.447874696481841283e+01,2.480940668042518382e+01,2.446063564320462547e+01,2.409371130918674453e+01,2.442124532523564540e+01,2.476302729782270262e+01,2.406583906563713526e+01,2.338814977268521034e+01,2.562414735336790272e+01,2.423981618973425611e+01,2.446823463189241465e+01
2.440288121507575170e+01,2.387886182475853047e+01,2.440713437224439986e+01,2.496937447197683468e+01,2.481995503921700674e+01,2.464136170220541544e+01,2.459243358818497427e+01,2.432675541414101872e+01,2.576683506336900109e+01,2.494857869202610345e+01,2.460194270771688707e+01,2.461431423327184120e+01,2.355098213458234113e+01,2.440611608524409348e+01,2.390406834448219797e+01,2.504725999003056813e+01,2.411055337282544997e+01,2.406473293932560864e+01,2.415385609389409183e+01,2.398960820570312080e+01,2.468685820283229759e+01,2.498900809168821979e+01,2.535707386518993189e+01,2.539417906170143624e+01
2.488069862174330638e+01,2.433179248920419013e+01,2.366390889908745976e+01,2.368578395831445960e+01,2.425860722698115524e+01,2.464934178092079264e+01,2.432479757289866029e+01,2.327163239281355800e+01,2.374693522127699907e+01,2.495148617229926913e+01,2.464775579401367622e+01,2.463925538657468906e+01,2.389331212485046763e+01,2.400838735670680535e+01,2.402069666341355969e+01,2.398994018725545629e+01,2.453032617275368921e+01,2.341345250682809365e+01,2.419901344891172812e+01,2.444698146202642874e+01,2.464019840063144784e+01,2.389222048458645986e+01,2.427688626933377236e+01,2.465795917534796899e+01
2.287644504995950001e+01,2.281427012135856103e+01,2.482509918697923013e+01,2.335961624427318384e+01,2.480145745731408624e+01,2.320592831647451249e+01,2.353730758037761461e+01,2.412603230814346489e+01,2.460191173739553960e+01,2.478185629926554157e+01,2.359626256774646436e+01,2.503001274923980191e+01,2.431493842165764363e+01,2.396277698468139761e+01,2.407017653159124393e+01,2.409438596372626762e+01,2.495936884772174835e+01,2.427631656275400474e+01,2.346617719358039267e+01,2.453982735486619049e+01,2.425465740480649401e+01,2.550418751389202043e+01,2.480830492766426687e+01,2.488782072577708959e+01
2.465737394921450232e+01,2.376521953450202318e+01,2.357395977140032528e+01,2.363081253983239094e+01,2.477862451982718994e+01,2.463774531581117344e+01,2.493781675348105864e+01,2.406253666782254186e+01,2.469473517674674667e+01,2.386514390019868870e+01,2.419514712033867454e+01,2.419282765481023034e+01,2.398134904814071433e+01,2.314340526115415742e+01,2.467749096100919814e+01,2.364240964048912019e+01,2.474553534511051112e+01,2.440336148865941368e+01,2.541496319590618214e+01,2.505777166885775387e+01,2.606477588060249673e+01,2.586653673346427240e+01,2.571019427801508073e+01,2.570947123876089790e+01
2.331340424820791668e+01,2.379031190301282095e+01,2.383471547972987992e+01,2.519764459779293020e+01,2.414771336112545441e+01,2.382330902495806413e+01,2.333499796412763772e+01,2.475796559739933400e+01,2.430592418426670065e+01,2.429461754378792193e+01,2.360866380720335655e+01,2.397825085558901037e+01,2.376550784979093578e+01,2.445605691812232863e+01,2.398992873347168597e+01,2.396422580888037146e+01,2.299544681149643566e+01,2.452459053070913342e+01,2.489893187289658272e+01,2.572670651873755787e+01,2.545808552413319603e+01,2.596136840254877143e+01,2.574647475495095250e+01,2.745104123755919545e+01
2.412820380054057523e+01,2.406109227475280932e+01,2.440381808237566474e+01,2.386615923184126586e+01,2.380548309668819229e+01,2.493561535578623989e+01,2.452842438356412913e+01,2.433595717305769313e+01,2.306408286228372617e+01,2.377190446251046296e+01,2.428324743638205518e+01,2.461837912967519060e+01,2.406326243371819373e+01,2.403222608462772314e+01,2.370383582193403527e+01,2.351968440615576128e+01,2.427507705477660238e+01,2.425730618841612340e+01,2.454111301729915340e+01,2.469584157777637756e+01,2.662078519063544491e+01,2.497350117584488771e+01,2.685576609506540535e+01,2.670107034117154399e+01
2.436032513941256639e+01,2.318589435276845734e+01,2.422740365237308424e+01,2.352077760130674733e+01,2.437869943077970447e+01,2.386639010886449341e+01,2.372120575988532210e+01,2.429109158108332167e+01,2.310473766932079798e+01,2.365584416561881653e+01,2.439160548247502902e+01,2.351538147011996216e+01,2.413506519580778331e+01,2.422284883384253362e+01,2.378739810402731791e+01,2.467038840264541477e+01,2.470326375508716410e+01,2.468104126815495647e+01,2.482439073806773422e+01,2.467874993792264604e+01,2.685971016048148385e+01,2.741407526598294453e+01,2.633857628964767628e+01,2.844946826910245363e+01
2.378904309796507732e+01,2.412643621655803372e+01,2.444647752399282581e+01,2.489657281256961596e+01,2.338238511431109146e+01,2.512219652217601151e+01,2.483167749085521336e+01,2.537139721929310099e+01,2.370510797409184534e+01,2.368613668542252526e+01,2.436191286935724065e+01,2.307134067815917433e+01,2.433176493834872645e+01,2.415709920129762622e+01,2.398593745182563453e+01,2.413467039714294060e+01,2.451967032368679611e+01,2.505997774269417278e+01,2.577857357002250183e+01,2.607991706386007991e+01,2.750478278902721740e+01,2.749259310061336237e+01,2.625413444778894245e+01,2.744062992894026820e+01
2.440186599439613246e+01,2.467504086137887498e+01,2.469392930930473540e+01,2.494343675699019514e+01,2.548285189658412264e+01,2.475430179959323596e+01,2.461166429930489130e+01,2.383482077058471305e+01,2.388949620496458692e+01,2.354955061211819611e+01,2.447172308812008623e+01,2.353700144643227077e+01,2.477012483250018704e+01,2.457814568228110375e+01,2.472091194130871372e+01,2.360192635905411862e+01,2.435140693676783030e+01,2.609737566056503510e+01,2.709041110473185654e+01,2.632154674149927587e+01,2.716754325480076204e+01,2.766191311535914110e+01,2.641218497645968455e+01,2.778619939643982661e+01
2.457514712855964945e+01,2.376048142667559659e+01,2.419312515226067717e+01,2.275080888765046438e+01,2.380643565163785524e+01,2.404180202513930453e+01,2.464927644089124215e+01,2.446143977622239163e+01,2.458373378302457013e+01,2.456220346954376055e+01,2.537707615239287406e+01,2.420991112172924886e+01,2.413237903495075898e+01,2.238927973396636162e+01,2.491885664971977121e+01,2.561541945719079649e+01,2.575949795129173481e+01,2.716315192197743045e+01,2.687577872790797073e+01,2.647261974770952975e+01,2.837055981061627108e+01,2.792542958071379644e+01,2.766283724999493643e+01,2.611576679169826321e+01
2.425483041622698011e+01,2.415103496306863917e+01,2.375899889912739127e+01,2.469835310336338807e+01,2.530614099113756765e+01,2.473535127826698954e+01,2.513965146249142890e+01,2.456755136499521086e+01,2.455918270851350371e+01,2.455213614131827171e+01,2.331779109198089373e+01,2.415332982060203904e+01,2.279758940296869696e+01,2.492207319111508923e+01,2.470879437333258011e+01,2.621246901616683544e+01,2.655839814003485344e+01,2.674623387237505767e+01,2.734039597437191560e+01,2.830067915714369065e+01,2.801996579797753384e+01,2.701732914305529221e+01,2.763989185155276118e+01,2.830302951386789800e+01
2.460093705427271971e+01,2.378243288964824842e+01,2.492136102816607490e+01,2.433477136449039335e+01,2.390380638138969971e+01,2.459053959779527077e+01,2.491618799327432043e+01,2.473930429742171100e+01,2.461037554803471039e+01,2.598206018492828662e+01,2.474464803453969353e+01,2.495624513519317134e+01,2.695327174936761594e+01,2.766183279680939222e+01,2.775460910313000795e+01,2.792940586691270255e+01,2.731744248215113657e+01,2.840026733746583432e+01,2.931941916326923092e+01,2.829622861187385752e+01,2.783073520295704384e+01,2.634951534641982107e+01,2.636636640870369774e+01,2.599777266606560033e+01
2.406063858132051791e+01,2.409600606305434667e+01,2.451147385654002164e+01,2.366516740593414170e+01,2.374347321499175223e+01,2.381581692217679347e+01,2.339187734417237152e+01,2.386448461073575800e+01,2.450233821295427106e+01,2.374484740110273151e+01,2.460797447068773636e+01,2.631699924615259079e+01,2.605962538124236971e+01,2.923319934413063947e+01,2.813090329606910700e+01,2.672937864769568250e+01,2.712861419027893817e+01,2.627905037270687671e+01,2.682977890549972244e+01,2.775145318209848710e+01,2.583502467373779155e+01,2.677211681850815239e+01,2.711253358472754371e+01,2.599555268101926231e+01
2.436859918362773669e+01,2.474758213010841246e+01,2.521123272129631232e+01,2.330597790404647185e+01,2.417524552574246854e+01,2.335978251337888878e+01,2.501625059715587440e+01,2.441643825403161827e+01,2.522192771305975612e+01,2.458543382374631392e+01,2.352321564531655440e+01,2.415486687927580078e+01,2.653430768021803487e+01,2.589618266617981135e+01,2.687457378212536696e+01,2.514727685923475065e+01,2.510922825138436565e+01,2.636890753320363956e+01,2.588996304755733036e+01,2.627166621568636629e+01,2.656277033067169668e+01,2.580629523089527311e+01,2.651118853937646236e+01,2.604976599151012806e+01
2.454578095811251615e+01,2.512006205597879216e+01,2.331087092750118472e+01,2.372414476197121758e+01,2.385171097407959451e+01,2.437521412432261059e+01,2.490760966532639031e+01,2.335285237171780182e+01,2.536618914581885065e+01,2.473891261612499193e+01,2.503035848192342883e+01,2.520716671054253766e+01,2.644991178931371678e+01,2.581569387416936934e+01,2.550171093249645082e+01,2.678616517076471837e+01,2.570015515382226567e+01,2.656164597786062131e+01,2.528998516737203772e+01,2.655515155857000309e+01,2.570921333789129903e+01,2.637331209928225917e+01,2.618326543394761075e+01,2.690269285501204877e+01
