2.914708334256613398e+01,2.830841922553662471e+01,3.042139753622234366e+01,2.837025490609119061e+01,3.000984765276223243e+01,2.876458487608999803e+01,2.851419868970356220e+01,2.887564722303932285e+01,2.997732031962152632e+01,2.881524302870599286e+01,2.936057217341965497e+01,2.818875461715549591e+01,3.001549609532293061e+01,2.932353726038587638e+01,3.050826298160575334e+01,2.933374736800413984e+01,2.980855658638387240e+01,2.974150983435185935e+01,3.005921239049843052e+01,2.953111797883991585e+01,2.904446043783747200e+01,3.016246852779175924e+01,3.039480185768798037e+01,2.965070206006362241e+01
2.848770559541617331e+01,3.011009091105188418e+01,2.827250606000626476e+01,2.903752582941376659e+01,2.843132557453213849e+01,2.938992433612787636e+01,2.795459537294334496e+01,2.932210471757815640e+01,2.959102478357289101e+01,3.005823663443902660e+01,2.904170453972221821e+01,2.972861249369532288e+01,2.914542076556455186e+01,2.911743917305136620e+01,2.952060346198300067e+01,3.038884332128162669e+01,3.011557412875038153e+01,3.077539035941919110e+01,2.817380266310010484e+01,2.841789306283595806e+01,3.070065844536134136e+01,2.990455143487321266e+01,2.949778749988377058e+01,3.013100870501585860e+01
2.962102497544077551e+01,2.875787842398068506e+01,2.808373036453303939e+01,2.822927905091148659e+01,2.834792299613519617e+01,2.957894477575888459e+01,2.937325456551764091e+01,2.890136503414282743e+01,3.006394716608599538e+01,2.896172805135398676e+01,2.936062086346811384e+01,2.926601048223182033e+01,2.998696931922341946e+01,2.890230356340293838e+01,2.843270250232217222e+01,2.952750960638314837e+01,3.036356104801598121e+01,3.005779667216700091e+01,2.996304575276275273e+01,2.964938838377509001e+01,3.009239991154015570e+01,3.110645275393670772e+01,2.865292839753470844e+01,2.978713314567852422e+01
2.973896890140173355e+01,2.954593797275970246e+01,2.988546351937122836e+01,3.017925555724684727e+01,2.888154601484387740e+01,2.935562893270810036e+01,2.902134588398018877e+01,3.034117034811993108e+01,2.955347542054306587e+01,3.021042860252168794e+01,2.945335288476326241e+01,3.006000964887505233e+01,2.970688407341663151e+01,2.859022518423688553e+01,2.967740019570891263e+01,2.970307085192229124e+01,2.946739431664315134e+01,2.974092651861207059e+01,3.041554666523734340e+01,3.109789943488357267e+01,2.975126361683362575e+01,3.004315938024166144e+01,3.073735615827911261e+01,2.958148965491182025e+01
2.891244558589431790e+01,2.842363968516224304e+01,2.870004436773427869e+01,2.782417151324500537e+01,2.884311246479609281e+01,2.859728992291792338e+01,2.909631558596487366e+01,2.864830339228194589e+01,2.896822671483175782e+01,2.911351066943217347e+01,2.953987055152606445e+01,3.041586418766024735e+01,2.885065335517180074e+01,2.899817083466859913e+01,2.868905485653243659e+01,2.959197543821431964e+01,2.994728208495519084e+01,2.935432511876683748e+01,3.010974728574188930e+01,2.872940177151372154e+01,3.024910289791677087e+01,2.982103444509715473e+01,2.874942348897025113e+01,3.001177706707335346e+01
2.880611645798126119e+01,3.016563634343737021e+01,2.923075359671435081e+01,2.842304529708115979e+01,2.900436934063486660e+01,2.882211655326835853e+01,2.906114455672860686e+01,3.047033248813056616e+01,3.030684945467055513e+01,2.960436290765801459e+01,2.856944941461955523e+01,2.912072703034198184e+01,2.856161507814715605e+01,2.897419202670658933e+01,2.950294804275097249e+01,3.005558596436952712e+01,2.892686247841231761e+01,3.026323504436254552e+01,2.924803796993381866e+01,2.968501036201769239e+01,2.996785980771329605e+01,3.017232969902204331e+01,2.920609364831318544e+01,2.974343277731196622e+01
2.969445356552040494e+01,2.915339314758165301e+01,2.922994767252754400e+01,2.894276862457826383e+01,2.876911157168007094e+01,2.947100134408697159e+01,2.875796819525680803e+01,2.853078137241067225e+01,3.015396165330628264e+01,2.934219686727601584e+01,2.894990659415526579e+01,2.939353227574684979e+01,2.914561253504695060e+01,2.942255783457932239e+01,2.936512485548655604e+01,2.943991841347167338e+01,3.020429857140305785e+01,2.957750927158798504e+01,3.091563174210222087e+01,2.973148666995859912e+01,3.016286104566898985e+01,2.880592808555866213e+01,2.847960207960647949e+01,2.926702947879959993e+01
2.853360774425351565e+01,2.817933396814680691e+01,2.889614196648432198e+01,2.874250713335771934e+01,2.945875099226196880e+01,2.956745379491064796e+01,2.994828230205035879e+01,2.926799372846119240e+01,2.966026840418720667e+01,2.845600811448463219e+01,3.062008469369442309e+01,2.906098832762774009e+01,2.954015967332077253e+01,2.923424231051495781e+01,2.957905895614646852e+01,2.925636623090952071e+01,2.938842258916059791e+01,2.940533288777749021e+01,2.970596836157608323e+01,3.012053862353246814e+01,2.983940144341636369e+01,3.065341617938844365e+01,2.992496318334741545e+01,2.965954383331057898e+01
3.006567612268747780e+01,2.880000648766571203e+01,3.039194331144858552e+01,2.791981550977880033e+01,2.845669465766445683e+01,2.933253599839019898e+01,2.819372926037732441e+01,2.887441094694565891e+01,2.971127294186129575e+01,2.949123184263373787e+01,2.841432578575637535e+01,2.905382903871452527e+01,2.948405649912598392e+01,2.993758317742174313e+01,2.877601981990920876e+01,2.923997028364806283e+01,2.913266311614813731e+01,2.926032847712781404e+01,2.979405266479761849e+01,2.838449372523120928e+01,2.972375994378205633e+01,2.951354623862658855e+01,2.940714252228281111e+01,2.941439782190485630e+01
2.932848640466511370e+01,2.896396576776032816e+01,2.773207128416072464e+01,2.857699638541646436e+01,2.893779324518163776e+01,3.002094235521451537e+01,2.903861073016071259e+01,2.853025320567996914e+01,2.891268185031060511e+01,2.895844492379302437e+01,2.964309355020640169e+01,2.828375479661929148e+01,2.922040363601132640e+01,2.955204794011115155e+01,2.953944306129216102e+01,2.824463906922926526e+01,2.919724860367028896e+01,2.873755664649047503e+01,2.967168562368192397e+01,2.968376004166447046e+01,2.890740431869556915e+01,3.015178479655446608e+01,2.859424537761134388e+01,2.993223711281854094e+01
2.872485432468351974e+01,2.884339291003055905e+01,2.908591307354305400e+01,2.904508522735204679e+01,2.923736108456921556e+01,2.948022368652567593e+01,2.889265897528940741e+01,2.969243466838628365e+01,3.025993010709822784e+01,2.901159001102547563e+01,2.864692319627283723e+01,2.906266111758338866e+01,2.850756308438673159e+01,2.941984719517142821e+01,2.953327810582356960e+01,2.945037082264548189e+01,2.966211479004647344e+01,2.923007895971335302e+01,2.982353298975323241e+01,2.939867122205708938e+01,2.957483357994732387e+01,2.983864673330162987e+01,3.094515214678682469e+01,2.930705530747218290e+01
2.801155125995666140e+01,2.848629039060404011e+01,2.875841539432127547e+01,2.924486700662498606e+01,2.929850040748613083e+01,2.970821965696433153e+01,2.938739591294472575e+01,2.874014626794985361e+01,2.930496005315484354e+01,2.868139889731889980e+01,2.936117334213730601e+01,2.924559067942317370e+01,2.940248396794999053e+01,2.961549269696791953e+01,2.875036853538227888e+01,2.926635184709704163e+01,2.991108831175375826e+01,2.926280907882829752e+01,3.035953984005868733e+01,2.956294398734274864e+01,2.985419071707042349e+01,2.871397232566840785e+01,2.921140364410541679e+01,3.023111816203510216e+01
2.928396869451881912e+01,2.830858639835861368e+01,2.921791840938828955e+01,2.953070183345204214e+01,2.860312870121185824e+01,2.895080392123907131e+01,2.927476519233738372e+01,2.909207174896693004e+01,2.915675913906090955e+01,2.961095679446066242e+01,2.918588924655375649e+01,2.815915234071161422e+01,2.866702765881461801e+01,2.955176065994925239e+01,3.055932785737343238e+01,2.971526990073647312e+01,2.959345007024609231e+01,2.953468619176754828e+01,2.903545111728345773e+01,2.916458123164193239e+01,2.843662055979024217e+01,2.924639914135053687e+01,2.941776510324729088e+01,2.995672363550778527e+01
2.913353236520578093e+01,2.934218836354585846e+01,2.806083255599571658e+01,2.843816842737794559e+01,2.923068527611951595e+01,2.888184538039354265e+01,2.861384000905320590e+01,2.984629512772056614e+01,2.907293329283675121e+01,2.924391405701663871e+01,2.923365534998487192e+01,2.909855742412469226e+01,2.949778455046163117e+01,2.874380892701725543e+01,2.994832910960644767e+01,3.014670933972763578e+01,2.929793498176104549e+01,2.962441700473118544e+01,2.880232092891714046e+01,2.864775277123573005e+01,2.971037364647048662e+01,2.852049260783752516e+01,2.895343043115593673e+01,2.934705016013651857e+01
2.865679003935667879e+01,2.896296817710782534e+01,2.790608139706949942e+01,2.858595176685059869e+01,2.953623941143138154e+01,2.945357722882897633e+01,3.008472759321387002e+01,2.968990950589420663e+01,2.916595485812058541e+01,2.927355834748198049e+01,2.924284915810613938e+01,2.931394347355421814e+01,2.924284915810613938e+01,2.899948918649465668e+01,2.990174180268189730e+01,2.965139966973583796e+01,2.971115001626230878e+01,2.950021982477892379e+01,2.984697356431820481e+01,2.942590980674066259e+01,2.897010051989838075e+01,2.992959225397481760e+01,2.904358349357664792e+01,2.938211712177974277e+01
2.871923416226587733e+01,2.952120544508272815e+01,2.928499373172638798e+01,2.822213516247506959e+01,3.010311179834621953e+01,2.942676355996655957e+01,2.915706673344749333e+01,2.887597955834428376e+01,2.893152278062018468e+01,2.911250394057856283e+01,2.960395379264372195e+01,2.933008352985370948e+01,2.950034243500675757e+01,2.838250649899646305e+01,2.967340440391222955e+01,2.940340211544958038e+01,2.959915060328961545e+01,2.932908260077550722e+01,3.042987684219224320e+01,2.978402738878850187e+01,3.004592845045237937e+01,2.976973640412501254e+01,3.031380615105643983e+01,2.901260720656478043e+01
2.838250453811951957e+01,2.873361736431496638e+01,2.906627934316895789e+01,2.883998677398460586e+01,2.925663940468416513e+01,2.967906186804208346e+01,2.916261975213637925e+01,2.875152041705274542e+01,2.871320139496214097e+01,2.948383809925195465e+01,2.938589838003093746e+01,2.950422114442750399e+01,2.848862698966456719e+01,2.862727291536236862e+01,2.882937688057012338e+01,2.925900630355226895e+01,2.891022119289954162e+01,2.936095551271932891e+01,2.939238313146825021e+01,2.968183428402659274e+01,2.970208427218040015e+01,2.929507937227339198e+01,2.961666088662497032e+01,2.911206377848333204e+01
2.977753680737919240e+01,2.923249302301741182e+01,2.873497517685859748e+01,2.910062190851385822e+01,2.858231043433403329e+01,2.858516691284950184e+01,2.921151063516310842e+01,2.911410455121477980e+01,2.833832391879110446e+01,2.932469731427835313e+01,2.897813559891255863e+01,2.916402485801091871e+01,2.934790257220686271e+01,2.921967684901630946e+01,2.953669064832814684e+01,2.937473550864314120e+01,2.884761335290880879e+01,2.932366396156237442e+01,2.894175921935436691e+01,2.930589027028730698e+01,2.906472191600499855e+01,2.973750877976550555e+01,2.946750880226460367e+01,2.989031944049406775e+01
2.886196613945583067e+01,3.028835060141409485e+01,2.992457758982823179e+01,2.836912122368346445e+01,2.863966162326204312e+01,2.928114886722443089e+01,2.910663266582446340e+01,2.886109168074693798e+01,2.915474072711850795e+01,2.874414443524858598e+01,2.866678280140041579e+01,2.958573511300539849e+01,2.863366979126544720e+01,2.918774226891764556e+01,2.926541488436765803e+01,2.918700740342904965e+01,2.953209644996718453e+01,2.943446361030100888e+01,2.956562835950205681e+01,3.010467805852323409e+01,2.859759406944607463e+01,2.923831298442638627e+01,2.924539037133433794e+01,3.044478969859892459e+01
2.986161778904528319e+01,2.878084212018518429e+01,2.858605302841891671e+01,2.897793308709793791e+01,2.900255767818180175e+01,2.852945205359014835e+01,2.999506743423756916e+01,2.886412317165826380e+01,2.990718321951254666e+01,2.925502146673176185e+01,2.933681828263661373e+01,2.871355512166582002e+01,2.976098246582921547e+01,2.861670594815012691e+01,2.947220640138920089e+01,2.935498659759849716e+01,3.008354864942617724e+01,2.863446252404617098e+01,2.956106928688410562e+01,2.944503817669664159e+01,2.936631749310981832e+01,2.924860227646468047e+01,3.012103360593698653e+01,3.040627731197520234e+01
2.944906065368155623e+01,2.883669788309606474e+01,2.815069227869634005e+01,2.901431317153037526e+01,2.934198988333588431e+01,2.929289726075143108e+01,2.957569416609254631e+01,2.951962057527737215e+01,2.869119684704878637e+01,2.930915370957632149e+01,2.953662166502630271e+01,2.897563141793398245e+01,2.892173458359752658e+01,2.904295800322063315e+01,2.925604872846378157e+01,2.887957993471667351e+01,2.939483756859624464e+01,3.001580596367318776e+01,2.954877831975022673e+01,2.901209111759845882e+01,2.999023990639574322e+01,2.992801949753999224e+01,2.975559850715035282e+01,2.936672615622484273e+01
2.832566804118624759e+01,2.951263324312020586e+01,2.892879955585613061e+01,2.930433818620508646e+01,2.940480277615154137e+01,2.873899102053479737e+01,2.832005378546386964e+01,2.900461101678513387e+01,2.903739267718026440e+01,2.903354583649269216e+01,2.875861251612712977e+01,2.960570388899628824e+01,2.959913526720004029e+01,2.861047313545191173e+01,2.978222873681346528e+01,2.928328110092212455e+01,2.914616745973495426e+01,2.898204270932473037e+01,2.958164997133548013e+01,2.974505495785240328e+01,2.815231289995296038e+01,2.970735024527897394e+01,2.924221668886730185e+01,2.987385028297154577e+01
2.971707659300102478e+01,2.927613547281862338e+01,2.929675497479513524e+01,2.923212684153224927e+01,2.908336016339609387e+01,2.899154373801195561e+01,2.914356592456505268e+01,2.958231356947652557e+01,2.956167120114042746e+01,3.015224272921574311e+01,2.857888070340766262e+01,2.900898275447661945e+01,2.931654582243947971e+01,2.939815215749922572e+01,2.915069846799099196e+01,2.943478761439388336e+01,2.927129555264974670e+01,2.904572923086317360e+01,2.889426948134052964e+01,2.918609387878132111e+01,2.902923988679225431e+01,2.916308509096541002e+01,2.967947570292352566e+01,2.930550595909375033e+01
2.895968723160177660e+01,2.840546749760142120e+01,2.952133129381496701e+01,2.882298272079378876e+01,2.927123116893113774e+01,2.859514218746562619e+01,3.063653351296505889e+01,2.940797261915986383e+01,3.001255849605587400e+01,2.916382800707259548e+01,2.984735630002620610e+01,2.900997700882572872e+01,2.999542897685569187e+01,3.005473316663085370e+01,2.955072351745661763e+01,2.888854141159424671e+01,2.949759505126291970e+01,3.035860929294807420e+01,3.051970014524147246e+01,3.022878569462204723e+01,3.030646647710887009e+01,2.983212655075379871e+01,2.934233662763341499e+01,2.925687933486415204e+01
2.949535496061753292e+01,2.964453706977349157e+01,3.004469765599202447e+01,2.937728803448203507e+01,2.888338001725560389e+01,2.865131050628633602e+01,2.948904282714772762e+01,2.904096806265107489e+01,2.954487826706611031e+01,2.997528226151695208e+01,2.975869600992541564e+01,2.984036827975182860e+01,2.930176687362347820e+01,2.891520682562941147e+01,2.981978296866697065e+01,2.906065899722688073e+01,2.931880631793580960e+01,2.825787069543781627e+01,2.959697618960836962e+01,3.003148046106559832e+01,2.920650932251629683e+01,3.023323080776867755e+01,2.899920026375468751e+01,2.936257861002229674e+01
3.014237607362554172e+01,2.973079487643468610e+01,2.990713860021423898e+01,2.952785199341877842e+01,2.927094432437593241e+01,2.857328750370322723e+01,2.940205290057946286e+01,2.867188730803019325e+01,3.009201446089690535e+01,3.029061094804569620e+01,2.931357326005814912e+01,2.947652571628810847e+01,2.943988829626016468e+01,2.963356731930394972e+01,2.968975590901931128e+01,2.967589551662530312e+01,2.968932756264825912e+01,3.070827191417674840e+01,2.963224927631995342e+01,3.015189255649511324e+01,3.047851502906274845e+01,2.938290712592021237e+01,2.926997879992597973e+01,2.972813287832104834e+01
2.930987936808344330e+01,3.050668007966282858e+01,2.990372411845049783e+01,2.939338510164964191e+01,2.944411611214707136e+01,3.011252687061033839e+01,2.933547107304491419e+01,2.867833732770537836e+01,3.067469640361122174e+01,2.946690910580969103e+01,2.965922690217342961e+01,2.937008183188078192e+01,2.896675072414609531e+01,2.992792189917594214e+01,2.954394509152353976e+01,2.962821659636563254e+01,3.021280713179504573e+01,3.045634760560852783e+01,3.014102793204057207e+01,3.063496922728955951e+01,2.995872993831153508e+01,3.023658758299546889e+01,2.928970857101933234e+01,3.050268435765798358e+01
2.972747921383285075e+01,2.892422373273058156e+01,3.012904464707031593e+01,2.894168688650773902e+01,3.068307430192851371e+01,2.991740762731836867e+01,3.073064815846407782e+01,3.035925013052212762e+01,2.911393404297194820e+01,2.985491551517952757e+01,2.934077727957588877e+01,2.994493274641615699e+01,3.097962871931764539e+01,2.977015584825778660e+01,3.044629361080006902e+01,3.048842040658490760e+01,3.116481965378267205e+01,3.067386102991588359e+01,3.019582941591579583e+01,3.044015340682074111e+01,3.015136317455335302e+01,3.117252462551334702e+01,3.066770334703295475e+01,3.037765208951162776e+01
2.983895554418228357e+01,2.931543510405157349e+01,2.979345435228185579e+01,2.908203704420594704e+01,2.954140030148670348e+01,3.024692392841109267e+01,3.001683237974168605e+01,2.992066421178554947e+01,2.934665111078646760e+01,2.906662143071895343e+01,2.900590299979120346e+01,3.043159765707673614e+01,3.018345782604006899e+01,3.026948297769968121e+01,3.122084361611820214e+01,3.021509708554941653e+01,3.220564772124862429e+01,3.101804313149193604e+01,3.108726615012267303e+01,3.060541808949159304e+01,3.144938291020406496e+01,3.096261068194911559e+01,2.995983715144546977e+01,2.953959001736313894e+01
2.902855704824361283e+01,2.973936537480653897e+01,2.939527788581273171e+01,3.009787754688937866e+01,3.035679781772336128e+01,3.018739927663153821e+01,2.987436929911075367e+01,2.912829236626720331e+01,2.938422481301569178e+01,2.942340724187215528e+01,3.039419614002918024e+01,3.111841008129601960e+01,3.060245258319662298e+01,3.040818385071366947e+01,3.021986575484328341e+01,3.057602139674122554e+01,3.077026820723585843e+01,3.094090368677177594e+01,3.132146493483685390e+01,3.111745012674168720e+01,3.030454791441059115e+01,3.068874642073649284e+01,2.981824029957260791e+01,2.900736484364705348e+01
2.907152652134760729e+01,3.022870429882379995e+01,3.073898103463869802e+01,3.244158423636650923e+01,3.059259454320482519e+01,3.138617253089461201e+01,2.960530288221809769e+01,3.079911427722413464e+01,3.156374942758213820e+01,3.124117819017050124e+01,2.935680339952449458e+01,2.987912243897523012e+01,3.001247828013981689e+01,3.207366799768709598e+01,3.159788885330794983e+01,3.188393097486130046e+01,3.099146209261817830e+01,3.169048835546959708e+01,3.160519537199331808e+01,3.108167167696609567e+01,3.052478301370484814e+01,2.951808382115240192e+01,3.064936523285507519e+01,2.968241706942080782e+01
2.865768154431106041e+01,2.949217176681469255e+01,3.058425640485694430e+01,3.042337990645967238e+01,3.229792880141218347e+01,3.050858226490441893e+01,3.079047800607577301e+01,3.100095172738861038e+01,3.062898626712114947e+01,3.129434607008158764e+01,3.085595760457482584e+01,3.085020604642238595e+01,3.069117092164611904e+01,3.133485799204521527e+01,3.127835185601588819e+01,3.193128818163887672e+01,3.147951914576145782e+01,3.275492765110317350e+01,3.319286471381622050e+01,3.110024289359506611e+01,3.253020492243780382e+01,3.151402167987225766e+01,3.078100739292472099e+01,3.109613098988398860e+01
