3.154720049256707171e+01,3.166272368015620486e+01,3.107988891511001839e+01,3.289354065434730501e+01,3.089825712308521588e+01,3.002116884990778090e+01,2.937463683586679508e+01,2.959340261979508568e+01,2.946972834327999635e+01,2.860675420762316890e+01,2.868406829617805442e+01,2.980229455973221775e+01,2.894066191148294820e+01,2.922884220062434224e+01,2.949071086857844648e+01,2.966287486983867439e+01,2.933289274428966564e+01,2.978835742368880801e+01,2.909117805403360535e+01,3.017612110463863928e+01,2.897717487602454867e+01,2.924090055676845168e+01,2.986140582264556542e+01,3.063721449848048906e+01
3.205797651525199399e+01,3.293150921385847596e+01,3.224306783999884374e+01,3.204581934572917135e+01,3.293214896369318012e+01,3.063439646880959799e+01,2.823112960778087199e+01,2.878203592318732262e+01,2.932456830148197469e+01,2.854447667473874617e+01,2.963774358232956274e+01,2.869418459636654006e+01,2.881919982060344410e+01,2.897959500796594057e+01,2.934035787471952972e+01,2.920589938391975693e+01,2.984813987873081942e+01,2.791774478913299617e+01,2.935243668863029143e+01,2.915438823185104411e+01,2.967001432556833151e+01,2.956434161595342403e+01,2.888995338661032974e+01,2.911162762326404163e+01
3.049774080196453951e+01,2.921658285750379491e+01,3.041808024328173587e+01,3.061340244187130111e+01,3.021859927985786953e+01,2.929962990810616930e+01,2.861590075395440635e+01,2.803658157107656734e+01,2.842555948029814772e+01,2.947923179970626961e+01,2.897575535988499951e+01,2.912496811140880482e+01,2.906715129178053303e+01,2.879868164059678293e+01,2.751750184374969876e+01,2.866289419948736850e+01,2.890087492953722403e+01,2.816602788743199426e+01,2.886154496564842020e+01,2.893123310071985088e+01,2.978278456999322543e+01,2.971842766593596252e+01,2.776829517057240082e+01,2.896994009581362661e+01
2.947662797458275463e+01,2.945264676175321483e+01,2.858649804973708797e+01,2.885100300017700192e+01,2.877130850183777966e+01,2.825771530952698640e+01,2.894596327165766070e+01,2.894326614026965672e+01,2.931263189023695759e+01,2.844837421860944460e+01,2.876013912890977053e+01,2.944366323184164003e+01,2.895695368656873825e+01,2.828322237916557924e+01,2.923986415802767169e+01,2.851185086548952086e+01,2.918525193020434472e+01,2.893399961312883306e+01,2.896636114359421299e+01,2.951459964504078926e+01,2.935516702213658391e+01,2.881981545727529692e+01,3.007196357674678211e+01,2.896415596083971877e+01
2.901237218147497288e+01,2.892386260677187693e+01,2.961914058678848960e+01,2.952163774687574005e+01,2.850205800379313814e+01,2.901154045043966789e+01,2.877336300878391739e+01,2.900583275611012368e+01,2.898356616586551127e+01,2.998756359945525674e+01,2.882203650972354581e+01,2.999935561737100898e+01,2.876286318759474625e+01,2.956323060903406486e+01,2.827496736276344791e+01,2.892188982278139520e+01,2.831000644976847980e+01,2.929051700222106547e+01,2.910209876584445965e+01,2.987633034689793021e+01,2.899861438794079049e+01,2.941273890902766652e+01,2.908406648165703245e+01,2.940223685214118632e+01
2.854816765982974403e+01,3.003196390026437257e+01,2.914144086947834467e+01,2.969439634852108156e+01,2.925375609704639146e+01,2.892917214351138000e+01,2.821803257774587337e+01,2.861473857434498314e+01,2.936632102270482392e+01,2.910720597108252150e+01,2.949988817649028761e+01,2.786805694780872500e+01,2.873837080155698231e+01,2.883969653932985011e+01,2.934373674818669997e+01,2.881169228117289549e+01,3.000688946524400080e+01,2.895897000257133413e+01,2.948158040233732891e+01,2.938381241274970535e+01,2.775517076969975960e+01,2.850089667471701205e+01,2.873129666906402235e+01,2.890185736771377378e+01
2.889879978913910463e+01,2.912900821843879839e+01,2.905266675119662523e+01,2.866313930571755009e+01,2.824813229854834162e+01,2.946527873316961177e+01,2.913516897182722687e+01,2.842288344468255445e+01,2.886437716666125652e+01,2.974847040474423920e+01,2.869071817252569190e+01,2.971015810373694421e+01,2.891809928590475920e+01,2.923714180974457122e+01,2.902975298233394597e+01,2.945110874444077353e+01,2.883187977246922173e+01,2.799688983232158535e+01,2.931029950024753816e+01,2.878843844906032245e+01,2.967790280151479010e+01,3.002127916751362591e+01,2.860544371795793950e+01,2.821224817790215411e+01
2.833084907531855379e+01,2.898498803652057632e+01,3.000929890311209647e+01,2.913733529084635165e+01,2.909292154636182204e+01,2.899642998881921585e+01,2.943171204488658077e+01,2.923018515161248843e+01,2.766881272809752090e+01,2.965699517972933563e+01,2.776686407472396922e+01,2.820718002175101446e+01,2.879898261726737019e+01,2.873434666654759440e+01,2.940939849459454081e+01,2.931362351006970357e+01,2.989246398088425849e+01,2.830551442040422216e+01,2.920822312103172180e+01,2.910795407122861889e+01,2.918568332456237613e+01,2.969520146984342546e+01,2.933822094152691307e+01,2.873383401149033034e+01
2.909613370976762781e+01,2.839002725393913806e+01,2.788460241766978243e+01,3.004404959926495167e+01,2.874064265662104845e+01,2.918022722135623326e+01,2.916626326550033355e+01,2.866995844366891788e+01,2.871133401322339296e+01,3.034179990934705984e+01,2.860504837475582463e+01,2.915624389815644690e+01,2.925491361084249320e+01,3.011311742940142722e+01,3.002069117404539611e+01,2.864208979768244490e+01,2.902315206604430387e+01,2.868219113143061350e+01,2.926330958362234469e+01,2.963649513747179753e+01,2.952737959437939708e+01,2.953320694649937650e+01,2.964127085782939730e+01,2.990391441087990643e+01
2.858433039508332740e+01,2.937869068648643633e+01,2.813107551913458337e+01,2.929280635523565479e+01,2.913571903686226960e+01,2.957217961820435903e+01,2.958911866743682140e+01,2.948022923836106202e+01,2.901453347355322876e+01,2.860250787411348483e+01,2.932041182428827142e+01,2.830522306677454480e+01,2.905500628251985518e+01,2.873786895412064268e+01,2.968763266531573208e+01,2.891599854857366836e+01,2.913692273983252790e+01,2.887788831112584376e+01,2.967331877443916710e+01,2.933902571952091876e+01,2.837669575311088010e+01,3.017413373201816285e+01,2.892552360669048994e+01,2.971688540494909603e+01
2.832072815685069145e+01,2.752622890088991880e+01,2.919076353012707159e+01,2.849797236373694886e+01,2.828964196605772941e+01,2.858790630094813423e+01,2.835018718466648124e+01,2.838387752177135326e+01,2.838905962545447892e+01,2.784046277975795647e+01,2.840759506341066754e+01,2.902160681876421222e+01,2.933483717569225746e+01,2.891444046328126660e+01,2.804467170506808316e+01,2.881822122492599192e+01,2.874291363459713011e+01,2.828040523098644599e+01,2.852454843223864600e+01,2.927870080793144325e+01,2.980487295283683125e+01,2.916757179969090430e+01,2.953772349770872552e+01,2.917260033187005774e+01
2.824742109250848898e+01,2.907442333809689217e+01,2.867941003214093598e+01,2.840843366754387489e+01,2.932236349679629939e+01,2.875830230500218931e+01,2.976754621032665682e+01,2.919967267295578495e+01,2.932638697034559527e+01,2.895594025626780876e+01,2.864555333751246735e+01,2.895553260583312749e+01,2.793278385917085416e+01,2.974022242638591251e+01,2.943137206678602524e+01,2.949814740213003006e+01,2.891689193514594081e+01,3.013243877239074209e+01,2.936469380652118843e+01,2.980613290750210354e+01,2.933503403110199770e+01,2.944461408195383001e+01,2.892443797496088109e+01,2.894898350997800662e+01
2.802744434269862950e+01,2.892659080838114960e+01,2.900964022466382630e+01,2.926532125065642731e+01,2.929832372643949157e+01,2.924712242950755581e+01,2.883049986117259778e+01,2.927061072050764778e+01,2.827655439555212524e+01,2.933828653479480408e+01,2.837151653593014089e+01,2.891970326465849439e+01,2.888825413757763272e+01,3.015363271027177916e+01,2.930055773644858164e+01,2.930264509929799033e+01,2.873071972614337710e+01,2.971292314096206155e+01,2.903319518422176770e+01,2.938472838375952279e+01,2.895384736006161575e+01,2.962684015458523845e+01,2.894483374396168074e+01,2.866898163909604591e+01
2.919634873230484118e+01,2.891560521431688358e+01,2.957142925600288663e+01,2.890273885669989795e+01,2.962937085539113014e+01,2.825125454577749906e+01,2.877918492200922174e+01,2.926474120260769496e+01,2.961067434633963558e+01,2.849359561996010370e+01,2.910145142937318496e+01,2.900798341157349114e+01,2.940069100801707691e+01,2.901078480886559419e+01,2.897347924441737632e+01,2.956847755214585050e+01,2.939932872940903508e+01,2.822601111467224655e+01,2.870669917374891611e+01,2.905762169594845545e+01,2.942940378444558291e+01,2.925031962902500027e+01,3.080264542191906685e+01,3.031935673752877847e+01
2.827788158299296128e+01,2.926832520766220114e+01,2.820615380275120287e+01,2.823795970487964269e+01,2.887737988208459683e+01,2.903835228336396312e+01,2.907746273049656338e+01,2.821921256518459131e+01,2.934598102799930075e+01,2.916772458397213086e+01,2.886915944505568632e+01,2.828121745464761716e+01,2.920150132994388059e+01,2.913476038843145943e+01,2.906324877752837210e+01,2.913233318022184903e+01,2.944001708414435825e+01,2.975586147164864315e+01,2.965742523152044896e+01,2.921281423588555981e+01,2.932613451629072188e+01,2.960430042734583367e+01,2.849826329856085749e+01,2.923660829918469517e+01
2.971336411828809787e+01,2.850125798266441279e+01,2.851647908875037274e+01,2.845270046418011134e+01,2.911842042221985594e+01,2.851168004584366145e+01,2.886549344397332106e+01,2.851439131806353089e+01,2.897103711436159301e+01,2.905478466731949538e+01,2.823985004179223779e+01,2.887664945304578623e+01,2.953114094001557532e+01,2.940632077999646299e+01,2.875090190766917431e+01,3.033041213161448013e+01,3.035575094541195540e+01,2.915667930053217560e+01,2.932870036612774811e+01,2.918627794903477479e+01,2.976748483722298033e+01,2.919383055746646960e+01,2.905734236562483375e+01,2.979226316290532850e+01
2.835210027182603199e+01,2.923485932740595672e+01,2.834049083044192230e+01,2.951422090431799461e+01,2.840548040106597227e+01,2.839192736342107537e+01,2.846680084758236262e+01,2.978981585105952945e+01,3.027754008733677438e+01,2.897566953258444755e+01,2.900880486688487281e+01,2.970170240529512284e+01,2.819893292293875220e+01,2.940545019723703035e+01,2.890002390201323124e+01,2.987104800918632463e+01,2.932903972980398066e+01,2.966781337347623548e+01,2.962931168564063000e+01,2.997182558111887829e+01,2.914718621185801339e+01,2.908949990674125274e+01,2.905681037390053234e+01,2.985009671313815716e+01
3.036538085064694314e+01,2.743124916541705716e+01,2.981728991059725331e+01,2.948746255769015079e+01,2.956631435701916644e+01,2.960395749893041284e+01,2.887859154651278004e+01,2.904771117375241829e+01,2.945859349900325697e+01,2.769924324696177109e+01,2.928642806987465974e+01,2.902393817122998598e+01,2.909717827762148090e+01,2.803370838795558484e+01,2.898024807338782693e+01,2.898706865717741721e+01,2.932844310237470609e+01,2.830652619192278507e+01,2.966461743189250910e+01,2.804444096261846653e+01,2.985408126609041801e+01,2.965890302882337437e+01,2.956624252979617040e+01,2.914186552772451932e+01
2.870140230169056395e+01,2.890101255395029511e+01,2.874336705927612456e+01,2.870920250502018689e+01,2.848498671195051202e+01,2.832906799735616232e+01,2.932408903597070093e+01,2.843119587285093530e+01,2.860615205775496861e+01,2.873761419797034478e+01,2.898407692568815719e+01,2.911629221301694770e+01,2.880162291411824071e+01,2.904248780103819172e+01,2.958092655316818309e+01,2.951638979249412387e+01,2.837215323923999222e+01,2.876434774835843200e+01,2.943161184966010069e+01,2.858214637454005924e+01,2.963101545364571621e+01,2.942250529843005324e+01,2.927489000958064480e+01,2.908582621277315639e+01
2.864466814580197251e+01,2.908857523222144437e+01,2.836903254320600354e+01,2.887539430296504861e+01,2.802481442333998984e+01,2.874251555255983703e+01,2.952992719035546543e+01,2.898421851816760864e+01,2.958911773149225155e+01,2.830202855366309223e+01,2.958766046794499971e+01,2.953619271428095772e+01,2.915028211605311981e+01,2.919108944445815723e+01,2.909634815187166623e+01,2.920047756225284274e+01,2.926717222832576226e+01,2.850711395405932080e+01,2.898520178399718361e+01,2.891807345820791397e+01,2.957224506647668250e+01,2.897213566813741181e+01,3.079038869959680369e+01,2.953472593934725410e+01
2.829198546610041376e+01,2.803116327665850349e+01,2.869117755002707781e+01,2.837829069105447388e+01,2.846717849554596569e+01,2.959361389304746126e+01,2.850391158948087877e+01,2.923087819492900508e+01,2.921110312183452606e+01,2.858395742364899661e+01,2.874143506085169975e+01,2.940493733458822589e+01,2.887449691847746180e+01,2.923278868534742969e+01,2.939436453260685767e+01,2.905761536367248254e+01,2.878503721273892779e+01,2.998582856368568628e+01,2.823704386450071979e+01,2.858223324372181651e+01,2.912582627578814254e+01,2.980427786759560149e+01,2.812881602670324810e+01,2.995043906646560572e+01
2.910062176767235087e+01,2.823792099545306655e+01,2.926364044048636970e+01,2.843028941787110853e+01,2.906192128851915868e+01,2.917267701633846855e+01,2.973324616536240228e+01,2.872593880558406454e+01,2.929889043369269075e+01,2.863263539925492296e+01,2.929673729607685573e+01,2.920801029715624964e+01,2.930561882508987992e+01,2.967089717958231176e+01,2.885735119333941157e+01,2.902672819959582284e+01,2.890548969204633067e+01,2.891417608604012912e+01,2.989552556336155931e+01,2.833140090543264478e+01,2.901789451133674902e+01,2.884345855258283109e+01,2.918885899635102987e+01,2.951239944290745143e+01
2.950318980660625812e+01,2.860138278826417491e+01,2.807227381820740675e+01,2.811274997322340141e+01,2.799039153203437991e+01,2.869705797278936643e+01,2.782902884221317663e+01,2.959548654215706165e+01,3.019432699380183749e+01,2.959477469088290036e+01,2.945165651453544342e+01,2.869883012800596589e+01,2.856684075472213635e+01,2.986634440480054309e+01,2.873183976057373457e+01,2.819984181844091609e+01,2.979419582358571006e+01,2.924424009898876875e+01,2.844964616329440332e+01,2.912558346091975636e+01,2.775937720703649347e+01,2.919692326495936641e+01,2.934607112245822691e+01,2.881713340999459660e+01
2.755310681944138196e+01,2.883548756308380234e+01,2.799541128814917101e+01,2.841783122623758118e+01,2.788043790845091507e+01,2.824942846807698515e+01,2.972921736158650674e+01,3.015638401020618176e+01,3.053784276597048120e+01,2.989778687132871937e+01,3.021620672537721930e+01,2.889721638539549531e+01,2.961167492801581602e+01,3.013722240230094940e+01,2.946703812958372737e+01,2.900859184603530139e+01,3.017067882354530184e+01,3.002840269607310120e+01,2.904423537624649043e+01,2.970921105147743901e+01,2.973565761854678158e+01,3.002101549694026517e+01,2.967397253736425000e+01,2.983794205969064706e+01
2.897597414733269261e+01,2.929804863021684014e+01,2.869925413353814747e+01,2.912663175700271267e+01,2.775234088545886380e+01,2.947258478705492735e+01,3.086588969765119828e+01,3.045824203299576993e+01,3.048704983479188968e+01,3.061061225481023484e+01,3.006464386578204540e+01,3.106016481566172160e+01,2.935379859884483267e+01,3.040336972316674746e+01,2.919306810366362015e+01,2.966799655273791814e+01,2.989039959382290590e+01,2.992022887830842137e+01,2.932401433972881932e+01,3.013451922210640532e+01,2.972713985534181802e+01,2.953945048982922117e+01,2.975361378463969686e+01,3.017877209381975945e+01
2.947794184503402448e+01,2.897434409526039190e+01,3.027297500551003395e+01,2.879198575028465257e+01,3.011246538022101049e+01,2.854391856097333857e+01,3.151915509752160460e+01,2.935015061062756558e+01,3.114368389205128551e+01,3.104642431120061019e+01,3.153810028892547734e+01,3.031489344847528855e+01,3.074660744933208889e+01,3.009170312614122622e+01,3.004003584145021932e+01,2.950372053991753774e+01,2.985526246040535625e+01,2.984235861923582434e+01,2.929894610746595163e+01,2.928425458817440585e+01,3.038316426368442080e+01,2.960388390241536172e+01,2.987871776710392169e+01,2.961267028994990369e+01
2.922131628807085235e+01,2.791316382318467504e+01,2.852105215612937172e+01,2.893951352281027312e+01,2.884584724466793659e+01,2.960813991367291464e+01,3.123230937285200071e+01,3.116847470390047192e+01,3.153355115278446874e+01,3.163015269634780680e+01,3.245435960797135522e+01,3.018694735841432930e+01,3.089268025481237601e+01,3.024611058143273112e+01,2.969963845590302753e+01,2.907110840979282784e+01,2.975175142928088690e+01,2.905911862362296461e+01,2.982571016313369228e+01,2.901493816343946719e+01,2.992806397588196887e+01,2.919921795761166550e+01,3.065116830321704811e+01,2.995001089546974526e+01
2.966653824825635866e+01,2.881283281946139141e+01,2.838886686624169897e+01,2.818283484281943174e+01,3.004353621087648207e+01,2.997267435242633837e+01,3.070529944554874646e+01,3.135687819940898180e+01,3.165142237743259557e+01,3.151043056642589590e+01,3.063549779812956331e+01,3.169927878226400253e+01,3.104760220553583849e+01,2.989368765635703085e+01,2.921243970428503189e+01,2.987295704952350661e+01,2.991311224505835753e+01,3.020164815856736595e+01,3.039528240246340829e+01,2.993311733490719462e+01,2.881231066120807327e+01,2.969680308672911906e+01,3.023972685326992860e+01,2.978710699627328040e+01
2.793824718870371271e+01,3.068802175980619040e+01,2.958588324580063045e+01,2.944210656099670587e+01,2.847835480185415236e+01,2.892036850579984275e+01,2.973432950424739829e+01,3.033006971239115046e+01,3.237672512984499917e+01,3.213435220001161952e+01,3.151026464823837614e+01,3.281264956426912249e+01,3.053073848563082038e+01,3.065703766436411115e+01,3.141766161984554628e+01,2.987162320724644360e+01,2.917499692333785788e+01,2.986045288964618294e+01,3.009753621815048064e+01,2.919921407186649276e+01,2.918830916920603613e+01,3.071590350748897436e+01,2.939300322751381600e+01,3.053787408962341487e+01
3.026470861501195486e+01,2.798542812370550337e+01,2.998258987994034896e+01,2.859926332394758219e+01,2.926912029929457049e+01,2.943966103152973801e+01,3.059104390434180232e+01,2.991762676115467912e+01,3.200532011438497193e+01,3.190533697040365269e+01,3.288454218159000675e+01,3.040557176658114713e+01,3.201915225849523949e+01,3.146767742116293221e+01,3.045734229831094808e+01,2.967440322183182388e+01,3.057431013969261357e+01,2.918440583600090577e+01,3.001716617199599568e+01,2.937980617784825199e+01,3.016106607262383932e+01,2.925564834206738851e+01,3.049147615240650566e+01,3.073113703854937739e+01
2.901859777578158628e+01,2.929558395973060669e+01,2.971975953773784340e+01,2.993649504687704166e+01,2.971968369868176296e+01,3.113260916658390443e+01,3.013483423657714866e+01,3.058814606754674514e+01,3.123595133949140745e+01,3.117234707638141344e+01,3.140525492388997009e+01,3.156247130667509282e+01,3.030289188567553538e+01,3.083307810146862948e+01,3.039733929224388476e+01,3.028279659949623692e+01,2.988311711438262819e+01,2.980494793224272598e+01,2.999336518328578904e+01,3.008176654615101597e+01,2.991352919101041152e+01,3.063323285096578275e+01,3.061870253817448884e+01,3.035514329534504441e+01
2.880064694072558495e+01,2.874461741386033964e+01,2.945072965660529007e+01,2.976646080502689529e+01,3.072887347647508705e+01,3.040352967070487011e+01,3.149747050975435059e+01,3.029104530700595888e+01,3.108270473487573327e+01,3.039071199881084340e+01,3.097310006620210743e+01,3.059896708260112064e+01,3.073562977404793628e+01,3.166066585251445531e+01,3.081187431327595050e+01,2.971549321294116908e+01,2.953458042791095295e+01,2.989636749874068755e+01,3.039923226231212539e+01,3.020637066416952621e+01,3.004298384857185056e+01,3.106921889742051235e+01,3.094109736405420108e+01,3.012195404745256155e+01
