2.498921094258969333e+01,2.747741161272546151e+01,2.781448248788387900e+01,2.768218609033033317e+01,2.648810705993054171e+01,2.661016610965907603e+01,2.817072359896366152e+01,2.791140397935583906e+01,2.735645836679174181e+01,2.827914872371184174e+01,2.701939397727136338e+01,2.813642021768436052e+01,2.773469180403424161e+01,2.777614443221756346e+01,2.715570412924046195e+01,2.731302074706928806e+01,2.789375044205092991e+01,2.810369315270742163e+01,2.694297269176183818e+01,2.732191167165166235e+01,2.631713175363182700e+01,2.893181143357332985e+01,2.687839403730765753e+01,2.786899336637912938e+01
2.787835788309013196e+01,2.700981408775749060e+01,2.754427421853836222e+01,2.741273944876570567e+01,2.792866278973860972e+01,2.705630101020079792e+01,2.771085140966528115e+01,2.666626492334091836e+01,2.856627415263619696e+01,2.688237886414037803e+01,2.647266840595460735e+01,2.683359936184052685e+01,2.717775096177439309e+01,2.799029395574899581e+01,2.769964559879451826e+01,2.691838480036767578e+01,2.798411598642809395e+01,2.735996604268052579e+01,2.724834146454946904e+01,2.546427237687242950e+01,2.798918371213699174e+01,2.739987088170306606e+01,2.766075124107175043e+01,2.737413707792325113e+01
2.591847961395768607e+01,2.698430925681816461e+01,2.752100408277271981e+01,2.774210650887897600e+01,2.696735494665307442e+01,2.764196483665523374e+01,2.741858143725175978e+01,2.768205793040527851e+01,2.808315722894849387e+01,2.763194586887431115e+01,2.756799205572906430e+01,2.790988555150011052e+01,2.766173879264482593e+01,2.737394142898165228e+01,2.651150165306904682e+01,2.723477268291571818e+01,2.663891063218119371e+01,2.693574647240615150e+01,2.891581943606030336e+01,2.770025100199217150e+01,2.791243598415991300e+01,2.735781532696233853e+01,2.700890205797162480e+01,2.770072490131343557e+01
2.622477062524347957e+01,2.776177851579058142e+01,2.713554505277818407e+01,2.741135875936157618e+01,2.687889584757067496e+01,2.772827625871786950e+01,2.686840531892681838e+01,2.816800941235595701e+01,2.685863552351446515e+01,2.745031919174698487e+01,2.795942902821514053e+01,2.783993545995173235e+01,2.714796610043646297e+01,2.727335726953072026e+01,2.701677567549398873e+01,2.770720704972899284e+01,2.654054879276657175e+01,2.751316070189517404e+01,2.858800142265727118e+01,2.808684333147084544e+01,2.792503183751983897e+01,2.780799989668838634e+01,2.750122837577725932e+01,2.817440248802580527e+01
2.685790299234281520e+01,2.653837392548314256e+01,2.754417406728498463e+01,2.788171449841030380e+01,2.688106065326775251e+01,2.717695304246223031e+01,2.717557863449599154e+01,2.779592486592969180e+01,2.701800115694123861e+01,2.726236049733483924e+01,2.762772208472119928e+01,2.783965665744386797e+01,2.698996771323152188e+01,2.797151557350485973e+01,2.688762068808324557e+01,2.637657404019734031e+01,2.787791697912450672e+01,2.806730295309819212e+01,2.651454127483225420e+01,2.786316248205281454e+01,2.717502826309731745e+01,2.817491165006629217e+01,2.701985785770091297e+01,2.835871716875232096e+01
2.756948826735697367e+01,2.700600208130390456e+01,2.815452452394441707e+01,2.678258912086664623e+01,2.764023159745215708e+01,2.650868103307612955e+01,2.822445417448113858e+01,2.721373564436851211e+01,2.680723487604115007e+01,2.752404478990740699e+01,2.699464239297128643e+01,2.666801767120136901e+01,2.697308871815448583e+01,2.707648995850746587e+01,2.738993013149911349e+01,2.647679896946874578e+01,2.691060632230539795e+01,2.659885727275121781e+01,2.808237915094679238e+01,2.719859879291800553e+01,2.870939413709589871e+01,2.667977203571962264e+01,2.687183613110090619e+01,2.702309740337392441e+01
2.838608983467310054e+01,2.792359498721390310e+01,2.700245129848349279e+01,2.682702470863381450e+01,2.705288240145137024e+01,2.726827181258045130e+01,2.717278607352511699e+01,2.778577417917114190e+01,2.823330364802762915e+01,2.686700458401588776e+01,2.675479081250415447e+01,2.685669918358263430e+01,2.735656391457979453e+01,2.803015770285645658e+01,2.747132079976444174e+01,2.696870403647278636e+01,2.818930504737301135e+01,2.770773433043001432e+01,2.773656585048291845e+01,2.794550662387683815e+01,2.790094205994432741e+01,2.763367561807308448e+01,2.656892445669814151e+01,2.653952379540010043e+01
2.667241588709663347e+01,2.822132228378399077e+01,2.690522403278242791e+01,2.794519443769866029e+01,2.730492296421897436e+01,2.760370403837623599e+01,2.766167893100094943e+01,2.765633978753987776e+01,2.683807989993806586e+01,2.717660041748018784e+01,2.710694049314770382e+01,2.754949380964529837e+01,2.760107782522993602e+01,2.698919758221546772e+01,2.656695028809821224e+01,2.775468986528636606e+01,2.759704221457224094e+01,2.783255597911750101e+01,2.744295540118758936e+01,2.808283718981181210e+01,2.720887333739796077e+01,2.752316603981313392e+01,2.832491214882224995e+01,2.810616560032195821e+01
2.790411846641831062e+01,2.654743830046680841e+01,2.648509334126435988e+01,2.728748915883642212e+01,2.735715541871667256e+01,2.722239414247343348e+01,2.742024128726194476e+01,2.801041376190045185e+01,2.697659823485855668e+01,2.718728386655089935e+01,2.723710784233588811e+01,2.760156735718953769e+01,2.754563619214968639e+01,2.805115253129349639e+01,2.743746390923087120e+01,2.689886099047623702e+01,2.677819150665482084e+01,2.781350088162946577e+01,2.646257546260102345e+01,2.771013875034793728e+01,2.704428348306112184e+01,2.812371685766851215e+01,2.727902823699702139e+01,2.691675838408497157e+01
2.716246744221723475e+01,2.714976394800601156e+01,2.652751181618941700e+01,2.693047186480856681e+01,2.756322128432748286e+01,2.653494931097543486e+01,2.712755648248821672e+01,2.686063160751905343e+01,2.656490683247841389e+01,2.615633336581356616e+01,2.724753711088987984e+01,2.675895813294710024e+01,2.631325595679345497e+01,2.737443793916315826e+01,2.746683395364584612e+01,2.702839654886514609e+01,2.672475131590732644e+01,2.628658519075213462e+01,2.723078193209175879e+01,2.707091376883096245e+01,2.789284094334470865e+01,2.751546964595593181e+01,2.884587264773335846e+01,2.677989016941046430e+01
2.649935841141973469e+01,2.692914801580928952e+01,2.662275761248179151e+01,2.767560195923039146e+01,2.690320357184958766e+01,2.626367952787165905e+01,2.698249132790772364e+01,2.682628772398584260e+01,2.719880795122401196e+01,2.609940013113100576e+01,2.721254288474915484e+01,2.747386474251635491e+01,2.694421160991663555e+01,2.685028513297561403e+01,2.701717776976340701e+01,2.743946565534633919e+01,2.667380416494904694e+01,2.724036006844340818e+01,2.837089495497741609e+01,2.771606791190708918e+01,2.679783710542096742e+01,2.704014612775733895e+01,2.701950767136372633e+01,2.924504084564887307e+01
2.558398370863852733e+01,2.748192415925672094e+01,2.787249126373995978e+01,2.854133663740714155e+01,2.756901311632526586e+01,2.756115400539647453e+01,2.640739453042584728e+01,2.675311709894344858e+01,2.795871179779493332e+01,2.741458938311649263e+01,2.658560433376368337e+01,2.673533568621218137e+01,2.707134454617568053e+01,2.754323621344701678e+01,2.737963320206296203e+01,2.728626493712795309e+01,2.788417610519843493e+01,2.740550654033796718e+01,2.798646957170950600e+01,2.789964221792064336e+01,2.795200521116220216e+01,2.752404758632377479e+01,2.789634515405748516e+01,2.790610733870539661e+01
2.682986739089665207e+01,2.655984735754816484e+01,2.631002180521363698e+01,2.657899898613419509e+01,2.647480127769154024e+01,2.678779137682039391e+01,2.712137740919177986e+01,2.668797007218660156e+01,2.621561875454989377e+01,2.676831318292113338e+01,2.614844959152839010e+01,2.703695474089641948e+01,2.637440604579785486e+01,2.650865833907056412e+01,2.761400991784813641e+01,2.676689793643106441e+01,2.719534887629731656e+01,2.767097015395074777e+01,2.732252984267785223e+01,2.799827793522820230e+01,2.828277664063125485e+01,2.734156045248039391e+01,2.701622794339010625e+01,2.815261403919288341e+01
2.759658635361370216e+01,2.693896444319170769e+01,2.688673458103073699e+01,2.715960969718173601e+01,2.735441923755632843e+01,2.597408344795587709e+01,2.687376239682328105e+01,2.667669650963529193e+01,2.689004642278354140e+01,2.611385796270178616e+01,2.773735433083936641e+01,2.611058874054162970e+01,2.589328296244229932e+01,2.650104966933577089e+01,2.694311025894563727e+01,2.688668017032892976e+01,2.718597260961240636e+01,2.820381802539122873e+01,2.732966005430989753e+01,2.751610654973313785e+01,2.769794916213129454e+01,2.751813967364489599e+01,2.817126621472931447e+01,2.730832362545339720e+01
2.708296687652318724e+01,2.768020749335397568e+01,2.644924717633051614e+01,2.703549310137697148e+01,2.714261243661997014e+01,2.730195215178889612e+01,2.648405075782852691e+01,2.753650973141049008e+01,2.628340603455632163e+01,2.695072282550603404e+01,2.683751000590029889e+01,2.606071989551446677e+01,2.616007928856413400e+01,2.625534890262065346e+01,2.635978960338684374e+01,2.709117741279987968e+01,2.774166198179898402e+01,2.719038605243497386e+01,2.743371791327393794e+01,2.765745363090860565e+01,2.794685235564060122e+01,2.785225999779464701e+01,2.710630629942698988e+01,2.781763628194903504e+01
2.671761715622056954e+01,2.867043389892018013e+01,2.674583842391643884e+01,2.762962197188772961e+01,2.702353167687215318e+01,2.731908414250113992e+01,2.714550464153222720e+01,2.697174535486038849e+01,2.623230772131267940e+01,2.701868802066348962e+01,2.619712089890248308e+01,2.784638733303830804e+01,2.667532436844203403e+01,2.722415802348098168e+01,2.688512693178120116e+01,2.700725205904092263e+01,2.682470575890897635e+01,2.878882174691858609e+01,2.744509537582621306e+01,2.866178246657938189e+01,2.681126804664040719e+01,2.728007925834833713e+01,2.729542454575590682e+01,2.729327595754409685e+01
2.656578369211501922e+01,2.668915861847142423e+01,2.639110198410236308e+01,2.665211189997501151e+01,2.632693995634883777e+01,2.631268789968464716e+01,2.675696566032667079e+01,2.723830522325346237e+01,2.656963509745349938e+01,2.642529959103717374e+01,2.715124905538721123e+01,2.684160279686960848e+01,2.683922941923742655e+01,2.738787404204913400e+01,2.655555127352602085e+01,2.670487740060031001e+01,2.695152468239194832e+01,2.761435082622023174e+01,2.674322622483600753e+01,2.707155506425408475e+01,2.724923188508898875e+01,2.769484424700959835e+01,2.714322254831262171e+01,2.702120482569813475e+01
2.723607906622839891e+01,2.641999216402456341e+01,2.654349926657761216e+01,2.585901557294215536e+01,2.658491794112319440e+01,2.593706242005288232e+01,2.734388292487994931e+01,2.581512186261721808e+01,2.708699216918893171e+01,2.716427329417467718e+01,2.709160180705089260e+01,2.615938354632760365e+01,2.724438833117278591e+01,2.683093813999613531e+01,2.662193554222426428e+01,2.597171912775195324e+01,2.678594212383853801e+01,2.743830880284849627e+01,2.728368726111864362e+01,2.768573413574625874e+01,2.795688680146099614e+01,2.793369697330189183e+01,2.710830721603770144e+01,2.720713690726182676e+01
2.650905360401389999e+01,2.731001248857489827e+01,2.698259805050219029e+01,2.600083818325754237e+01,2.620535246906769089e+01,2.676406500254967114e+01,2.620230787409457207e+01,2.652838505525926394e+01,2.654752856886466361e+01,2.633086231329622251e+01,2.676177610002241636e+01,2.706339887450832293e+01,2.627296368296271112e+01,2.717647326604253522e+01,2.621599770109583005e+01,2.631322500300677802e+01,2.734589932915434929e+01,2.703996308473881527e+01,2.806258355053137166e+01,2.788382110718140439e+01,2.719804038001632307e+01,2.766911515580420655e+01,2.824998711732354195e+01,2.748457101847179729e+01
2.642347395356676998e+01,2.670003303225104219e+01,2.734575678280708644e+01,2.711934797794390306e+01,2.755490819763679156e+01,2.736340943205084386e+01,2.534441558491784008e+01,2.657282882162365922e+01,2.667675008088804134e+01,2.641681753530792776e+01,2.666117792376883244e+01,2.731199805094888688e+01,2.641382492251909753e+01,2.714920380931704358e+01,2.671504641760719778e+01,2.614370992773484659e+01,2.772268876711376606e+01,2.746854765387803354e+01,2.725663664263038299e+01,2.788036420604277055e+01,2.801573537633339583e+01,2.793357893825475458e+01,2.775479419547559701e+01,2.831313862863311215e+01
2.648653230659323299e+01,2.621974506231862279e+01,2.559752332147434117e+01,2.716675234770917768e+01,2.654371984016665920e+01,2.605716599430542146e+01,2.695552140386371320e+01,2.697227553357845409e+01,2.630963107626433839e+01,2.703695474089641948e+01,2.703360286517232680e+01,2.735764182287925905e+01,2.684220527133749101e+01,2.652204134971623262e+01,2.635978960338684374e+01,2.617021008592155340e+01,2.673275439546091548e+01,2.877555740243087712e+01,2.737875093140718263e+01,2.719109220090655299e+01,2.756732160651870345e+01,2.770380876163784478e+01,2.765233902651834796e+01,2.725554998393215556e+01
2.667962691093566718e+01,2.543754640388522148e+01,2.673299735380544462e+01,2.610776654707927946e+01,2.786020279614984929e+01,2.635084258584970485e+01,2.712647712775299169e+01,2.647312456066697450e+01,2.669829862933102049e+01,2.621104819554039977e+01,2.707996484819449279e+01,2.716811321004524871e+01,2.707723566705891471e+01,2.660693322120005178e+01,2.731088844544899530e+01,2.646514810784640304e+01,2.752890600554889033e+01,2.754321326909672507e+01,2.713721171257674314e+01,2.747040250559552987e+01,2.727199848090947398e+01,2.674220610112979557e+01,2.797481782661270699e+01,2.736251527215318902e+01
2.664396620500866675e+01,2.759318009751433465e+01,2.648045190612168653e+01,2.670657245068781549e+01,2.697853703714173434e+01,2.730607825945838840e+01,2.699847134732948462e+01,2.730864604238200855e+01,2.650685520089888314e+01,2.516813911428545225e+01,2.632013618286367773e+01,2.714210990451670114e+01,2.649995179206808871e+01,2.677010059229019134e+01,2.736264859231636137e+01,2.819459855302346796e+01,2.719318846744113216e+01,2.749993134847181864e+01,2.688734123527615338e+01,2.736655167389898224e+01,2.636547386303948315e+01,2.742330473685814241e+01,2.663546718490459853e+01,2.719925895702164098e+01
2.675654026151704556e+01,2.679544345450386800e+01,2.678231637229498574e+01,2.721276169902756692e+01,2.705172390277925842e+01,2.685687950620661013e+01,2.613324341778087501e+01,2.623988074396112324e+01,2.651425019910578840e+01,2.730420899232711918e+01,2.708518951325322632e+01,2.681952574987315074e+01,2.662492915708827468e+01,2.771365103334289870e+01,2.791589566660576338e+01,2.815339043239208650e+01,2.737696143941468563e+01,2.865626174537499082e+01,2.783331132782609529e+01,2.814511392835697734e+01,2.649676916933049142e+01,2.770743932957878997e+01,2.770186360241746115e+01,2.728198551986798748e+01
2.628135902526838663e+01,2.725532656025620781e+01,2.729565164751102202e+01,2.692994949871803101e+01,2.597992158690829001e+01,2.677837515097093046e+01,2.635342857957874685e+01,2.669385591704809713e+01,2.732054677095231909e+01,2.654264353811754518e+01,2.582454429298223886e+01,2.578219875159931007e+01,2.657385937137411247e+01,2.675480522200473388e+01,2.764525284015451234e+01,2.741381456625180135e+01,2.746772326907461093e+01,2.730682319224496268e+01,2.685512692743498064e+01,2.766190197263995287e+01,2.723770214060328954e+01,2.720093165319025275e+01,2.639822715550548082e+01,2.836410075417620646e+01
2.782931740610445104e+01,2.627402806676963110e+01,2.682185451265712572e+01,2.698355464672960125e+01,2.719282675187167797e+01,2.638554570858229908e+01,2.702329006143730794e+01,2.667657708780654957e+01,2.777546281487303759e+01,2.586268535470213692e+01,2.822490785448314909e+01,2.698623415109796042e+01,2.776966969503416749e+01,2.674330247688067175e+01,2.741900185891142883e+01,2.723968701170116447e+01,2.794012885838219518e+01,2.704010807923532411e+01,2.698853032374228178e+01,2.716368377370616827e+01,2.768502958698104521e+01,2.707764926536975736e+01,2.555295648844014522e+01,2.664196703342963701e+01
2.733129718688508092e+01,2.668980705518509922e+01,2.731667377148107789e+01,2.730711487200375132e+01,2.744470510457887258e+01,2.701317696797320878e+01,2.714876782440336456e+01,2.632637104165496567e+01,2.712821800507344960e+01,2.723855059137616763e+01,2.799380508067685014e+01,2.770019539208095694e+01,2.696115098641917029e+01,2.684479181872728759e+01,2.850131948176033347e+01,2.767002534564477401e+01,2.781464772954734599e+01,2.877378842919063118e+01,2.785951652957538727e+01,2.720678956976593099e+01,2.832941234519080353e+01,2.796809009858094441e+01,2.783305523141461890e+01,2.726589127130989709e+01
2.584244268333776517e+01,2.713724681892227864e+01,2.629482861507523239e+01,2.761160695244666385e+01,2.658643587121679275e+01,2.697130769077995183e+01,2.695624413277255371e+01,2.630306398890940045e+01,2.800618400951185549e+01,2.694144609087032904e+01,2.756115534828478530e+01,2.792837855438358474e+01,2.724537422231850314e+01,2.701410141701916245e+01,2.743868869051721049e+01,2.698378154155892616e+01,2.851741169211754823e+01,2.767942253386974016e+01,2.782922707466747170e+01,2.949129596466383418e+01,2.759012726203121701e+01,2.907622696254270522e+01,2.776263946175248520e+01,2.791891582524402793e+01
2.696609389323714367e+01,2.542824318880900591e+01,2.635280326382257954e+01,2.667248880347699469e+01,2.685166815776557314e+01,2.687962383595561278e+01,2.730214155023037392e+01,2.566471475496274479e+01,2.590963771516857150e+01,2.687897120409951413e+01,2.727329030862966874e+01,2.728457749664357834e+01,2.686604271048668124e+01,2.718483168491354718e+01,2.673191247842498797e+01,2.788045713694089045e+01,2.680901308023862839e+01,2.787529918859650024e+01,2.651496505000022808e+01,2.777299413984752618e+01,2.714751042526751235e+01,2.743398427603017353e+01,2.579347704874902547e+01,2.628159565232692785e+01
2.732367129857635746e+01,2.554506962161883621e+01,2.716582910479627344e+01,2.625077434027122081e+01,2.674016717834172141e+01,2.563997139996450869e+01,2.631248589959193396e+01,2.566498616151477563e+01,2.670042662325857918e+01,2.605386729384753153e+01,2.784624437475304148e+01,2.588570103162436453e+01,2.621661950307492361e+01,2.665181588111198607e+01,2.612624204033369324e+01,2.651842327173528702e+01,2.660892433697097204e+01,2.718281739609005854e+01,2.698631985744725625e+01,2.735675313237044293e+01,2.852608027213739206e+01,2.634171232245120109e+01,2.775175295885588866e+01,2.578846024605985576e+01
2.672278665591716162e+01,2.622244313352064182e+01,2.603036545094482790e+01,2.653636292590095991e+01,2.688414157769102530e+01,2.673207635762554446e+01,2.739512993022458431e+01,2.653922488957528003e+01,2.616919614776998060e+01,2.699192574381874010e+01,2.627335216460380707e+01,2.558054831942257579e+01,2.683024736906355656e+01,2.633067596118274878e+01,2.709731459634343764e+01,2.696295815483762226e+01,2.739639687258966205e+01,2.644861729418619234e+01,2.705037714144947358e+01,2.755368331703436979e+01,2.779731537116367690e+01,2.667461433346346666e+01,2.631713175363182700e+01,2.815188924242715984e+01
2.616672987730703426e+01,2.670742857491046607e+01,2.645816994777851505e+01,2.634469781974854641e+01,2.667460991841522855e+01,2.734799863857762148e+01,2.715367716224290007e+01,2.709431810166870491e+01,2.705813747072227216e+01,2.680971137508464608e+01,2.612171606088566023e+01,2.748970074558053511e+01,2.660094802886317211e+01,2.714571141814326438e+01,2.661897450953836142e+01,2.700969247424137620e+01,2.745427305231100945e+01,2.888090113333817044e+01,2.783930604809239640e+01,2.742641998310040208e+01,2.604058467197705795e+01,2.778371602231641191e+01,2.777786994548222310e+01,2.887138610773308756e+01
