2.552977068461547105e+01,2.723441577756818788e+01,2.561093578424220141e+01,2.563564411150309752e+01,2.520064140323484025e+01,2.594792182001117453e+01,2.628014783616754357e+01,2.735635219172991128e+01,2.675371460602792695e+01,2.646596195017434638e+01,2.592510146842317909e+01,2.652575845565417012e+01,2.550859851220269547e+01,2.592179138686054785e+01,2.467113403462542465e+01,2.568628474410280660e+01,2.612797276343633257e+01,2.559824122673609281e+01,2.656945894322518598e+01,2.598293562368968423e+01,2.585395881401865381e+01,2.504615298312484128e+01,2.605759530487335951e+01,2.622953378955747894e+01
2.631314964240419840e+01,2.460407312017946424e+01,2.451496918085501875e+01,2.540859748100473325e+01,2.633200368796389057e+01,2.521670144099766731e+01,2.598842236505805658e+01,2.585674247673750870e+01,2.588813681454763582e+01,2.532824144932209265e+01,2.571990292208897699e+01,2.453205971661219564e+01,2.569375354612571982e+01,2.526589041304828243e+01,2.494558715986750030e+01,2.568599446154797761e+01,2.613555866225624413e+01,2.574686916323798869e+01,2.563862515262007946e+01,2.545620413949416161e+01,2.578642689464908244e+01,2.612118610475454261e+01,2.576407780086128696e+01,2.545077774753849553e+01
2.452264898093568490e+01,2.475119959993844532e+01,2.474308185093906332e+01,2.710334593214992083e+01,2.503767553841953486e+01,2.657201287374118692e+01,2.517614875823841203e+01,2.559852731985637320e+01,2.601480845078788207e+01,2.678768012983823610e+01,2.583958893646371280e+01,2.573831483122665986e+01,2.549848030334607074e+01,2.497749535010694899e+01,2.494774442831919714e+01,2.503205516238068640e+01,2.429319114872470209e+01,2.542312788753054065e+01,2.595688420749212355e+01,2.663532127635016877e+01,2.609680293260356621e+01,2.684961131676254809e+01,2.529879265989274018e+01,2.569868848365706526e+01
2.577608872591542877e+01,2.449272235315373791e+01,2.716644915349348821e+01,2.571920444763662772e+01,2.514384033705852062e+01,2.574314638280912959e+01,2.569445632229354715e+01,2.543622898164841217e+01,2.682097346455429943e+01,2.445694104361331256e+01,2.597702856233280500e+01,2.524012117808189259e+01,2.592455141275894448e+01,2.543343335525077009e+01,2.643951015758221956e+01,2.590637924930206282e+01,2.619497617278540247e+01,2.570294267119794540e+01,2.623634044379423358e+01,2.549768533907536039e+01,2.669416653187636257e+01,2.482019448075811852e+01,2.572358233861189092e+01,2.498760145196109761e+01
2.475984162297567082e+01,2.598308769079926606e+01,2.664948854306885551e+01,2.622567389859068498e+01,2.606969603492575516e+01,2.501329934410097167e+01,2.474825927861746777e+01,2.551875017785562250e+01,2.592214526920491835e+01,2.493835296746090080e+01,2.457801654948292480e+01,2.608575845662028314e+01,2.546153283679279866e+01,2.599651329217675766e+01,2.515426471528019192e+01,2.607685902073518491e+01,2.598316097005397296e+01,2.611413972520017523e+01,2.643850581954944801e+01,2.615427263426619220e+01,2.560172352352572034e+01,2.592823616350682414e+01,2.403561925377329089e+01,2.594481459480959984e+01
2.541195825285399224e+01,2.622899214063414775e+01,2.544508173686892860e+01,2.665947322904435168e+01,2.609454437308596653e+01,2.577633739993979134e+01,2.521479674699435236e+01,2.637956026430123302e+01,2.687017545197682011e+01,2.485239581370524320e+01,2.578758011825516405e+01,2.584142744357683341e+01,2.633457189928242315e+01,2.586315789385417929e+01,2.598587932468990402e+01,2.527638952834030306e+01,2.705062655405356509e+01,2.483709931318674080e+01,2.500546259884163192e+01,2.567159420971967165e+01,2.545610568620088543e+01,2.443640794944417394e+01,2.705144589044033410e+01,2.463564352513924405e+01
2.484417508572551014e+01,2.593893467404194553e+01,2.449920758445239244e+01,2.534208439184476447e+01,2.509925885385695210e+01,2.466527057846980142e+01,2.530976405856148403e+01,2.548411028907179343e+01,2.459638247263279709e+01,2.639855161648370085e+01,2.607101446712584902e+01,2.559388305468615954e+01,2.518352005315432507e+01,2.565128891094610708e+01,2.582391391792288005e+01,2.512862925072016651e+01,2.566565324051526886e+01,2.572499093056711672e+01,2.578833074905918465e+01,2.712411039406254076e+01,2.542244841003042666e+01,2.570000590159389731e+01,2.499418389258516981e+01,2.533233395286055156e+01
2.600057311304919949e+01,2.487271560137833148e+01,2.459103359561464686e+01,2.561508110584418318e+01,2.550284547200163843e+01,2.553722926579331443e+01,2.557980632143261346e+01,2.477625729924483267e+01,2.655755852953518570e+01,2.407260191893385581e+01,2.527073901362047081e+01,2.461533015769089161e+01,2.578441661367907045e+01,2.569749254506211855e+01,2.582733258344109117e+01,2.554715447504918302e+01,2.614312890321332361e+01,2.601265173794138263e+01,2.621809082353661324e+01,2.496954186346886218e+01,2.567059874917379148e+01,2.615558586492528548e+01,2.529666984569342958e+01,2.665960283374579376e+01
2.475632416590656248e+01,2.626752437788610450e+01,2.528667143977344267e+01,2.498451049825206383e+01,2.487240095084689528e+01,2.505506111858778695e+01,2.452131725017767394e+01,2.543343642877653110e+01,2.531593153527052209e+01,2.456258347334221526e+01,2.498613264398653655e+01,2.529792672030276890e+01,2.474752383555187407e+01,2.642130145070990466e+01,2.482900219667527608e+01,2.652259312974740624e+01,2.539369179322164882e+01,2.532614478752145715e+01,2.565120944813855886e+01,2.523625847908465403e+01,2.687974525248534974e+01,2.570429675395803315e+01,2.480281315258702080e+01,2.612953472719129877e+01
2.504632909834964494e+01,2.396803995305515400e+01,2.531270726549331584e+01,2.488796909318335793e+01,2.485008152497283618e+01,2.476118092055855868e+01,2.473756124864155481e+01,2.374700577162235504e+01,2.486862935399443586e+01,2.551508520811779590e+01,2.569469456113858996e+01,2.486372925831358316e+01,2.503823604341141618e+01,2.559618820748795542e+01,2.499512970639096920e+01,2.524401276705361852e+01,2.599800370635222180e+01,2.555658697778295618e+01,2.567875042460400437e+01,2.500008686316061812e+01,2.530735558878200209e+01,2.531872175254295598e+01,2.556269257529748984e+01,2.503409983042058684e+01
2.394264651860748927e+01,2.516389239184968574e+01,2.518901083529141260e+01,2.578110274470498098e+01,2.496859171999489035e+01,2.525114054687344378e+01,2.421623822305332396e+01,2.542875186747380667e+01,2.407345813709451932e+01,2.523779607443248096e+01,2.458490325283611355e+01,2.483066455108831860e+01,2.447756143725945321e+01,2.505881082921899861e+01,2.539976091090585442e+01,2.529073770808940935e+01,2.509735020909045033e+01,2.565444686513092165e+01,2.558490168512690843e+01,2.649417061479744007e+01,2.568565564012681079e+01,2.609787584557642504e+01,2.525199960145755540e+01,2.612305852451129340e+01
2.446064837033054573e+01,2.488545972781861337e+01,2.525012410768329119e+01,2.491080934056412843e+01,2.617597460713318469e+01,2.483346963509330863e+01,2.548138979871566789e+01,2.524739119795600573e+01,2.482801522820705031e+01,2.513637866250667230e+01,2.498879303749509972e+01,2.459426317178247245e+01,2.544125368504910512e+01,2.436228861549898284e+01,2.506522169123320509e+01,2.514055922616040561e+01,2.608883447972914382e+01,2.595757793282029979e+01,2.660274653599731209e+01,2.650215322618032587e+01,2.569540168831179017e+01,2.506785956806521654e+01,2.516108845389635462e+01,2.513408084154121980e+01
2.578846888448100572e+01,2.503360500155559976e+01,2.590060839643297186e+01,2.607525054985842416e+01,2.539963836194584701e+01,2.471154444366686675e+01,2.433937202080772977e+01,2.487903964307224669e+01,2.479700327956129513e+01,2.477003046413261700e+01,2.384059798643573913e+01,2.450771812201156763e+01,2.417291625304096669e+01,2.476883843353942893e+01,2.459730197645853877e+01,2.453422554441965531e+01,2.586759060254183851e+01,2.613244279331723874e+01,2.640064884201962059e+01,2.582459999145970642e+01,2.497355488241669264e+01,2.450627546411624280e+01,2.571292809007792357e+01,2.422861799550497608e+01
2.635591816092289719e+01,2.548488868301200228e+01,2.547258660057821089e+01,2.500201748042530880e+01,2.586589804814531135e+01,2.467027117103418732e+01,2.514880050576795156e+01,2.404794076544897052e+01,2.387847540076120367e+01,2.516151246223421367e+01,2.473746216479418081e+01,2.447191307590770748e+01,2.434779228921178174e+01,2.477867701214722729e+01,2.424810609201955458e+01,2.452137083468056744e+01,2.500708741864497142e+01,2.604798388944550425e+01,2.651461667875986450e+01,2.553081020547631397e+01,2.541272715533511928e+01,2.543085370113311683e+01,2.593406017084640780e+01,2.526426629054333262e+01
2.608160386379228157e+01,2.544375546070796190e+01,2.511215484615121341e+01,2.564053627451579587e+01,2.402576136457872735e+01,2.542753757836078421e+01,2.513209656608182740e+01,2.543649641350367574e+01,2.399036041241271278e+01,2.428055750853320660e+01,2.433485516041179153e+01,2.370717080200427063e+01,2.450480062806548176e+01,2.423901699510730623e+01,2.486717792280529693e+01,2.457203121649274635e+01,2.491976273375087203e+01,2.637582560144790023e+01,2.584121008540165576e+01,2.605475266273253965e+01,2.551161852427196663e+01,2.539525481603754997e+01,2.454020386586410041e+01,2.539455977565683042e+01
2.610900837730019930e+01,2.526777460667017294e+01,2.480633100693682991e+01,2.604628648337842378e+01,2.444772469975561080e+01,2.456199459511299210e+01,2.505597751063947953e+01,2.571619828983915568e+01,2.442013052981235433e+01,2.417631249186320019e+01,2.470361470987734265e+01,2.415414546591989620e+01,2.564219785001245100e+01,2.502673502888524126e+01,2.517566318031941819e+01,2.444547101090029173e+01,2.568035772539030859e+01,2.628432840153948291e+01,2.631373613715840065e+01,2.634920698076177814e+01,2.594378404974946761e+01,2.515878785997642808e+01,2.490638211928171586e+01,2.634048009187472417e+01
2.509277027694821527e+01,2.435368926832626357e+01,2.520041690390684153e+01,2.519559018408233442e+01,2.353809190951051278e+01,2.419907625052678668e+01,2.376791779376321756e+01,2.456993580731653992e+01,2.459445043390508090e+01,2.388236660251067178e+01,2.431570316865077075e+01,2.462835822057331825e+01,2.464593005407061810e+01,2.579344357150557698e+01,2.468490311556359984e+01,2.412180572225952346e+01,2.632030211228982353e+01,2.659201643820853178e+01,2.613065308890952565e+01,2.589799856911520237e+01,2.513078853366624799e+01,2.519504348687718220e+01,2.598240858642168405e+01,2.471421391799322009e+01
2.515195912630053954e+01,2.471243853486186026e+01,2.478803756403226544e+01,2.542955202980476770e+01,2.434296587938280254e+01,2.388258503852483727e+01,2.400929061817441834e+01,2.484983068204900292e+01,2.438573251035245448e+01,2.396820223260340299e+01,2.406181110521885103e+01,2.514491135072893258e+01,2.436777873650595438e+01,2.411576431936617837e+01,2.422380435477833771e+01,2.525158530505052568e+01,2.509233975512364623e+01,2.509577363037391251e+01,2.682272846486318940e+01,2.536048889087970792e+01,2.583187999549613778e+01,2.548386867783739262e+01,2.577390233120735274e+01,2.568866265486059319e+01
2.550390220215632553e+01,2.546061422805689745e+01,2.545931171591723796e+01,2.367926542379410648e+01,2.437783462752901187e+01,2.416552417927641727e+01,2.411977593234979622e+01,2.388763489810122564e+01,2.426107282222955064e+01,2.505662516082890079e+01,2.394674976122803400e+01,2.628599327838873023e+01,2.526361938735720969e+01,2.581340459871626081e+01,2.488663217629601832e+01,2.546272054645044136e+01,2.487243236170235150e+01,2.524562572466209076e+01,2.557912922240313947e+01,2.540609571029108338e+01,2.513181239100691755e+01,2.628193794407917494e+01,2.530767030359675118e+01,2.578884972023217870e+01
2.503784414848774986e+01,2.525144895924091770e+01,2.501287557486102742e+01,2.401938304422895953e+01,2.593327542011792275e+01,2.406051673352448006e+01,2.608330344498153863e+01,2.428510978052770497e+01,2.591376588423361227e+01,2.427001248131062994e+01,2.508754873750518755e+01,2.536756061535703566e+01,2.613806391097028836e+01,2.499660835963408090e+01,2.504422929890114347e+01,2.496298197525925389e+01,2.540996457468651215e+01,2.513957961792556262e+01,2.443528246535805692e+01,2.539781556557119302e+01,2.450433812382874521e+01,2.564804308082273110e+01,2.519847727012108862e+01,2.628027870602403482e+01
2.447511095513965529e+01,2.610135662832209391e+01,2.499010980450566421e+01,2.422239636306534294e+01,2.489874995095863142e+01,2.506829960731568008e+01,2.400262515795134277e+01,2.539345152052561616e+01,2.435085433295927260e+01,2.467882655151828430e+01,2.591947271791877938e+01,2.585543097963744685e+01,2.619352889304627752e+01,2.531311261133407697e+01,2.537274866963963404e+01,2.547107557072632744e+01,2.526785376747272949e+01,2.589997425365731942e+01,2.592811858073582698e+01,2.431342804338680708e+01,2.549184662939705959e+01,2.594429198415684823e+01,2.526576476924856252e+01,2.556048281189674753e+01
2.343170651990539000e+01,2.401412813504407495e+01,2.459580117605185023e+01,2.472248508061642269e+01,2.510790970919043730e+01,2.376209750923356978e+01,2.431109485796935132e+01,2.490891985017429988e+01,2.439844872023462585e+01,2.497715816946401901e+01,2.578294141047473431e+01,2.636627747693796664e+01,2.663045038032794309e+01,2.599665424427001881e+01,2.582358815807515384e+01,2.499631782989183648e+01,2.483837863383013200e+01,2.538227377236694338e+01,2.482361696040902643e+01,2.605340340556961110e+01,2.517553552746011292e+01,2.484467952123753776e+01,2.596118533358963987e+01,2.495889358963097493e+01
2.452024501986949190e+01,2.580956101671711167e+01,2.503422267336901541e+01,2.461446584820657790e+01,2.408106932481479134e+01,2.513975686271675158e+01,2.426535011252053664e+01,2.474033708701540490e+01,2.392195933440484623e+01,2.437201490469897180e+01,2.602283268688648832e+01,2.783883983216139768e+01,2.596701440188684273e+01,2.517007746781001742e+01,2.508946891999192985e+01,2.571401298321086415e+01,2.477085617674902096e+01,2.504220308907616754e+01,2.466439972387183843e+01,2.492855095382520858e+01,2.435212150523432229e+01,2.555685769834320809e+01,2.429775869617907347e+01,2.500384728457379424e+01
2.528038879350600610e+01,2.506043847023858007e+01,2.615487610427857135e+01,2.553805976584197879e+01,2.512885706384849982e+01,2.452050791572656863e+01,2.449278279568358130e+01,2.532176659543898722e+01,2.479122145694873325e+01,2.451241068012780033e+01,2.781188893094298464e+01,2.648329620114975569e+01,2.634819247285389565e+01,2.596564819533239188e+01,2.563246679568402442e+01,2.517503392506415594e+01,2.530434150507898039e+01,2.534977913194313714e+01,2.559895758231436957e+01,2.570909521463244118e+01,2.504541131142065069e+01,2.549827078569359173e+01,2.499047555470036741e+01,2.511538723235628368e+01
2.567470027405136079e+01,2.631887844061549231e+01,2.628562048750006852e+01,2.643834612964190001e+01,2.612188500004771186e+01,2.571078837874762257e+01,2.549390949585023236e+01,2.614994866463047174e+01,2.493004438596625505e+01,2.574881603006917885e+01,2.647337059098441614e+01,2.655695516672159329e+01,2.519197475824654475e+01,2.584208473998774025e+01,2.537798100090640219e+01,2.493348412307364015e+01,2.608221443421297181e+01,2.533245535368132551e+01,2.608358653602920185e+01,2.486213723682715226e+01,2.541379545211634650e+01,2.551083451284932835e+01,2.551301684701223849e+01,2.505480518002457302e+01
2.597424373174283119e+01,2.483249291155681249e+01,2.563154620034606523e+01,2.516299651327290121e+01,2.527234387497128409e+01,2.653492217370751405e+01,2.612713356196354653e+01,2.542234679093132854e+01,2.577169033300100409e+01,2.604777207901719294e+01,2.615687715859036189e+01,2.636417687342259342e+01,2.572816352517577343e+01,2.614444765910650403e+01,2.657564319525044993e+01,2.463334464309406258e+01,2.495907895988142400e+01,2.622721597763609225e+01,2.531516162752467380e+01,2.514675262476879425e+01,2.512733077642099033e+01,2.416328182870768160e+01,2.384185605650606021e+01,2.512340281212175341e+01
2.374545863283719882e+01,2.601663463780323582e+01,2.521988615412897161e+01,2.559108176332580342e+01,2.504078882788076044e+01,2.557733715795092166e+01,2.567698809281961303e+01,2.617515891155630925e+01,2.618772431217803387e+01,2.683561128562445219e+01,2.547066990587399005e+01,2.682556979013281762e+01,2.571875709497851403e+01,2.595480932040874222e+01,2.631702757387881775e+01,2.583025499822554139e+01,2.510070954237039587e+01,2.680447870920704645e+01,2.538817625859201144e+01,2.566930497112826970e+01,2.586984255514175857e+01,2.529370229705318707e+01,2.419646258192153709e+01,2.540117068987848370e+01
2.702717343867408317e+01,2.517273475670839389e+01,2.444756727412629971e+01,2.486135526174496135e+01,2.541250237606664086e+01,2.595908867182140511e+01,2.666349439885448191e+01,2.520207503580235198e+01,2.588675752840225641e+01,2.614735219127521759e+01,2.710956752571604511e+01,2.649573983486703810e+01,2.583935720381242618e+01,2.557840698962655779e+01,2.640563424868281572e+01,2.630525193548555762e+01,2.542721074801880832e+01,2.532237178197055982e+01,2.555020734889262712e+01,2.485536204349631362e+01,2.616078462418568051e+01,2.602896295901319945e+01,2.540239996463128591e+01,2.402606937262413567e+01
2.512945591526545286e+01,2.541107582497716066e+01,2.480920581900392108e+01,2.459027686619521091e+01,2.343934108472433309e+01,2.490053752260155306e+01,2.470312194503287628e+01,2.527485418479653845e+01,2.583960241596787455e+01,2.575751910229155328e+01,2.538314024540238734e+01,2.571783957183157554e+01,2.627211033101616522e+01,2.482977964889431632e+01,2.507074190361186083e+01,2.655509443144791248e+01,2.546780513610008256e+01,2.495368858394760991e+01,2.505190123270790536e+01,2.427940833956239430e+01,2.536721423655291119e+01,2.499910360228841455e+01,2.413076828947021113e+01,2.387904303736348766e+01
2.495251229909092672e+01,2.438771050202279866e+01,2.425326796643071248e+01,2.491583995106111615e+01,2.466090322084261288e+01,2.548872081987735783e+01,2.494920394025598398e+01,2.406976694200596967e+01,2.504123652937886391e+01,2.477247869748714493e+01,2.594697799420640649e+01,2.479533416899442955e+01,2.526348268064992908e+01,2.570346731459960665e+01,2.480556802950280826e+01,2.561079414532645160e+01,2.610740153123367691e+01,2.472461674975755841e+01,2.493981597235841718e+01,2.432109546565476421e+01,2.466050318137274644e+01,2.525674117540643238e+01,2.475827853703884784e+01,2.391562358607643546e+01
2.374830553351921480e+01,2.586842068340047263e+01,2.423221313409834465e+01,2.517571802440761530e+01,2.472731502693790162e+01,2.634716898553699593e+01,2.425058813589197371e+01,2.555396424491436846e+01,2.624781299881311725e+01,2.615043415046784503e+01,2.497555084723177288e+01,2.571274691701233905e+01,2.465472372498669529e+01,2.558406522262981753e+01,2.452422687436938986e+01,2.479623430171403697e+01,2.549004871143119999e+01,2.515652177631642417e+01,2.517139036554522136e+01,2.456148886950109045e+01,2.486478317319790676e+01,2.441096365788149569e+01,2.417272582939682479e+01,2.572792681252963121e+01
2.538834545483791771e+01,2.505413948277401914e+01,2.519186060327365340e+01,2.399709771156716442e+01,2.498075673499613458e+01,2.468910917709212072e+01,2.580630389923123857e+01,2.593853547046330732e+01,2.518071086992648588e+01,2.511291134633887623e+01,2.572675198853556822e+01,2.600750360891277069e+01,2.632247882182292642e+01,2.641817769119319337e+01,2.469658437348311963e+01,2.548142020289185439e+01,2.532403171813444942e+01,2.480349676653571578e+01,2.552934155821787954e+01,2.489754911148600058e+01,2.474744138764259560e+01,2.460863849169169271e+01,2.512440577882199477e+01,2.475434047242077895e+01
