2.908358276835008382e+01,2.882880191161996208e+01,2.901073980465378099e+01,2.899524478802015892e+01,2.890273131785659189e+01,2.887496420470182557e+01,2.907624275739601671e+01,2.893928266760684664e+01,2.938808127169539830e+01,2.930190199342195001e+01,2.859782834172915500e+01,2.915620706865377088e+01,2.951833356153082377e+01,2.880209844738288893e+01,2.917674704179262335e+01,2.989792229449699335e+01,2.902273906405048365e+01,2.846268321970620718e+01,2.923767154175499172e+01,2.952116483384969570e+01,2.891355979593970460e+01,2.928416419542179483e+01,2.857839404550685458e+01,3.069912517353139947e+01
2.840140266904927557e+01,2.848972690924256312e+01,2.934600198536838889e+01,2.907931234206290583e+01,2.871704766234046247e+01,2.963648244131769616e+01,2.895502958207060828e+01,2.892897559375779792e+01,3.002236377962753977e+01,2.934670828992312863e+01,2.921716291979248581e+01,2.880430605657488741e+01,2.987213369212577163e+01,2.866049073671410952e+01,2.934445188779989167e+01,2.909810189270370984e+01,2.964227384454306957e+01,2.913356496091682857e+01,2.892849311333270634e+01,2.928113319485163402e+01,2.924605105068775401e+01,2.856153477767293225e+01,2.918205177726235888e+01,2.832636935593183125e+01
2.920135980730896108e+01,2.727467319371407939e+01,2.843478304428322190e+01,2.948777181271481140e+01,2.946479508715566453e+01,2.955015921477428265e+01,3.068139445500378315e+01,2.954584610031110969e+01,3.001251709270701440e+01,2.947801114952926582e+01,2.906127046197076425e+01,3.012781733329421741e+01,2.894281800419304318e+01,2.999602920380806381e+01,2.962666253282287698e+01,2.945286188383681747e+01,2.961619886679523006e+01,2.982827415398423909e+01,2.937696930181863308e+01,2.914168023995142676e+01,2.990455624452374650e+01,2.951364558290885043e+01,2.908808429721000266e+01,3.016310005257054172e+01
2.855295609158275738e+01,2.916751459027932469e+01,2.911154678036990617e+01,2.924134879713466262e+01,2.992522047087942383e+01,2.928026656983377052e+01,2.960314769974058891e+01,2.968329511186868785e+01,2.971804660470940007e+01,3.016483400290206873e+01,2.874409998406440536e+01,2.871051119715633604e+01,2.952519919892750977e+01,3.010461680956359487e+01,2.921999220474145886e+01,2.957955634688045166e+01,2.957145035396649746e+01,3.080486682127462927e+01,2.999422443762489365e+01,2.960040406490418263e+01,3.020995963338918955e+01,2.957370621068383798e+01,3.009624308148045202e+01,3.021773973459198714e+01
2.918964772605801272e+01,2.942037972677314883e+01,2.887088590149818401e+01,2.931352773236466192e+01,2.881421469070863850e+01,2.920793746935493118e+01,3.000859774560933602e+01,2.858290870830666108e+01,2.864523943814629092e+01,2.824285158423703024e+01,2.886490304777333904e+01,2.976500906313196992e+01,3.030272223885560834e+01,2.895130201568127859e+01,2.793127549068475446e+01,3.016530762177706038e+01,2.835208700291997275e+01,2.962546521264522426e+01,2.954297514549085690e+01,2.964562534719215137e+01,2.887009837185911465e+01,2.878172973375484389e+01,2.854937453017095095e+01,2.876082177001745777e+01
2.859165159700779668e+01,2.790722461352299888e+01,2.915451119714208517e+01,3.022365272150307192e+01,2.862797400503342260e+01,2.880326208737062643e+01,2.900153703854442711e+01,2.887169125264051672e+01,2.990370022141831896e+01,2.914733192851116428e+01,2.944931995869205821e+01,2.770836833475669891e+01,2.906145589741311142e+01,2.867780001464461748e+01,2.910731241050746121e+01,2.957836734549243829e+01,2.939825441161229946e+01,2.880045193191182307e+01,2.982331290861890238e+01,2.884730432173137160e+01,2.910372756923845827e+01,2.836286697127678735e+01,2.977366645239061427e+01,2.878344380990375839e+01
2.995016931541130134e+01,2.937516622569495439e+01,2.852260846374036873e+01,2.845221663689608249e+01,2.953869078620749633e+01,2.983668577306815450e+01,2.994246550190814560e+01,2.857131172995838142e+01,3.056020441949266342e+01,2.969685549876754749e+01,2.980052333928318831e+01,2.983286199326033739e+01,2.965751396419040020e+01,2.953754195861449716e+01,2.993304500726321749e+01,2.974884032768471798e+01,2.958770749357233854e+01,2.978835112043714162e+01,3.062657119250110327e+01,3.004833087131487446e+01,2.952682457672210603e+01,2.959762665514750779e+01,2.948867238657442158e+01,2.962209130080015029e+01
2.835308175693012345e+01,2.802302068151664116e+01,2.896222494690545091e+01,2.881410584573779943e+01,2.867567149323406284e+01,2.923590042181780291e+01,2.958200338805130514e+01,3.056436534817640904e+01,2.910123587199132089e+01,2.985309651707484591e+01,2.933703693505970023e+01,2.947005382445877331e+01,2.892145489591274554e+01,2.928019207652272371e+01,2.934847229670549495e+01,2.913983221133844381e+01,2.910999742838896509e+01,2.976908661126486777e+01,2.989240093008459098e+01,2.968388105343825600e+01,2.933285410405403582e+01,2.972725379820940361e+01,3.070243670406460978e+01,2.939733339866734241e+01
2.877759439775689998e+01,2.961880110263325605e+01,2.834788870230289604e+01,2.962144897638899010e+01,2.896516673565156452e+01,2.912893368613833900e+01,3.009935899635900114e+01,2.969931972582577373e+01,2.889523884103419960e+01,2.921659478382497355e+01,2.894449850209360875e+01,2.959401281941092066e+01,2.958019312001454182e+01,3.036901058162874278e+01,2.897179628292434472e+01,2.943136718312956646e+01,2.970039604427040558e+01,2.964035899028647236e+01,2.908300389996333024e+01,2.938691181050478463e+01,2.863155726072233165e+01,2.983412081027233853e+01,2.930071846730203333e+01,2.889974318590884650e+01
3.005220642275156706e+01,2.966853834215504548e+01,2.870082472210236801e+01,2.915035090824596864e+01,2.890037016999229991e+01,2.849440611155750958e+01,2.952689371343473113e+01,2.788328206072026205e+01,2.894733662562077825e+01,2.789264659156299331e+01,2.959435649400683133e+01,2.968036200726123752e+01,2.964780320744483788e+01,2.938898374407961001e+01,2.960690632990167614e+01,2.957199016154379478e+01,2.922970276256739908e+01,2.834460468627668206e+01,2.960143485273988517e+01,2.933331121124075480e+01,2.993893018451552734e+01,2.837409274663582437e+01,2.906770163030068943e+01,2.823394738727307640e+01
2.881892640470755396e+01,2.892897744012788053e+01,3.021109827721659258e+01,2.903514944636833661e+01,2.925422474179123355e+01,3.000759886443591995e+01,2.974006576175605687e+01,2.934682627865475979e+01,2.925231563919123801e+01,3.001778266262749639e+01,2.993016309990355239e+01,2.945318772098158888e+01,2.897414630438947825e+01,2.967891042117975076e+01,2.954459301352596867e+01,2.890394716356814797e+01,3.009772874658983710e+01,2.992634544925562068e+01,2.868659417079805962e+01,2.903136256674343940e+01,3.016517370134329212e+01,3.000031276342110687e+01,3.084999727102234601e+01,3.023806199506083203e+01
2.803149974731007887e+01,2.933754925514540446e+01,2.961139672357609243e+01,3.032807535653245168e+01,2.890349861843708368e+01,2.932023865439515475e+01,2.899279165030611694e+01,2.937536071773411095e+01,3.045728393114643495e+01,2.962411396613555326e+01,2.924693187953511142e+01,2.926691255672346870e+01,2.886137721840339054e+01,2.920993619334558389e+01,2.968526604500925714e+01,3.013813694861431713e+01,3.001700267562739555e+01,2.909571811945153286e+01,3.015775349443055120e+01,3.048479749132371808e+01,2.926412358602334507e+01,2.960984275415523825e+01,2.960561571930503533e+01,2.951379722429294361e+01
2.886641696765883580e+01,2.945716041228098447e+01,2.959581098948837052e+01,2.902703114665342810e+01,2.894972512395190734e+01,2.882387758224950858e+01,2.881822539167774266e+01,2.884733093063624665e+01,2.825848520296585775e+01,2.942085408854723028e+01,2.851760717188903982e+01,2.933236627612274106e+01,2.965798821647365457e+01,2.908881943250122504e+01,2.975293766634302983e+01,2.822034659880921481e+01,2.936407964173747587e+01,2.962000969997359334e+01,2.901151756128081161e+01,3.031076354700331876e+01,2.894741923208783874e+01,2.937747471346432349e+01,2.859119649522386908e+01,2.967627783395045071e+01
2.916868598869774587e+01,2.780126579466337944e+01,2.878300150243984490e+01,2.891972477473927938e+01,2.920945406497702379e+01,2.914169055021017130e+01,2.870795728830864846e+01,2.925007802958202774e+01,2.902297955077841607e+01,2.880009096976732508e+01,2.918562329874703209e+01,2.830760524885050700e+01,2.849126295283883792e+01,2.880321296677641385e+01,2.937578283289798264e+01,2.968997766343585454e+01,3.047185020347876616e+01,2.986856009420097280e+01,2.962615994577231504e+01,2.953114818688027299e+01,2.900669500610257501e+01,2.958756992000115815e+01,3.002778724486609008e+01,2.960937104697950417e+01
2.873873493120322564e+01,2.943032794861437651e+01,2.954352735247903183e+01,2.947619401843263631e+01,2.852501896798435155e+01,2.826312689488582919e+01,2.907000163215894872e+01,2.969583780231357650e+01,2.864863790067835225e+01,2.874749939445723612e+01,2.916855941008896025e+01,2.885837754186081838e+01,2.916855941008896025e+01,2.937501419224702204e+01,2.935989672639715309e+01,2.887762905384954593e+01,2.924529562429876250e+01,2.916610778007316185e+01,2.895616704330865332e+01,2.913435184199761352e+01,2.966853186642009632e+01,2.970711545886274507e+01,2.869140505887344261e+01,2.899308669591442822e+01
2.949183717535476035e+01,2.932971154315828244e+01,2.958649225614720990e+01,2.884307928344441052e+01,2.869919253262924030e+01,2.991090488375340328e+01,2.896387825078090827e+01,2.951593934032257494e+01,2.905508433652988742e+01,2.952186640947076057e+01,2.881666485617097351e+01,2.932944074030444881e+01,2.992681298283804381e+01,2.920182200156693852e+01,2.914774528319173896e+01,2.947529523066975798e+01,2.911179376109180339e+01,2.978097912499305266e+01,2.856980363625962127e+01,2.949539849909541545e+01,2.969252640267296783e+01,3.004171735111282260e+01,2.972127283191730385e+01,2.907422307434370623e+01
2.840132990715022743e+01,2.937754722676572783e+01,2.947969390353955532e+01,2.872639045604699959e+01,2.857336308786534573e+01,2.883483904197868242e+01,2.895812616521374139e+01,2.886465014872561596e+01,2.841360809077400518e+01,2.905074569446867372e+01,2.864446717841377676e+01,3.009753411942568846e+01,2.946585224176374140e+01,2.898244299159716775e+01,2.869454441727566518e+01,2.944866922300741408e+01,2.862862213558128133e+01,2.940986202811660633e+01,2.909895355871861966e+01,2.988205753287320476e+01,2.878531488370185798e+01,2.918191157204199726e+01,2.940660502339801496e+01,2.960006633528644215e+01
2.937269678715131249e+01,2.899059964753223539e+01,2.976919417917707733e+01,2.895908296098741630e+01,2.932227947613296237e+01,2.837568983136804945e+01,2.947037312980864954e+01,2.851577870632229406e+01,2.853815576195893300e+01,2.865685189547417622e+01,2.853533458717367921e+01,2.849194843164508484e+01,3.109309513082058629e+01,2.928836178371568622e+01,2.872065837815034683e+01,2.991372890983149091e+01,2.940201493605979977e+01,2.893975780565978084e+01,2.907696516991512681e+01,2.886112075954656575e+01,2.926000823955786245e+01,2.947235511075558634e+01,2.932262433435397497e+01,3.020249563573310070e+01
2.994017452878983931e+01,2.983255111812587757e+01,2.934125897597590438e+01,2.921842037588106678e+01,2.902881069251219515e+01,2.914782310228611095e+01,2.896692890365335415e+01,2.955628707308329695e+01,2.893002385079415717e+01,2.983782235575944242e+01,2.896346647077587022e+01,3.003930573761778078e+01,2.958453222987765230e+01,3.057874941134423352e+01,2.938053128697288230e+01,3.007883260510931223e+01,2.987076081955763129e+01,2.952993508583728044e+01,2.957584970455343409e+01,2.918401909684655493e+01,2.909994009151114369e+01,2.882264315796351184e+01,3.000179249359047162e+01,2.974389923138426184e+01
2.922406182762762228e+01,2.953233067329881578e+01,2.925859889958866233e+01,2.871153823321793652e+01,2.960514175521950619e+01,2.910755665171967621e+01,2.945636251453191790e+01,2.930877994038542056e+01,2.831941654961809718e+01,2.962268874457777201e+01,2.882634853081657411e+01,2.951563359981878421e+01,2.956878394174151481e+01,2.949613154299140660e+01,3.032941324159634178e+01,3.113322617362757683e+01,2.918494686141099237e+01,2.933008557243357473e+01,2.839064922886308295e+01,2.889865853677321184e+01,3.053503086205029149e+01,2.948320809705103329e+01,3.000866260250626283e+01,2.954427394524094552e+01
2.835720907343829822e+01,2.877788243049099037e+01,2.871945967965029922e+01,2.906001192492283280e+01,2.811536523055582393e+01,2.899408354129332110e+01,2.814818949310375729e+01,2.932926391454867598e+01,2.868025585483275108e+01,2.832781528369935131e+01,2.888559691075312230e+01,2.914941136419656686e+01,3.016289497231485939e+01,3.174341654376513588e+01,3.261154289737260115e+01,3.222176414614972373e+01,3.043401784264983689e+01,2.989524236962216719e+01,2.922933267403618629e+01,2.934058426358024008e+01,2.964640713670002015e+01,2.885320343420329436e+01,2.959669779164028114e+01,2.970582290984589235e+01
2.887871046656488261e+01,2.810050663168823348e+01,2.940362918404508719e+01,2.864001578699867423e+01,2.918045555841229088e+01,2.881901401094353332e+01,2.931150475418775159e+01,2.836695278346451232e+01,2.887639661954477788e+01,2.878881449474351939e+01,2.853897596088359023e+01,2.817221126377950213e+01,3.139421169280512913e+01,3.212217149349623924e+01,3.241762512340903868e+01,3.295446093015817723e+01,3.097781220815454617e+01,2.955138796966343762e+01,3.015469010601333366e+01,3.020198218599409756e+01,2.947236322187512769e+01,2.883823324763767459e+01,2.949707117664820544e+01,2.952399804850364262e+01
2.938595722932285526e+01,2.999027939346223093e+01,2.871074558014743161e+01,2.941641427782866458e+01,2.876287993684377398e+01,2.955954964391838757e+01,2.893912297402198419e+01,2.917590489717531455e+01,2.789042788434807107e+01,2.917521312527753707e+01,2.926954636931441200e+01,2.983601308630358062e+01,3.127314932998166341e+01,3.312830584744773432e+01,3.426148565432652049e+01,3.351970824055047160e+01,3.185234723454260575e+01,3.124847680246580239e+01,2.987049109201529973e+01,2.976708764566365062e+01,3.083280882350356933e+01,3.039240700446356414e+01,3.011001438676987618e+01,3.006538712562343107e+01
2.967677706224134226e+01,2.871487649373466411e+01,2.895990343128949007e+01,2.924088808486186508e+01,2.934558414727564468e+01,2.883349457399987159e+01,2.894568638702077124e+01,2.872941604232011059e+01,2.977112840115984227e+01,2.849739577944632174e+01,2.979675833140515806e+01,3.009314021812184592e+01,3.006835980484379434e+01,3.352135330972419069e+01,3.393819260748102806e+01,3.516236211528860167e+01,3.200159926615253880e+01,3.088851781680767772e+01,3.074404563436945637e+01,3.075490303817372251e+01,3.040097240368510256e+01,3.147052052848709991e+01,2.981514915711875346e+01,2.986408453440378707e+01
2.738151418397069392e+01,2.989874561846374945e+01,2.856430804231314369e+01,2.811342209606760889e+01,2.927756494648946273e+01,2.886525984767439468e+01,2.942612087485184702e+01,2.876709946953741337e+01,2.888517810065479807e+01,2.894819503440839981e+01,2.882624158228742317e+01,2.871487736238373145e+01,2.951561880753519063e+01,3.100533567997473483e+01,3.343995522617058214e+01,3.365044449464090803e+01,3.210344629455863696e+01,3.205726933636185549e+01,3.039255129489993124e+01,3.042192908629704107e+01,3.064105034888751788e+01,3.092734373376237045e+01,3.056616424750865235e+01,2.975293172976410006e+01
2.862327729233538776e+01,2.865530335626209535e+01,3.025154936462234900e+01,2.765809401327453543e+01,2.931478577250646822e+01,2.819835697848884593e+01,2.892095861686499347e+01,2.808620895364106218e+01,2.946668805641206745e+01,2.818429368854219774e+01,3.042020982729496836e+01,2.908085127626736721e+01,3.138023537252564665e+01,3.183903925461322615e+01,3.340521489117804776e+01,3.192017368334381899e+01,3.100368387559404937e+01,3.209089481086465412e+01,3.120534385009648304e+01,3.108347761717288904e+01,3.105985963147730899e+01,2.962838107766441453e+01,3.059838202047188815e+01,2.946166413188103661e+01
2.868816275994407761e+01,2.815993715243922679e+01,2.904769739071053891e+01,2.996877055674440271e+01,2.891326955813633504e+01,2.820178758937925068e+01,2.936627278244066019e+01,2.980737760826639260e+01,3.100789232410619434e+01,3.158288667971254426e+01,3.246722157360028405e+01,3.317297713591875663e+01,3.286006251090742580e+01,3.320900018649535923e+01,3.310370174694224943e+01,3.329774867831372376e+01,3.355231494976925433e+01,3.282276463237531061e+01,3.249361278076491999e+01,3.200373590308743132e+01,3.113605210965380365e+01,3.112019686659687068e+01,3.111506533448385881e+01,3.112799089717117340e+01
2.807459792543590993e+01,2.964340855011607800e+01,2.926188922101215439e+01,3.018385236853242759e+01,3.022453964388967051e+01,3.062168887431687381e+01,2.970641268728434170e+01,2.987982712931039941e+01,3.178921754173421732e+01,3.263031355056125449e+01,3.295417639321658498e+01,3.278891084189945104e+01,3.369600379635869558e+01,3.279818112189008161e+01,3.280842162246131011e+01,3.332795076292921976e+01,3.297139359414461524e+01,3.205548933559032321e+01,3.244227546626615322e+01,3.187712354957727712e+01,3.154517444003255378e+01,3.133402546471921823e+01,3.064604495193600542e+01,3.008335439035926129e+01
2.861688655495493094e+01,2.862586993158981841e+01,2.748357956115660272e+01,2.923564073974870325e+01,2.857116458003332582e+01,3.012632700501501404e+01,3.021306976411943879e+01,3.148991851118398699e+01,3.089429010468910519e+01,3.246817405808536705e+01,3.284452212236101332e+01,3.294518833436706018e+01,3.295501975478572376e+01,3.244460061279585261e+01,3.202968427805819829e+01,3.267826144838710434e+01,3.221386779038812165e+01,3.298532118055464935e+01,3.188252219392103370e+01,3.073122305198683080e+01,3.068135456144244699e+01,3.069635154171595559e+01,2.992183756718054610e+01,3.011092287122232847e+01
3.008093495158834685e+01,2.816584780244403419e+01,2.865413602164835538e+01,2.851069442593302483e+01,2.992344664659003683e+01,3.142730641438060957e+01,3.097297868757874539e+01,3.018185363510082198e+01,3.158847558465811289e+01,3.194594852621656855e+01,3.284248267060604576e+01,3.289975616530063007e+01,3.253121482076448956e+01,3.279294744129941819e+01,3.268261357849809201e+01,3.199203444130358776e+01,3.206905593225900475e+01,3.287993278119085971e+01,3.214928595297686797e+01,3.103124866057862619e+01,3.076169811145553012e+01,2.955416332230566923e+01,3.155576345746669631e+01,3.019799421229458858e+01
2.875092195131651351e+01,2.913363901014861312e+01,2.991913680273518139e+01,3.164843825340301464e+01,3.214870764753277399e+01,3.270527420176148325e+01,3.304155961813006570e+01,3.312784824465353495e+01,3.258560712078957522e+01,3.403867750607412290e+01,3.348894107973694645e+01,3.294840019619618943e+01,3.258716689128425514e+01,3.398353930484222474e+01,3.252439185139974143e+01,3.332624736545665201e+01,3.328901395747305969e+01,3.309901496520944875e+01,3.136883781291987816e+01,3.178023875509933305e+01,3.004514806302466923e+01,3.154167993492490041e+01,3.170836089729789364e+01,3.133447581219667200e+01
2.810097655269584038e+01,2.820663397952790774e+01,3.051202411288801386e+01,3.232357872774718999e+01,3.260028594495406651e+01,3.367406619180849248e+01,3.260221153357070989e+01,3.276807772991611500e+01,3.318171310270867025e+01,3.380665138553462157e+01,3.405635439379813079e+01,3.274853180196072344e+01,3.334452575034811161e+01,3.353493311976808400e+01,3.368031536181644015e+01,3.288375326533207499e+01,3.285626705176491669e+01,3.288147193788620370e+01,3.278017473909176260e+01,3.183887787823869076e+01,3.097333492805114474e+01,3.143147492268269616e+01,3.146012404406042151e+01,3.100496850304853069e+01
