2.874261590534950983e+01,2.769789835343800632e+01,2.790904656112121529e+01,2.793294483384556770e+01,2.720249318204452038e+01,2.794816250322713813e+01,2.916043036802068400e+01,2.838632868078735783e+01,2.889634620844174151e+01,2.951391090010361040e+01,2.807625888797446123e+01,2.889724130246088407e+01,2.963644786839694234e+01,3.004212738119281312e+01,2.883760080627433808e+01,2.896286466234920454e+01,2.873657656010573191e+01,3.022788442744592885e+01,2.941893866840592864e+01,2.955527754469449064e+01,2.806733566482711240e+01,2.920523440661304448e+01,2.955525002352464981e+01,3.002869750175136687e+01
2.893286743899761859e+01,2.878614118736550154e+01,2.931222668151411881e+01,2.863828634991432409e+01,2.878658525153701930e+01,2.860858371354913743e+01,2.950847081454190857e+01,2.889783594929889432e+01,2.938613173227497555e+01,2.946398893766928495e+01,2.869524917465815861e+01,2.730751860499987060e+01,2.905979320472948757e+01,2.904273793680357585e+01,2.920353626196316554e+01,2.801168877963084469e+01,2.891194185230699532e+01,2.917584587654880579e+01,2.888092796658747829e+01,2.848911908428095785e+01,2.934607001485113642e+01,2.809604678739600558e+01,2.965285076540641285e+01,2.819808285039670182e+01
2.760111009354835687e+01,2.804771935432654573e+01,2.770943066811497602e+01,2.999764870425087793e+01,2.879087043901057541e+01,2.937360239278126528e+01,2.816440951119039937e+01,2.920773529133964530e+01,2.789081616711268907e+01,3.011783242487229018e+01,2.893077222090636269e+01,2.923927679237550592e+01,2.736292134172970236e+01,2.988441202322059098e+01,2.783063811440615609e+01,2.813172704768896892e+01,2.910328073135343629e+01,2.959951229022698271e+01,2.929669458869892651e+01,2.895580651190778099e+01,2.931772848977954027e+01,2.836299956577130388e+01,2.841710771492762433e+01,2.933446338412852583e+01
2.929168819548198144e+01,2.869330862664855886e+01,3.026896254506425521e+01,2.949426236747217445e+01,2.932212494700172556e+01,2.787268973068933064e+01,2.972890129781956148e+01,2.964539535493082667e+01,2.908686306049776249e+01,2.859254620466589358e+01,2.904282738786827167e+01,2.870303673237469866e+01,2.797207392965151485e+01,2.884291412271772970e+01,2.869103360904989586e+01,2.795926672363037824e+01,2.925842613882571186e+01,2.877968237431559828e+01,2.955428663091663566e+01,3.007527150039993558e+01,2.922561844392816965e+01,2.826689638743266642e+01,2.923214734885027610e+01,2.854045960995824771e+01
2.767471742016988401e+01,2.953098248930632508e+01,2.810506815529174673e+01,2.833877192077176232e+01,2.918287391192637870e+01,2.895588622536075718e+01,2.856502396810850541e+01,2.928557436797473201e+01,2.830496517216101893e+01,2.977892819194431695e+01,2.870036476539439718e+01,2.923128578142916467e+01,2.934196917364681667e+01,2.968175415238795267e+01,2.808212822885502646e+01,2.882720239327630907e+01,2.893575462245701146e+01,2.965380893836936593e+01,2.846222986056073978e+01,2.956987849226061371e+01,2.807548428146952801e+01,2.903918233325816800e+01,2.910616235525532147e+01,2.935369292651216711e+01
3.012499200527713583e+01,2.905441953768939811e+01,2.972487846931346667e+01,2.937241587847717028e+01,2.957186871859715893e+01,2.822495188150054446e+01,2.965175186700076893e+01,2.976408144346271456e+01,2.925164736431884194e+01,2.896528769284304872e+01,2.869671623645706404e+01,2.781797293546321725e+01,2.850150526956514341e+01,2.913370832614236861e+01,2.816719034769948848e+01,2.820365070451526890e+01,2.810966484044138269e+01,2.799824074314562949e+01,2.857537201922912118e+01,2.866463043635167196e+01,2.867738145602078248e+01,2.848755085848461022e+01,2.872649442190339641e+01,2.720663504455313841e+01
2.858889640609169192e+01,2.939487243435615937e+01,2.724584568719473054e+01,2.784448317025430697e+01,2.816330819487905046e+01,2.967785847198058491e+01,2.751157577975357071e+01,2.918832857504406775e+01,2.901942442311036530e+01,2.911715276456595802e+01,2.840179931705455374e+01,2.830450082098263920e+01,2.734330216878771580e+01,2.995450407682659488e+01,2.850237324620087520e+01,2.873589008851979543e+01,2.947404918821735009e+01,2.973043543344766704e+01,2.907437463547961443e+01,2.967647245727567906e+01,2.839802975712990474e+01,2.890341772229385242e+01,2.808629470249837823e+01,2.947958328472725498e+01
2.900458978517002606e+01,2.891103004538041432e+01,2.859339901355883740e+01,2.911078964977025407e+01,2.909376838921417630e+01,2.984743463624243986e+01,2.910119063824629393e+01,2.921652360711317442e+01,2.925578344716831225e+01,2.899141327226868725e+01,2.886364004887457213e+01,2.838471562647265500e+01,2.846797768680346508e+01,2.837769785567792269e+01,2.869524850888575429e+01,2.911606096303682989e+01,2.884037639058493596e+01,2.888548752115013940e+01,2.984885384276537934e+01,2.883609042183098836e+01,2.919784982025447562e+01,2.893365647469482838e+01,2.974791941121179661e+01,2.892866485773976137e+01
2.791113363744545950e+01,2.956470523668843953e+01,2.869639553661113496e+01,2.837654363805717139e+01,2.894562273120999407e+01,2.910262845314434799e+01,2.889704338007908291e+01,2.976184199877695846e+01,2.887196799564696903e+01,2.918936415205666890e+01,2.848977739173500368e+01,2.862768164303753338e+01,2.857356269449212505e+01,2.937340200550426061e+01,2.971087353533187070e+01,2.864045352630125763e+01,2.750648113016330853e+01,2.849702490054272630e+01,2.865294231320905283e+01,2.966143317587051342e+01,2.902250899371375681e+01,2.862405314705472392e+01,2.780034643221006263e+01,2.914506291515840530e+01
2.862117533657249169e+01,2.953934313192058880e+01,2.872324640964131959e+01,2.864862444862512803e+01,2.851832191079557788e+01,2.875346143535165311e+01,2.957204946786060873e+01,2.891774579461423400e+01,2.929158937634144877e+01,2.885608561325443588e+01,2.936173638403442965e+01,2.836186042286703923e+01,2.899192463310907897e+01,2.835203651183638840e+01,2.863089551841011371e+01,2.870148753768484085e+01,2.928411732763640885e+01,2.868333125065163358e+01,2.920846919373605033e+01,2.906728565699313549e+01,2.926892216592500517e+01,2.875278629564604671e+01,2.871039686227118182e+01,2.932989542552866169e+01
2.889665589674228841e+01,2.981558513370322316e+01,2.895547547592337878e+01,2.874928812327181049e+01,2.882541130291667741e+01,2.907172614884404993e+01,2.895802308523064994e+01,3.010655161548078240e+01,2.863486515856095593e+01,2.839709219597773426e+01,2.874909800312951802e+01,2.949203140748608121e+01,2.895794274708680405e+01,2.935999895108244573e+01,2.900064264423303939e+01,3.006380250093417317e+01,2.909059354790014140e+01,2.897343512665469234e+01,2.838633805421306988e+01,2.981264498022181897e+01,2.890213073011551614e+01,2.897371091149659605e+01,2.892528300353774284e+01,2.927326357971520565e+01
2.877973156183702486e+01,2.890621968238843920e+01,2.823423943551290449e+01,2.918067300988502666e+01,2.924993641571552416e+01,2.971370045895275780e+01,2.974593889572611261e+01,2.826443672026113063e+01,2.885293046654953741e+01,2.895308740393801372e+01,2.861755396749873626e+01,2.871657967441569781e+01,2.852811659250681942e+01,2.846045477660084089e+01,2.868960515672961264e+01,2.841094012884684616e+01,2.852056321948896311e+01,2.872488507912902378e+01,2.888868563630722974e+01,2.896934029121115373e+01,2.870336700209423952e+01,2.914343376824132292e+01,2.900132149440935336e+01,2.862499696016107009e+01
2.838673081009659427e+01,2.877162299867848105e+01,2.898726072067597670e+01,2.968530886906552269e+01,2.932168351056554911e+01,2.898751479552191768e+01,2.987218216506715862e+01,2.903182955046531788e+01,2.910248336079808951e+01,2.956831365387836286e+01,2.898349437797986639e+01,2.911725453773146910e+01,2.772117663949143207e+01,2.926080421137203302e+01,2.929430364929567077e+01,2.908502021610235033e+01,2.877076777591099699e+01,2.871220734303801692e+01,2.848550658057450846e+01,2.978687729945829687e+01,2.885231361535392125e+01,2.913925838957982251e+01,2.839515150274246480e+01,2.912608158522175472e+01
2.819291470699408819e+01,2.903880630861380041e+01,2.892705834454380920e+01,2.806932575398980134e+01,2.906764599098136159e+01,2.944683223807913919e+01,2.883705971232393495e+01,2.961114855209029884e+01,2.868857405086708923e+01,2.856792918207747789e+01,2.934746664111901282e+01,2.824901117138404061e+01,2.950723308487954455e+01,2.958101067601796785e+01,2.945667222137711860e+01,2.921387579064554529e+01,2.893789046047390912e+01,2.928627825309592936e+01,2.876307592833296667e+01,2.846071943081744848e+01,2.995480160548612503e+01,2.860342656429025965e+01,2.880004831486019157e+01,2.850704845857563896e+01
2.946971297597769990e+01,2.996217592065528379e+01,2.894940545557369660e+01,2.908207604659259005e+01,2.886623089407913767e+01,2.931611105213460178e+01,2.879878938717956771e+01,2.926143952124704128e+01,2.862431410266327703e+01,2.956097497067850099e+01,2.858119723330713668e+01,2.913099615834130418e+01,2.907303150339743070e+01,2.946944927099110600e+01,2.810736857062732952e+01,2.914746277419948228e+01,2.902436878380336793e+01,2.963283956618198545e+01,2.912392156685956479e+01,2.968907499187230314e+01,2.921701145700126290e+01,3.051044773201374483e+01,2.852571748472649915e+01,2.886278428710403432e+01
2.970850742341099249e+01,2.902356423784186745e+01,2.940536618907128741e+01,2.892356357516524668e+01,2.908174422068600506e+01,2.931453999061960758e+01,2.905736525160170913e+01,2.781073897324017707e+01,2.921358047739801123e+01,2.844330689276722524e+01,2.925727630191721573e+01,2.999285758519010869e+01,2.950004138680992583e+01,2.904928095678275213e+01,2.968133241399300459e+01,2.960780250450392259e+01,2.842060521745827373e+01,2.949788121609282143e+01,2.890380893251818861e+01,2.893498014782051087e+01,3.045935606222218439e+01,2.851005308409247618e+01,2.978664120020317796e+01,2.976417828772360963e+01
2.865318562865411423e+01,2.902852068002556507e+01,2.921421219095731203e+01,2.864217406457640891e+01,2.778201607669882378e+01,2.908243449023103722e+01,2.844029273927850454e+01,2.869747168882980759e+01,2.885247522885441640e+01,2.914341234436102468e+01,2.872335949953077261e+01,2.917997831748510862e+01,2.882983148725099909e+01,2.865806848060236689e+01,2.917825086167817972e+01,2.880907599329430013e+01,2.855929134104826517e+01,2.934293570768238624e+01,2.837423090435214590e+01,2.883359409896007719e+01,2.913642880257873458e+01,2.888355330402634991e+01,2.915875967314150330e+01,2.952856648013835184e+01
2.947681921289910179e+01,2.860629270242282018e+01,2.903542386898396899e+01,2.997459839483195765e+01,2.913678868161036917e+01,2.933702018446007287e+01,2.931640884169655692e+01,2.910107433165939028e+01,2.864342580786575354e+01,2.901709424858944431e+01,2.944815580075675143e+01,2.934079866177472695e+01,2.855886780365813138e+01,2.894387161006835640e+01,2.891461192345087738e+01,2.861213499179535802e+01,2.915936439434995009e+01,2.932626815128878661e+01,2.839812103026508794e+01,2.928970357582130646e+01,2.982807630891119288e+01,2.949892448783384680e+01,2.949944002336621907e+01,2.837568469872485366e+01
2.929082612783014383e+01,2.940285278818345205e+01,2.912919747809769433e+01,2.903654273889947035e+01,2.884038213040929577e+01,2.861957089770595530e+01,2.953104257580486092e+01,2.877255913482582628e+01,2.926533637569855273e+01,2.984586177057008172e+01,2.995030789697733553e+01,3.019509713486661440e+01,2.993482553534073531e+01,2.869935005441618614e+01,2.910489695906744601e+01,2.934092998501421334e+01,2.982694935116558099e+01,2.987554976747964020e+01,3.003071316640620125e+01,3.037915061759247237e+01,2.918333352908888401e+01,2.912590815625122787e+01,2.927313582911432377e+01,2.959137170819053608e+01
2.928226227045519181e+01,2.845920828997509489e+01,2.980997356492889594e+01,2.823688364278433482e+01,2.880477589971440011e+01,2.979249312691149498e+01,2.921605656449327171e+01,2.947744532235202541e+01,2.968525499810027668e+01,2.955971663144646300e+01,3.058812825391282786e+01,3.049973047700257212e+01,2.889101613468051255e+01,2.942064863298071486e+01,2.928590082106779846e+01,2.985497051399272550e+01,2.969884185610737859e+01,3.043469629919576391e+01,2.964932900716030417e+01,2.939739271198288861e+01,3.028498684828787191e+01,2.848206175326680523e+01,2.938814850120428446e+01,2.972362384245212752e+01
2.890400132208702644e+01,3.023541036459425868e+01,2.902510294905601995e+01,2.826220794426956218e+01,2.918957341252018978e+01,2.950492949664567277e+01,2.964042120760200305e+01,3.010147839277527737e+01,2.914923929814113990e+01,2.911725453773146910e+01,2.950607192674578982e+01,2.910792094297693211e+01,2.891372970326091263e+01,2.887812508815432011e+01,2.974217715887346003e+01,3.017170758680236986e+01,2.970045233535228135e+01,3.065254498289635876e+01,2.968276572231434329e+01,2.964005698676027123e+01,2.989371312458274588e+01,2.965569080298951121e+01,2.995574815705356286e+01,2.956261165407499902e+01
2.931776541611952780e+01,2.841597476511941522e+01,2.941360961232203408e+01,2.873609160375764304e+01,2.852341431193502785e+01,2.860485347361031927e+01,2.941271968898956857e+01,2.977662298162221077e+01,3.030216601917430808e+01,2.930874935472564857e+01,2.903885690403183162e+01,2.926492018745824453e+01,2.938430185912460502e+01,2.908053749382395381e+01,3.007496435124511436e+01,2.843479507361701053e+01,2.993630022501213261e+01,2.979153836070599937e+01,3.018241390879802566e+01,3.036185130086965955e+01,2.976409812542755162e+01,2.961288465017810267e+01,2.886651283275222113e+01,3.043447567558268929e+01
2.968154626632809823e+01,2.907162915365228173e+01,2.898654346268608606e+01,2.968963307851612399e+01,2.905124141876899557e+01,2.768583969311652027e+01,2.879128242428680551e+01,2.976389466794478267e+01,2.926222710198402410e+01,2.950738196677190217e+01,2.882202550112458539e+01,2.924618920039182512e+01,2.908212537340216386e+01,2.881856235039549574e+01,2.975729724952810784e+01,3.003705141437365000e+01,3.155810224359612448e+01,3.350572607604607356e+01,3.323817741332783271e+01,3.199359331691351827e+01,3.151424359601725200e+01,3.112135517829432274e+01,3.001724446494193899e+01,3.037257286635508535e+01
2.887231012868352309e+01,2.858275615445853646e+01,2.974550587713201821e+01,2.814230220239829805e+01,2.845247714320373689e+01,2.819704628487050968e+01,2.957067680015001088e+01,3.049148480177495912e+01,2.903563912002510961e+01,3.027075538542226241e+01,2.956628114917157291e+01,2.995114941382695406e+01,2.952176569772990433e+01,2.929722680633068421e+01,2.929329966243562922e+01,2.933503455673337612e+01,3.193889093598710360e+01,3.380804815262092688e+01,3.278472953934124234e+01,3.235901973215658245e+01,3.136269101277702021e+01,3.074611890041694551e+01,3.111396471476444958e+01,3.070392332246876776e+01
2.860139943684032460e+01,2.921052822530907633e+01,2.891515115106648182e+01,2.808050723529828474e+01,2.828841629397317092e+01,2.862109085144010123e+01,2.802812586456059307e+01,2.956863145407669435e+01,2.940112772436089017e+01,2.948332753969634723e+01,2.964172751287128449e+01,2.937616519404014070e+01,2.852960239964903622e+01,2.866056143068618667e+01,2.854025297042090870e+01,2.880038423779336654e+01,3.110611073116439229e+01,3.073031888930404421e+01,3.068965373412225972e+01,3.041505816068422519e+01,2.993352946532695569e+01,2.988871946058571893e+01,2.965515246074113520e+01,2.964374709463334057e+01
2.874611833429202079e+01,2.862154720256410201e+01,2.871670254417097112e+01,2.859989233651583618e+01,2.880815923632229669e+01,2.889582707416809626e+01,2.902474091626623931e+01,2.903456846389627799e+01,2.883548288864511733e+01,2.908581799811184965e+01,2.917631038921723530e+01,2.849003784299810604e+01,2.875919510825781344e+01,2.915955999696700474e+01,2.905249015112326560e+01,2.871107085902781364e+01,3.060291995448051239e+01,3.009571529871868734e+01,3.087777298915017354e+01,2.965021365685231558e+01,3.008902135164572655e+01,2.953997143460799180e+01,2.935472621172277741e+01,2.946686350793362408e+01
2.932935851976884578e+01,2.903922598147153167e+01,2.753485580832574442e+01,2.912924039301555013e+01,2.868750587016171494e+01,2.918742401694487398e+01,2.903852616883096971e+01,2.819077570931574428e+01,2.893764623883640752e+01,2.975888482724712958e+01,2.928333189016171900e+01,2.952308937960845014e+01,2.842124263506036641e+01,2.848232867443670102e+01,2.937438680885503572e+01,2.837015907675896642e+01,2.984091384789536505e+01,3.060563052671403739e+01,2.912266988166550163e+01,3.017801099230882755e+01,3.004006044262871455e+01,2.991168972291922046e+01,2.891115757130086195e+01,2.994411084355249386e+01
2.782171493488442593e+01,2.938709661495727232e+01,2.810040698874507825e+01,2.866318083636758729e+01,2.850283358981999982e+01,2.859764979531075824e+01,2.927197488335264097e+01,2.761814891373558112e+01,2.865771520982326592e+01,2.907477494233319248e+01,3.020018556948963351e+01,2.921731120725877417e+01,2.894877402644937092e+01,2.831533468213393689e+01,2.913683086147977974e+01,2.940042009087267161e+01,2.966680231169999615e+01,2.975012236801637755e+01,2.913341027233315117e+01,2.941594252055949710e+01,2.901124287916582034e+01,2.987600598518400830e+01,2.918406494483224378e+01,2.933074519654081769e+01
2.880151346974400894e+01,2.972876186932177234e+01,2.808416003035966924e+01,2.785418139467441279e+01,2.888787927149917323e+01,2.781140833010130109e+01,2.841735159724339610e+01,2.815498443981692844e+01,2.806822043805249223e+01,2.876052753780379589e+01,2.835221861740086524e+01,2.943657059394479347e+01,2.958035994229675225e+01,2.929699051692580269e+01,2.922824331953506771e+01,2.916177319977708748e+01,2.919607051872037573e+01,2.871525100233549210e+01,2.789399706302975801e+01,2.912636158369758732e+01,2.847298545012614568e+01,2.875600447184137920e+01,2.946577532264439014e+01,2.947624776528897428e+01
2.820081241729201338e+01,2.875613187841554463e+01,2.827878489820432151e+01,2.863258886286968163e+01,2.917841942088506357e+01,2.696436453405675593e+01,2.946357173381318262e+01,2.856325609353916661e+01,2.827226896840784320e+01,2.817409963705176779e+01,2.933491657500803740e+01,2.952831108555182027e+01,2.845105865058155814e+01,2.829153005871910409e+01,2.879011105328174835e+01,2.841140642483958345e+01,2.854438799266318938e+01,2.834586716897354108e+01,2.842485065322085802e+01,2.821713690090160753e+01,2.782529457002902973e+01,2.882368041138010994e+01,2.907646529586060069e+01,3.018735881634268026e+01
2.877953074699001945e+01,2.792707049844534595e+01,2.797032407081360361e+01,2.885298723866628734e+01,2.761861230685360624e+01,2.897095268884595498e+01,2.859813993980833402e+01,2.920164127776115492e+01,2.919979879746688312e+01,2.972808861152583404e+01,2.747934723537122181e+01,2.944522029252249240e+01,2.879671691202452166e+01,2.949932202333690157e+01,2.933971091157616229e+01,2.900411123726644291e+01,2.886716156960585522e+01,2.959023142962621478e+01,2.943998927581094449e+01,2.972928419985998971e+01,2.949408432444528216e+01,2.843826382542647480e+01,2.923405628293488689e+01,3.033591413898415112e+01
2.913112051618338683e+01,2.713706893064772885e+01,2.772913475451093746e+01,2.868497968702564549e+01,2.815624235759247540e+01,2.895148890599097058e+01,2.931033850131569807e+01,2.916751318475991184e+01,2.989430067675613145e+01,2.874011473896979396e+01,2.974559746232870339e+01,2.894929723350770701e+01,2.883213594711901351e+01,2.871675367318391636e+01,2.998400956234485193e+01,2.967971516189106751e+01,2.809436510918470731e+01,2.863246435380062849e+01,2.858882720996729176e+01,2.927204570630607350e+01,2.990892278173811292e+01,2.888649857689119926e+01,2.954836152815420292e+01,3.036969787546723865e+01
