2.637658488154909264e+01,2.715892244823231749e+01,2.592323000532530841e+01,2.763702950121313506e+01,2.643731573207429619e+01,2.705506093508063259e+01,2.669640119091064889e+01,2.669448542828763493e+01,2.753403301209749543e+01,2.800818662640290313e+01,2.810034161944417974e+01,2.719507516132216551e+01,2.610186796699611023e+01,2.570942684820550994e+01,2.732992340323272629e+01,2.704332494828497602e+01,2.738647284548966354e+01,2.646588030931678759e+01,2.712376229514796933e+01,2.774107971507470438e+01,2.865096058456038008e+01,2.745988071529916397e+01,2.833106335460411174e+01,2.656358002328124712e+01
2.838139801512807026e+01,2.722907612029587199e+01,2.518440197170298234e+01,2.786255401005576005e+01,2.739594679247295517e+01,2.724763971640282989e+01,2.697126792667768314e+01,2.684573813934105146e+01,2.738570300686888004e+01,2.660584649851199401e+01,2.795625448280316050e+01,2.634705962097024212e+01,2.670146164713713688e+01,2.558018466054949158e+01,2.808402741006511860e+01,2.621692359521370008e+01,2.705681917061446029e+01,2.686795995518122027e+01,2.653103271553237619e+01,2.721797793486575756e+01,2.794347959839672058e+01,2.758367301799802362e+01,2.713169837891382485e+01,2.732440748538914477e+01
2.533784416615850432e+01,2.719650406116363683e+01,2.697759018081757176e+01,2.600110692596018680e+01,2.505012188750720270e+01,2.714534531420673602e+01,2.692722812566847779e+01,2.698716895566462881e+01,2.717648878141574187e+01,2.694794903806507591e+01,2.834573257310466943e+01,2.724586612947564390e+01,2.657677089533837034e+01,2.650490956448533098e+01,2.707842043137480914e+01,2.616261673242132701e+01,2.637556402055253102e+01,2.582844315707473015e+01,2.696338576618012439e+01,2.615733747156417621e+01,2.675044007221890752e+01,2.709070127585329146e+01,2.695835226785504801e+01,2.718994136763927827e+01
2.746077427057804243e+01,2.572022896356605770e+01,2.685111032827535382e+01,2.665830456051276087e+01,2.729073417538933199e+01,2.700650929648969623e+01,2.682272415459971171e+01,2.833087170495201690e+01,2.744183947134291657e+01,2.822558938388993965e+01,2.750470267394450730e+01,2.758673762450598588e+01,2.669883406777506707e+01,2.722303512380761958e+01,2.635660684865666781e+01,2.664278900022020480e+01,2.628799287253571038e+01,2.787015847531233703e+01,2.791636328475351547e+01,2.845458998021194930e+01,2.744780910320253042e+01,2.797491868629424516e+01,2.654423732613838638e+01,2.675751873950292747e+01
2.704694932867221269e+01,2.602227074813123409e+01,2.660235137924905757e+01,2.740212302850028436e+01,2.746857410114307640e+01,2.733934567727538933e+01,2.712455168542936690e+01,2.637339785717296081e+01,2.599238114240421282e+01,2.663980630391921522e+01,2.680174602503439019e+01,2.625089179888732360e+01,2.693893221146379346e+01,2.754613067550849337e+01,2.664703847839831496e+01,2.708836922688504956e+01,2.744188038367713034e+01,2.744433155226562349e+01,2.686094905033110081e+01,2.662671751410749721e+01,2.773831850267742993e+01,2.730982807907491861e+01,2.718258903903426926e+01,2.746418925452343274e+01
2.799131462244207569e+01,2.741761330357616089e+01,2.723094959321963415e+01,2.651560431412752905e+01,2.697263429791388489e+01,2.645858525695956587e+01,2.817725201864197970e+01,2.656299045416159288e+01,2.734583926103505291e+01,2.631072880990228668e+01,2.862869145581123576e+01,2.661785940260693906e+01,2.730257210859468842e+01,2.664998438194396613e+01,2.715393568827965964e+01,2.604666493784196746e+01,2.743576506716055974e+01,2.674038400844898433e+01,2.706565318078241944e+01,2.811920274155062316e+01,2.668567773726300629e+01,2.822959651665377123e+01,2.682585107346687892e+01,2.740052890341871716e+01
2.742292205708702113e+01,2.607707175198316918e+01,2.823567513627847347e+01,2.720287536987524390e+01,2.700205436062356057e+01,2.621406076436250032e+01,2.731600183311604724e+01,2.754904173576102266e+01,2.686266062578943092e+01,2.719669669573681858e+01,2.744463700584378785e+01,2.773147584309180047e+01,2.748934473077366647e+01,2.633620030692418368e+01,2.760201211655424913e+01,2.581891518333594604e+01,2.683534693172197194e+01,2.710398083446978035e+01,2.749759745598481686e+01,2.714388765290465244e+01,2.668863957179218005e+01,2.797774580368189845e+01,2.713569384292719633e+01,2.691266158166752120e+01
2.595241856057026553e+01,2.773927301457791827e+01,2.621604929250884197e+01,2.789497463724649151e+01,2.646039975728029958e+01,2.774780006042414016e+01,2.684409775888354943e+01,2.703550305732085235e+01,2.697864265201576472e+01,2.619634860742002047e+01,2.705996296897018283e+01,2.731772418315529194e+01,2.682355242224269887e+01,2.748440212467681931e+01,2.688725682906192560e+01,2.679691466117139953e+01,2.810000831573336200e+01,2.741577416769695219e+01,2.702176477510397490e+01,2.840515365027363259e+01,2.735527543462552558e+01,2.708730813036976315e+01,2.787733135072880941e+01,2.744938706130989203e+01
2.678592524272886521e+01,2.629025874669332552e+01,2.703667190956031163e+01,2.645606339421664188e+01,2.653951663250848014e+01,2.641741006303823269e+01,2.643545095070925299e+01,2.814558321540215502e+01,2.728731937629663662e+01,2.660025972943714123e+01,2.647943934436005975e+01,2.614984484739778736e+01,2.749446579361909926e+01,2.713902001784896356e+01,2.632685915020033462e+01,2.720374984438876709e+01,2.707868804946207320e+01,2.706678029064278235e+01,2.712719717690077914e+01,2.713037606098828292e+01,2.699335364873309118e+01,2.734146602213149890e+01,2.683845099426292791e+01,2.706840037669752519e+01
2.711598622712875795e+01,2.792960592380006801e+01,2.708165715807314200e+01,2.746803334294804699e+01,2.657553230375805242e+01,2.648471010388072955e+01,2.634924737066006628e+01,2.644913736815442462e+01,2.723523534989004702e+01,2.735340517302722674e+01,2.719998861475141894e+01,2.706032612517071811e+01,2.661114942080752144e+01,2.698236796150428063e+01,2.603314615285700029e+01,2.766589751175632728e+01,2.615309389389705075e+01,2.606135042028182625e+01,2.718351275071569262e+01,2.737701010944039126e+01,2.729847386996357272e+01,2.783148122465746610e+01,2.823274067557571243e+01,2.634381822953440633e+01
2.665741798519900385e+01,2.729157342642014328e+01,2.617452756345971920e+01,2.743643388044148423e+01,2.723073212229388673e+01,2.752798801344471258e+01,2.568422974799233316e+01,2.660417549519257818e+01,2.661824557583071282e+01,2.658335490743706941e+01,2.733486168296298047e+01,2.673533373432655935e+01,2.740983648048035093e+01,2.645871476627200991e+01,2.747945100235978089e+01,2.688084169367965615e+01,2.697255075081716313e+01,2.702012383508315452e+01,2.692265356276584498e+01,2.714406892472140953e+01,2.747518025505155492e+01,2.699586517225105808e+01,2.865696309155964627e+01,2.807729720487822078e+01
2.616436614760584689e+01,2.622248163885643635e+01,2.606352975189821564e+01,2.677349317034554588e+01,2.658612403784570688e+01,2.658611667788716204e+01,2.708858315474338951e+01,2.688248111339868274e+01,2.738699536713477301e+01,2.719016318626586326e+01,2.653876135414293458e+01,2.736916239400056838e+01,2.634192952797764065e+01,2.647763568553949654e+01,2.716120657302485597e+01,2.723572623861889497e+01,2.732357332187564225e+01,2.769773467846744097e+01,2.688145238492654698e+01,2.784892736079586939e+01,2.684052308902738559e+01,2.640175243133523963e+01,2.747900031561329115e+01,2.748416861377506848e+01
2.658093050590230177e+01,2.612328377211082397e+01,2.606873419635076061e+01,2.671856406675976814e+01,2.660731671819007715e+01,2.655948934680850471e+01,2.548883921349516868e+01,2.664030399683827000e+01,2.703184969340054522e+01,2.723514491178769958e+01,2.712780193111439075e+01,2.630774685966161996e+01,2.698652589212372277e+01,2.646147321595310586e+01,2.656214982383590950e+01,2.688646283692514771e+01,2.697492229792544549e+01,2.712005092699467923e+01,2.778645552427150278e+01,2.743740732367660939e+01,2.734918207942308754e+01,2.711700281624763420e+01,2.750975968872052135e+01,2.701984949560835503e+01
2.834234398693990897e+01,2.747653499635481467e+01,2.721352740962799999e+01,2.655476169632947858e+01,2.730709070846319264e+01,2.664702715363017660e+01,2.629292358555642295e+01,2.609825448638747503e+01,2.667126263066188585e+01,2.606356926922438788e+01,2.546046152280240449e+01,2.623152050213298025e+01,2.651193487347785549e+01,2.661558769896493004e+01,2.672809014361456548e+01,2.733449381453294791e+01,2.730782568116308084e+01,2.730990242123158396e+01,2.745212362528513950e+01,2.695529993516134937e+01,2.729896418783948775e+01,2.658275411459260340e+01,2.776390677641722959e+01,2.652865841775303579e+01
2.723218927336660045e+01,2.625707432056896096e+01,2.658848213360374757e+01,2.717591210320301798e+01,2.727264762114526775e+01,2.653772537614059956e+01,2.661022235906960987e+01,2.608778067206526430e+01,2.674831134326973370e+01,2.690418700612997327e+01,2.695503546960742369e+01,2.635324199941442203e+01,2.610895458035400907e+01,2.671507606995095330e+01,2.698352840745360481e+01,2.704508505447512334e+01,2.752064256830243494e+01,2.850059752296891702e+01,2.755541653391571799e+01,2.812965560190269798e+01,2.754084439958757002e+01,2.762957413030858334e+01,2.742221925009295092e+01,2.722280702874871849e+01
2.727433832391363921e+01,2.745118300272315537e+01,2.707808957775080216e+01,2.683610703960169985e+01,2.679644676238041257e+01,2.565748767034830280e+01,2.744775930260675523e+01,2.743879030155522969e+01,2.721297373906133998e+01,2.764274951436817673e+01,2.648812251689463437e+01,2.713233899758034795e+01,2.629355406365363024e+01,2.650891403722886253e+01,2.650531534886971485e+01,2.728665532430068197e+01,2.660887477283927183e+01,2.824056587373314642e+01,2.688583052426702125e+01,2.793464527429620148e+01,2.694169601692561855e+01,2.810585044493984697e+01,2.779960257886540376e+01,2.705901753969800438e+01
2.671119645010907107e+01,2.586878920208323507e+01,2.615049976110998387e+01,2.697570694465605357e+01,2.591944194056270589e+01,2.538086256521864925e+01,2.705115880600476430e+01,2.719058189465755504e+01,2.685901767281393404e+01,2.603793050849014890e+01,2.676279191497957299e+01,2.595280318511368023e+01,2.662198222693763228e+01,2.717647348109608174e+01,2.683535176017210233e+01,2.665737440724285534e+01,2.724019911917321224e+01,2.705773228131408814e+01,2.720380523639607873e+01,2.719506975365783319e+01,2.719794254574156867e+01,2.694929415370921788e+01,2.762823644765768449e+01,2.625647898458828422e+01
2.621011910210302176e+01,2.713754312375118616e+01,2.687729980120775508e+01,2.656552561648487654e+01,2.689722192635446163e+01,2.570744802537757323e+01,2.661187395793655242e+01,2.610688805603723495e+01,2.653280137597374733e+01,2.711367070401445289e+01,2.569616587012285436e+01,2.761263806024345513e+01,2.603795736710009123e+01,2.678039608257500959e+01,2.574148846096960597e+01,2.675119162634018721e+01,2.690692821158864945e+01,2.671418273248139030e+01,2.689591956072229095e+01,2.729585086295838892e+01,2.860299234933529533e+01,2.753371520110658821e+01,2.724210500819100389e+01,2.733753352251983415e+01
2.705911713197514246e+01,2.706839538172840776e+01,2.654952154102375061e+01,2.671218622272135690e+01,2.670068051942263310e+01,2.671759203573810737e+01,2.668198397517750209e+01,2.648185665618638041e+01,2.701708805720494411e+01,2.680197074604683394e+01,2.688342199052402748e+01,2.633026392014636485e+01,2.588519537508767598e+01,2.562256861076025416e+01,2.616491052178224663e+01,2.677107279172207654e+01,2.643463015677195926e+01,2.716624300297434047e+01,2.784017657182641869e+01,2.715020766540033037e+01,2.785637962564214831e+01,2.762407529200908129e+01,2.673462351604325704e+01,2.762376952644297035e+01
2.759392770030797237e+01,2.645036213967921412e+01,2.692031085995330386e+01,2.650807323393718207e+01,2.658802863099327851e+01,2.694951399483511523e+01,2.653976900941796657e+01,2.739201576556433793e+01,2.611046386388284191e+01,2.584965059796610376e+01,2.661447814016725033e+01,2.691532349916474232e+01,2.602283685415380887e+01,2.607393870820686743e+01,2.683748012200902622e+01,2.626276638294035592e+01,2.716151931815142007e+01,2.724615546237333774e+01,2.668630301448769160e+01,2.713442974169765876e+01,2.744187834722316666e+01,2.699941069890729750e+01,2.715291111842367400e+01,2.659748260657210039e+01
2.663758228060271449e+01,2.617253155514941909e+01,2.649992737281553445e+01,2.674582141916368982e+01,2.612574443116415068e+01,2.655295600047850257e+01,2.636809187011738231e+01,2.657021327874463168e+01,2.694691487344397274e+01,2.596543297314133270e+01,2.681055090182292133e+01,2.542746003561762791e+01,2.645289870868526805e+01,2.613738966932356789e+01,2.579979027114069368e+01,2.612285724219304939e+01,2.736583262944867556e+01,2.754465824223967729e+01,2.783937100525946562e+01,2.662943893587106459e+01,2.787153392534821705e+01,2.730210029079955802e+01,2.796760110734061300e+01,2.572351787375737331e+01
2.683663246255872536e+01,2.599021938772790463e+01,2.668647632043627027e+01,2.699650422239290037e+01,2.653681680503666485e+01,2.702559361016528783e+01,2.725588033390840792e+01,2.659904277561372510e+01,2.700201206094379813e+01,2.668601277546162009e+01,2.634753157512716371e+01,2.677777473885822701e+01,2.651325275311586438e+01,2.689892897727730769e+01,2.675107611652805417e+01,2.658597667636473716e+01,2.765086834385704151e+01,2.715417436325373046e+01,2.639161212823688629e+01,2.776735050265818927e+01,2.740334426392371370e+01,2.669206588684033932e+01,2.755855065679423888e+01,2.786887216006005019e+01
2.701293965898128135e+01,2.713979279759257679e+01,2.642968073200495382e+01,2.627062328257642321e+01,2.749085637170071550e+01,2.632725445000164655e+01,2.639310804485927520e+01,2.634750830168735547e+01,2.663648741111001073e+01,2.602819246899230166e+01,2.609062667880249364e+01,2.603570783261739052e+01,2.644884763622746959e+01,2.724474144483224336e+01,2.731152172255161759e+01,2.728289948549212340e+01,2.802629699520326767e+01,2.692162243725744020e+01,2.665554824912823051e+01,2.659793458553025403e+01,2.778118785593244411e+01,2.737859575776650445e+01,2.771699755263568932e+01,2.696657345144052442e+01
2.497617149226567790e+01,2.590414332905356787e+01,2.673700472457750266e+01,2.657293639583821232e+01,2.757635678658130018e+01,2.737047038359452245e+01,2.590079653277575744e+01,2.728789463172097385e+01,2.592952526506104505e+01,2.565541991710153980e+01,2.650529342729379323e+01,2.694528351709476510e+01,2.693783446818201810e+01,2.731030700333832328e+01,2.699656387256601420e+01,2.810290115309453540e+01,2.733074493017153372e+01,2.825340882607554249e+01,2.724771728160692419e+01,2.773746811642831744e+01,2.719391924872724076e+01,2.820946487879797360e+01,2.784691499164284778e+01,2.742307810053182493e+01
2.623041688766033985e+01,2.637088703378373111e+01,2.663752262899555490e+01,2.588455285497883551e+01,2.611955506734625487e+01,2.673092194982217507e+01,2.667696538059868772e+01,2.664626684312338512e+01,2.598901158276134993e+01,2.649496471432269118e+01,2.595512183108291993e+01,2.500840270587173109e+01,2.723013884324535638e+01,2.688356431319675721e+01,2.846910603687354069e+01,2.701522379398215890e+01,2.776860972009461648e+01,2.813583175809264958e+01,2.625588518276765626e+01,2.743398415831171633e+01,2.755593450736535033e+01,2.715472889565057812e+01,2.654508478807434813e+01,2.674646000352737474e+01
2.624776929521084412e+01,2.535833234382039336e+01,2.759634759887245536e+01,2.693326836476387598e+01,2.753095409164018292e+01,2.785568927415812368e+01,2.660352208626886750e+01,2.736609223377791977e+01,2.699287480023679109e+01,2.709990168653501996e+01,2.728201752671657232e+01,2.621457267520486312e+01,2.808219943952360609e+01,2.651154645154622358e+01,2.737216354930802709e+01,2.772266740973776677e+01,2.717982618701631736e+01,2.734782504296214256e+01,2.712581489401179624e+01,2.656129607264199421e+01,2.688634714912052459e+01,2.759419746307338528e+01,2.746601305031879292e+01,2.698379186269011143e+01
2.682074872113201991e+01,2.687022795043162660e+01,2.640591394902986622e+01,2.684010853782370987e+01,2.658305795947347860e+01,2.736665477756258724e+01,2.729359091668982273e+01,2.608515635743702887e+01,2.822680768260107698e+01,2.700143326567172153e+01,2.757136482650838616e+01,2.746914097338589045e+01,2.728050405958288138e+01,2.735369746532279578e+01,2.881519953589389615e+01,2.725587094110449016e+01,2.776363419991997716e+01,2.724000848839870059e+01,2.722786297982725046e+01,2.716200015733960527e+01,2.729067259673456647e+01,2.792392167646653434e+01,2.655408828973247637e+01,2.618783070001228452e+01
2.531774020809473313e+01,2.708722430072447196e+01,2.603048053585268917e+01,2.648850447451235368e+01,2.695332598000078406e+01,2.772546351497510386e+01,2.691076191113995719e+01,2.625282341871582048e+01,2.700294999855503875e+01,2.746213011184801189e+01,2.656672165100394523e+01,2.787770135075260214e+01,2.663345318614142343e+01,2.789660913039398338e+01,2.682784554143626110e+01,2.712132755068751067e+01,2.715301267077285274e+01,2.668118810320027023e+01,2.719660176872048396e+01,2.789101720028781983e+01,2.734400176129418014e+01,2.782289574493006512e+01,2.708319547618697243e+01,2.786886474221148546e+01
2.543525799322503644e+01,2.658774047494188153e+01,2.698327383469296592e+01,2.573039928925049935e+01,2.680073274137527051e+01,2.641704012918506805e+01,2.725088098406394010e+01,2.582460607475866254e+01,2.605881809662207615e+01,2.663509153941384966e+01,2.624970783778951500e+01,2.588315424293466549e+01,2.662239374859586860e+01,2.713818642131741399e+01,2.687847381958948745e+01,2.606298731520820411e+01,2.656362197778616974e+01,2.686431573635826453e+01,2.785743594471847473e+01,2.692854714298670160e+01,2.853784967642775428e+01,2.697282769487947007e+01,2.726717801467640356e+01,2.601987393043651764e+01
2.703309476562077407e+01,2.622521946266357418e+01,2.573078468187105727e+01,2.688100889017283635e+01,2.625402377119200992e+01,2.537128850240412703e+01,2.647483865905167022e+01,2.684503951548322220e+01,2.625496407697801260e+01,2.620205067728250015e+01,2.622333463446886981e+01,2.701919845830161648e+01,2.636639344080379033e+01,2.756685403723406580e+01,2.647546793388181641e+01,2.705701251193079315e+01,2.636375497311212257e+01,2.673559934266609162e+01,2.673741175162007266e+01,2.730681942206501844e+01,2.827301158801373049e+01,2.671797015347959814e+01,2.661124545202812897e+01,2.662604335814796741e+01
2.585447527276261326e+01,2.484043616669123367e+01,2.698050631298093549e+01,2.501072012285652590e+01,2.730282116454861807e+01,2.529110006759208318e+01,2.645186505793282095e+01,2.693546150690758623e+01,2.742460651222609158e+01,2.608231459857472601e+01,2.685503380549835128e+01,2.595935242788459618e+01,2.781849495414604689e+01,2.649439322376133532e+01,2.598133791185551900e+01,2.691835354367697164e+01,2.755951218744809239e+01,2.661943229904892405e+01,2.830190568419607189e+01,2.663471068288083643e+01,2.842214215581179815e+01,2.617055156292269658e+01,2.794111082590637807e+01,2.690924596416988379e+01
2.640333004763914460e+01,2.584781453060264766e+01,2.641645682144735474e+01,2.629511733324028455e+01,2.663171065159320960e+01,2.613005623791798371e+01,2.551159215208548403e+01,2.637405963721306534e+01,2.679526828264334881e+01,2.719307048463258525e+01,2.716018582194072906e+01,2.701246829173828701e+01,2.676816382733323962e+01,2.730500843127703092e+01,2.614357044406773412e+01,2.759699588487410438e+01,2.589968349624876964e+01,2.712892864890011424e+01,2.667794400835049373e+01,2.759935761068163629e+01,2.692968421772701504e+01,2.750262466188252120e+01,2.700531465107894746e+01,2.761450003568194234e+01
