3.012286509525210931e+01,2.685835372069169580e+01,2.992253472365121070e+01,2.786377531390371587e+01,2.925367015343681487e+01,2.799958507535484387e+01,2.867962356577646688e+01,2.830165639790573096e+01,2.853201334233989428e+01,2.842847681790749448e+01,2.908439473147069521e+01,2.872700344227280311e+01,2.977252308359004473e+01,2.836783205759701332e+01,2.942830951773981951e+01,2.902385696260898840e+01,2.973773200041745213e+01,2.938028879031207907e+01,3.063745103214648680e+01,2.932329061302215223e+01,2.968940050370957806e+01,2.791982706215941334e+01,2.917841945589469788e+01,3.005655434799399472e+01
2.835318807674298114e+01,2.997456167890834422e+01,2.772266669012793727e+01,2.894617884768007343e+01,2.785094229639054220e+01,2.971947823081757178e+01,2.832055364582345192e+01,2.762104026587627459e+01,2.848560400813556726e+01,2.960153000287112945e+01,2.813921623768391100e+01,2.902865749542479534e+01,2.837569950658797779e+01,3.013210679993733265e+01,2.761859042432206479e+01,2.889188688030276353e+01,2.834178401676803105e+01,3.044717840814445253e+01,2.937824675076751646e+01,2.952748558541145485e+01,2.814472678406366413e+01,2.930863130786883630e+01,2.878779155198981243e+01,3.007987878585930730e+01
2.831507447977963920e+01,2.768116090468066659e+01,2.950726962945606147e+01,2.791188371680374303e+01,2.883853810688447084e+01,2.980446338538888540e+01,2.919765297908139701e+01,2.846952203703517625e+01,2.980844593030678880e+01,2.861556815383067942e+01,2.925288020586043558e+01,2.824775872479682448e+01,3.013727158223747438e+01,2.812057806898729950e+01,2.919933514590246659e+01,2.838585930754732090e+01,2.919431164033227333e+01,2.937889462201110291e+01,2.916466761462135082e+01,2.827188209982580247e+01,2.905591707447536010e+01,2.863541041520528552e+01,2.891561618592078275e+01,2.951116180170384951e+01
2.794133426889135308e+01,2.927227168822139447e+01,2.895848318896264573e+01,2.998720293283690808e+01,2.906971902661064178e+01,2.975452577640993468e+01,2.981878116159811043e+01,2.884280094237135472e+01,2.844944333409415549e+01,2.913076374956250447e+01,2.869191236145661605e+01,2.948410686890377974e+01,2.886281127363321275e+01,2.889077982494444541e+01,2.896028888502104337e+01,2.934833235921195183e+01,2.911398988446785552e+01,2.897319639976944927e+01,2.851138551899782669e+01,2.958655880377386893e+01,2.956161759862385452e+01,3.000726982762728312e+01,3.056532597143450403e+01,2.868263982442658744e+01
3.020203791248997049e+01,2.832382686205187383e+01,2.933917374678617307e+01,2.887820971301260897e+01,2.985965879822174429e+01,2.896320314228654524e+01,2.898997926060428654e+01,2.810565277996789746e+01,2.954422245447130990e+01,2.832556461346888455e+01,2.880931786369080783e+01,2.871073642638452839e+01,2.948951056392451164e+01,2.845737264556078117e+01,2.917319730668901911e+01,2.892864731619704344e+01,2.848643485559875899e+01,2.856445819908117301e+01,2.930198560058977364e+01,2.916296584494949684e+01,2.985101037789701195e+01,2.851271739264456073e+01,2.959631304371833949e+01,2.871954450648945567e+01
2.912010794485462384e+01,2.978361569228434291e+01,2.785567981545943894e+01,2.875249850583799116e+01,2.817571849393357297e+01,2.938313654478093895e+01,2.874233298589183505e+01,2.922457633527528742e+01,2.827871498476093848e+01,2.908897622068218425e+01,2.877713421922862835e+01,2.837748424609759468e+01,2.876003389218726625e+01,2.860288078159919678e+01,2.898858079153819745e+01,2.894954096023462853e+01,2.909927461392163650e+01,2.854304738398292329e+01,2.896158645764455741e+01,2.993587044902028538e+01,2.902039306524414997e+01,3.009506291625751828e+01,2.911683899722902424e+01,3.003257221316283676e+01
2.932554919656394077e+01,2.896122023811432200e+01,2.937754891604362228e+01,2.884016176230784367e+01,3.011560672544561612e+01,2.878593222149288522e+01,2.931869865085991478e+01,2.903381491345379573e+01,2.919573236239767766e+01,2.902301355487435330e+01,2.935542591667245915e+01,2.915640705271954403e+01,2.939205411887650143e+01,2.975600126893590414e+01,2.948503136413148695e+01,2.834845162567597754e+01,2.877571482995426777e+01,2.929417942267269837e+01,3.000104173957788589e+01,2.955943992602584558e+01,2.984642564755813510e+01,2.987290974614876404e+01,2.905961841955019054e+01,2.935254638809550443e+01
2.793334406418927074e+01,2.890176464050705363e+01,2.810278902420202485e+01,3.003132567999614366e+01,2.821533182009363827e+01,2.937568064762689346e+01,2.929623329987077796e+01,2.919462150761495423e+01,2.934793096264553469e+01,2.995020129361068939e+01,2.937692586407695217e+01,2.973230480602597936e+01,2.914599335338652963e+01,2.900964230481565664e+01,2.884924797614081626e+01,2.958090474962659755e+01,2.951808832562267071e+01,2.950143093854114795e+01,2.884958868067309368e+01,2.960470254748781826e+01,2.941674542901347422e+01,3.022424528432361512e+01,3.023938140600711222e+01,2.975623468930848503e+01
2.983152377810773714e+01,2.792984158084834689e+01,2.870926467602464527e+01,2.856411186459757801e+01,2.927789077043581756e+01,2.956381694397816773e+01,2.947400324147577066e+01,2.865545197304516023e+01,2.915766595510331172e+01,2.852895442187838171e+01,2.970080566879022399e+01,2.838570599021920771e+01,2.895303547680833844e+01,2.831251633363638120e+01,2.869032733702925952e+01,2.839168593278310482e+01,2.855509671800882643e+01,2.790689345248512154e+01,2.915536890198188757e+01,2.939281797889827885e+01,2.927233604493562780e+01,2.914473137427313532e+01,2.886199826979247973e+01,2.898316413018767435e+01
2.961284411223783763e+01,2.924800260665767837e+01,2.863247254339478332e+01,3.025205005044955442e+01,2.915226961816489393e+01,2.896649096376677335e+01,2.831056937018286135e+01,2.938716376723942858e+01,2.844251580897014264e+01,2.814274500476454932e+01,2.839009347557993124e+01,2.905607455830556773e+01,2.862318187456480700e+01,2.960240426387446178e+01,2.909041772681712246e+01,2.860424781635407498e+01,2.905559302351485940e+01,2.857059316458918374e+01,2.873984954276767212e+01,2.975269216178912757e+01,2.925745850234545742e+01,2.883229922800785516e+01,2.876635231724804953e+01,3.042972694607510675e+01
2.860195435704099509e+01,2.847452045579996138e+01,2.997328270396445760e+01,3.007681206491201920e+01,2.955500312205350610e+01,2.878935603184254433e+01,2.859380947726140221e+01,2.952076334028578231e+01,2.966424501239686151e+01,2.881776887712356938e+01,2.947434377577116038e+01,2.910570204693175356e+01,3.003596697336206489e+01,2.932807732195652761e+01,2.942148166917394292e+01,2.888575049916971693e+01,2.895843281083182319e+01,2.855208154565497125e+01,2.995253068701822485e+01,2.955359857824947767e+01,2.918154855121173341e+01,2.967499796503074094e+01,2.985655164253262228e+01,3.010836424171264980e+01
2.880398304756425887e+01,2.950133729175212238e+01,2.837463804829445735e+01,3.044887258889178838e+01,2.915328435147495156e+01,2.995919985222923287e+01,2.991720790806408559e+01,2.962752265287247155e+01,2.943592697056112684e+01,2.967890389603644508e+01,2.873184171612064119e+01,2.981217805149861988e+01,2.934446935498812081e+01,2.957667155376481105e+01,2.933356005242154652e+01,2.951186694794921550e+01,2.966581378812702496e+01,2.897395432200039522e+01,2.964744344167723966e+01,2.968196609504735761e+01,2.927755334489955885e+01,3.019656516300040039e+01,2.965932827619320733e+01,3.033730183832796001e+01
2.940478523093122476e+01,2.802237590891985519e+01,2.822620692332139924e+01,2.834904429298717332e+01,2.886330881348135335e+01,2.937606187126107216e+01,2.870818041362548456e+01,2.917380822400627949e+01,2.882403962180450208e+01,2.990205738068937080e+01,2.906957776993704101e+01,2.897078029594672444e+01,2.903131077258831283e+01,2.871340606960410469e+01,2.896258850445804001e+01,2.916027426305220160e+01,2.906626512195873602e+01,2.908631080098859911e+01,2.923017175082645736e+01,2.910911803218147043e+01,2.831693084881015920e+01,2.868249024992474006e+01,2.867768482175989675e+01,2.880063382358832769e+01
2.889838026702170737e+01,2.930475947266393177e+01,2.921117507423633697e+01,2.847523609497199004e+01,2.924334067977707718e+01,2.922209875980166771e+01,2.854791201110396059e+01,2.879375493533314057e+01,2.950791715489151557e+01,2.950374585622819268e+01,2.866510506006773085e+01,2.935392070048720825e+01,2.942262778586604099e+01,2.914417324871004666e+01,2.950354605402907282e+01,2.922531839532177855e+01,2.994714792364828782e+01,2.924106147099081454e+01,3.009896086641174406e+01,2.940342411285081425e+01,2.935828158057796600e+01,2.878398591583311372e+01,2.916567665896042172e+01,2.969165901572677058e+01
2.909791732873725323e+01,2.857563872839409669e+01,2.910678864951324840e+01,2.898943723033988817e+01,2.950280841584213931e+01,2.899496921891721968e+01,2.826993176235214378e+01,2.986677651346928997e+01,2.936933679396526031e+01,2.922815909255058386e+01,2.953271702217119810e+01,2.833036845439744411e+01,2.870647996960491355e+01,2.884719168040652448e+01,2.939222962236362946e+01,2.901092643835266927e+01,3.012109002046145179e+01,3.063760515137505536e+01,2.883950481344413674e+01,2.878578992651836188e+01,2.903742372650202697e+01,2.954079732896468613e+01,2.932581184430500798e+01,2.938797307640356848e+01
3.001060961621072920e+01,2.889747781836769036e+01,2.910252246433555001e+01,2.967897406787312775e+01,2.873151489921139046e+01,2.928739580879232562e+01,2.862504944604063439e+01,2.973440937396418349e+01,2.836372952521918478e+01,2.955723330714084796e+01,2.895283726571994976e+01,2.935501143256612977e+01,2.890742575870200426e+01,2.857298622955488554e+01,2.926705691095799011e+01,2.949190132092797967e+01,2.908630146748629386e+01,2.915317990662703096e+01,2.972647659681331334e+01,3.020394564167554563e+01,2.969613469848752629e+01,2.923712719573001095e+01,3.029886227224466211e+01,3.041801799599852529e+01
2.854503569203120605e+01,2.889140520624351893e+01,3.032258260950743534e+01,2.877629139230759847e+01,2.846787266454424525e+01,2.814697357607468575e+01,2.917832476501183692e+01,2.834204678811590838e+01,2.978814265369697978e+01,2.934761793377913364e+01,2.917764143522083486e+01,2.841754312294710871e+01,2.981161169591888438e+01,2.795487192910576368e+01,2.920260915557099679e+01,2.874725597630271068e+01,2.966949542243736460e+01,2.937678424565706337e+01,2.980720311162150438e+01,2.851403260118138405e+01,2.866983466949841386e+01,2.934513961925983949e+01,3.035330220101315035e+01,2.890253253682180912e+01
2.870464623876307542e+01,2.967948348723825802e+01,2.928457707297974366e+01,2.962307131284029538e+01,2.846380531860211249e+01,2.897386695883898255e+01,2.928928227085589242e+01,2.855516584566504434e+01,2.900441534487504214e+01,2.901371116814902962e+01,2.833786753264195113e+01,2.917740849783245949e+01,2.911785537979488936e+01,2.914417324871004666e+01,2.948380895551031244e+01,2.993104120522843914e+01,2.870604047805693426e+01,3.012541538370902572e+01,2.905622478931985597e+01,2.957005544232242755e+01,2.942854883360939766e+01,2.953226292679943299e+01,2.917072546147949197e+01,2.974953221054283858e+01
2.931617122780272666e+01,2.917241944478104188e+01,2.965006310098368658e+01,2.910423305417515394e+01,2.875956756636833234e+01,2.917081544941027005e+01,2.903132907023518783e+01,2.972378832555955341e+01,2.898363572210655548e+01,2.915101941123248253e+01,2.968958090855403498e+01,2.935235096223982509e+01,2.944817487903310393e+01,2.907466949771804821e+01,2.973926995662094441e+01,2.971343113051273122e+01,2.924421074150529876e+01,2.985088587181269304e+01,2.928355538261519087e+01,2.934118458925490813e+01,2.934533281948921513e+01,2.953508198312465538e+01,2.955052631923410900e+01,3.030767209975880405e+01
2.975719428851232351e+01,2.909840673581896908e+01,2.932931432638702063e+01,2.991247350449657461e+01,2.947287423876639423e+01,3.061050179110623048e+01,2.929134040714956200e+01,2.953300212301030570e+01,2.966075804360212942e+01,2.966395469147261110e+01,2.899978292076565367e+01,3.024099223992868701e+01,2.971482237576253738e+01,2.936861246659373137e+01,2.914420204706505046e+01,3.001583228035650563e+01,3.034579613554245725e+01,2.937320285037657186e+01,2.992992036117510679e+01,2.963552980873834031e+01,2.967864243576627814e+01,2.919756498796743927e+01,2.914818512803782369e+01,3.053879917567678604e+01
3.107190421750425458e+01,2.965487570579261956e+01,2.920630624860353919e+01,2.947859068501151114e+01,3.017224836704690460e+01,3.007158265486890514e+01,2.962418407921285279e+01,3.019606072180374667e+01,3.023647068578060271e+01,2.913740357905703604e+01,2.976965879137753745e+01,2.895588869627863460e+01,2.953776611995544954e+01,2.942669130170372682e+01,2.922758695701622855e+01,2.892566149235273087e+01,2.947303517820500929e+01,2.919569775532528411e+01,2.876926172266144022e+01,2.864140445343252850e+01,2.936603942855998639e+01,2.990887828995869313e+01,2.896479114654027853e+01,2.901358366755590623e+01
3.020062976944177535e+01,3.058746345275380918e+01,2.984838233982321754e+01,3.039390918537264952e+01,2.993213297142671081e+01,3.048833817815216207e+01,3.052570079848248952e+01,2.946593076436454339e+01,2.956355425550776772e+01,2.969890370366420029e+01,2.919373380484836389e+01,3.004542429366478018e+01,2.987508790452932317e+01,2.951677659543076970e+01,2.908549907844076188e+01,2.920706227120962239e+01,2.879244406766179054e+01,2.875560881225766252e+01,2.963563949973706713e+01,3.042385908610992828e+01,2.913390903804145182e+01,2.960924385136490855e+01,2.972600936470740862e+01,3.034449743342116790e+01
2.917133588489377871e+01,2.993195936086198117e+01,2.924506755804742397e+01,2.931964469662210604e+01,3.016232049519823022e+01,2.925025143581081011e+01,2.975621412254383813e+01,2.975032169568726204e+01,2.974326891678077800e+01,2.972045466769185396e+01,2.985572178411308641e+01,2.949686557935632436e+01,3.014446476623112403e+01,2.927016667988374365e+01,3.014178734757149414e+01,2.948668764561119815e+01,3.071719649447010170e+01,3.021973276585072199e+01,2.888920708456993225e+01,2.890157986814483593e+01,2.967226364202952027e+01,2.934782327828958159e+01,2.948204539404213165e+01,2.882217482590738200e+01
2.944458918494564159e+01,2.828962237203421637e+01,2.967053218424081251e+01,2.899717922590895114e+01,2.979656602957896894e+01,2.949781010759346600e+01,3.025332412888241151e+01,3.077756368857905045e+01,2.943614427119405264e+01,3.029289605866563306e+01,2.946003443743762773e+01,2.981007171491046392e+01,2.921119068794951090e+01,3.035523050476990647e+01,2.939012526443787010e+01,2.972889661486533441e+01,2.976670472584925164e+01,2.991640638373144157e+01,2.988824544673462924e+01,3.030000278822262771e+01,2.936134027714945205e+01,2.994149336117988014e+01,2.876381539120870912e+01,3.035050312307953391e+01
2.907563334242945530e+01,2.923973316253170651e+01,2.932476924812021934e+01,2.881514880712035165e+01,2.939135236432389320e+01,2.818351009028759790e+01,2.952760007286008204e+01,2.863167366222330656e+01,2.968571665951390059e+01,2.897583409780310149e+01,2.978501601186735570e+01,2.908322048421683803e+01,2.992288362419105852e+01,2.928656889480839709e+01,2.993524783327961813e+01,2.941611943400744167e+01,2.924849001683264760e+01,2.862382344996098027e+01,2.905241767335161285e+01,2.866459178354921278e+01,3.037259683679229738e+01,2.951419402012163573e+01,2.993965719108786061e+01,2.829317878884342008e+01
2.862285424520484867e+01,2.887155715819409352e+01,2.797225159801979544e+01,2.842185274921297378e+01,2.921101478342376367e+01,2.944118814455885058e+01,2.933657464563145822e+01,2.927936044801379012e+01,2.951266060863372331e+01,2.863841898592858115e+01,2.956140425049659370e+01,3.055708332709951947e+01,2.929590309791262825e+01,2.999289879434667228e+01,2.910623069257957241e+01,2.974245131554897625e+01,2.927259960359361912e+01,2.885685896650232962e+01,2.909370178027711518e+01,2.974356566199168128e+01,2.946591542139293551e+01,2.918361159658138604e+01,2.897752274161524610e+01,2.882857316683856652e+01
2.873676408254721082e+01,2.972687197531479342e+01,2.905092109315773996e+01,2.952312270681392192e+01,2.908095828351218870e+01,2.911338640856752136e+01,2.893065426925107886e+01,2.894957718445778028e+01,2.925744332047366925e+01,2.905574082278911874e+01,2.968034526460536426e+01,2.945745027994701104e+01,2.992043980740129427e+01,2.933183033265567019e+01,2.926276854552014584e+01,2.941759823391384998e+01,3.024026517999658381e+01,2.998583508887310245e+01,3.056348900261303925e+01,2.887212092178941703e+01,3.050780752842098309e+01,3.006215304717505887e+01,2.989155003461809201e+01,2.904218801201682254e+01
3.001265238665126844e+01,2.946573617761487185e+01,2.818454410159699819e+01,2.934597711006091458e+01,2.875886474665986725e+01,2.940504314879069625e+01,2.923292144893076738e+01,2.905996781146660624e+01,2.981932379805425626e+01,2.924407228736293973e+01,2.917137299837935416e+01,2.870859874129268974e+01,2.977237686924030413e+01,3.019120303260734772e+01,2.940963865060780336e+01,2.925844526448514671e+01,2.974482439462445882e+01,2.940519662711875526e+01,2.949822474949451134e+01,2.991689013159890465e+01,2.851856795816524937e+01,3.031012025765039652e+01,2.957666333581869367e+01,3.007051660687830008e+01
2.966868502917242267e+01,2.892858391853673083e+01,2.886830211331999863e+01,2.923919400602136420e+01,2.959982749985931605e+01,2.987391154768363322e+01,2.978549441483335158e+01,3.003907062947615714e+01,3.045960001792542471e+01,2.913710243660898414e+01,2.865348427810960175e+01,2.854246173995841218e+01,2.955729680374651025e+01,2.955784995022190742e+01,2.988326336411375905e+01,2.915904041637656974e+01,2.933867756127619941e+01,2.818213714366584099e+01,2.893094601879568017e+01,2.809495292315813231e+01,2.984900121833408093e+01,2.921571012007484569e+01,2.907892935536182222e+01,2.730297676348072855e+01
2.920804302810159925e+01,2.966467283332286797e+01,2.914771027079598298e+01,2.832329208839416879e+01,2.884536751753404360e+01,2.933445048023901336e+01,2.991604797214120026e+01,2.995069870901937747e+01,3.073630134289822990e+01,2.960841858492005940e+01,2.815917729559947702e+01,2.886109766777246932e+01,2.980010732915962990e+01,2.918389601865948180e+01,2.897787658111644760e+01,2.947143244053745548e+01,2.889788734364475431e+01,2.840913887366372137e+01,2.932284669373115094e+01,2.861381278870925371e+01,3.010151312926194578e+01,2.871330825081781768e+01,2.962640440759719240e+01,2.935032034937177059e+01
3.023993060510395026e+01,2.930414788745667920e+01,2.806390803065215778e+01,2.792812463263391010e+01,2.832514981528606768e+01,2.872073510143559361e+01,2.875630606319151639e+01,2.908675059335160995e+01,2.965406250359592377e+01,2.947106975436133780e+01,2.881737030015688106e+01,2.885162626314991030e+01,3.015647259985320261e+01,2.893893757926559829e+01,2.881675447445547888e+01,3.023459479285850193e+01,2.955856031467527600e+01,2.935138153767962876e+01,2.989297337106853547e+01,2.835431151135441041e+01,3.007710428899770250e+01,3.045420074818105149e+01,3.085131442702379445e+01,2.904825309088624863e+01
2.858414517999119653e+01,2.863035519342173529e+01,2.715676972673009004e+01,3.004013357865164835e+01,2.873934830812277141e+01,2.946802848635746841e+01,3.043598261307818120e+01,2.934616347842853656e+01,2.872738325876485987e+01,3.027662233988434082e+01,3.010977368464290294e+01,3.006416156039972520e+01,2.903870184912580044e+01,2.947530402360450807e+01,2.994525962068559011e+01,2.874946088821178591e+01,2.992884950537700206e+01,2.977112175600643695e+01,3.084306620824844458e+01,3.012426206192253630e+01,2.897632732396647270e+01,3.034786160656193488e+01,2.987717314255615975e+01,3.012926116588045033e+01
