2.711733722686932424e+01,2.774559958035797536e+01,2.819369406754333340e+01,2.613726335056674088e+01,2.635690673921146754e+01,2.758386082343065482e+01,2.734231163493342365e+01,2.790608050952306485e+01,2.770268386949334172e+01,2.759677007783574254e+01,2.691028186072657036e+01,2.768431219160839873e+01,2.807606714720452601e+01,2.665278778948606941e+01,2.794924035134584983e+01,2.775596647031176190e+01,2.846566043620407527e+01,2.809805942567851389e+01,2.752736797331328944e+01,2.754792544747095917e+01,2.787550136999715278e+01,2.701635450558234197e+01,2.750585793622411757e+01,2.836445909431540713e+01
2.704622312430331021e+01,2.713153147838011137e+01,2.779325445758382784e+01,2.703170042981258803e+01,2.816596768378900606e+01,2.765744992535121582e+01,2.608169593041066037e+01,2.701559331332634883e+01,2.742744117989275310e+01,2.722870085945044138e+01,2.646821089591787768e+01,2.717152893754655452e+01,2.738701249378829061e+01,2.575229507389843775e+01,2.639122404517951281e+01,2.704014184659740749e+01,2.731928094134542562e+01,2.770161265287242713e+01,2.746612813121305408e+01,2.739087539661164783e+01,2.821514190334477235e+01,2.682166525835731363e+01,2.692904325069650895e+01,2.823029621424774405e+01
2.682878074859996786e+01,2.672336930927224330e+01,2.788347094856283093e+01,2.604040768208460577e+01,2.708489144385470127e+01,2.718461207247850098e+01,2.731516084616663420e+01,2.789262520226986908e+01,2.777196739191782626e+01,2.805067657693621186e+01,2.705967635914186076e+01,2.749227431838028224e+01,2.695298582765138917e+01,2.736883748461121968e+01,2.704185762544534555e+01,2.722967710118564355e+01,2.696973375291827324e+01,2.777402096668089371e+01,2.627895750749706849e+01,2.684044338019509723e+01,2.869215354057826062e+01,2.780029624472405203e+01,2.713094747556408493e+01,2.698834817435971445e+01
2.724522095985196302e+01,2.788096053722762235e+01,2.808313784529025270e+01,2.776366819407661524e+01,2.801328518756935182e+01,2.672578821117980397e+01,2.924911553583831392e+01,2.721440306136787513e+01,2.810833994548693227e+01,2.777543177951179132e+01,2.734139264969451233e+01,2.775541635508960780e+01,2.814343677325916815e+01,2.679494590001218057e+01,2.903367568333197823e+01,2.742233304135191929e+01,2.735842252577094769e+01,2.783760883510666417e+01,2.774742518927808987e+01,2.820806574941025247e+01,2.727132823163015019e+01,2.771375291094625481e+01,2.749601293575994987e+01,2.830042573840250952e+01
2.745419865486820754e+01,2.793266641988947185e+01,2.766046064590307196e+01,2.744345501945923615e+01,2.721034306554798832e+01,2.675307677139772977e+01,2.709267647028502779e+01,2.739959753940070186e+01,2.713422375911176232e+01,2.840028722504860070e+01,2.754969469203030030e+01,2.783453256742495796e+01,2.768033812253497672e+01,2.682649986455550106e+01,2.700432362651150697e+01,2.788218294379140616e+01,2.760928144278193486e+01,2.748513721925490927e+01,2.821178563791812621e+01,2.766018699645997003e+01,2.770349022157824947e+01,2.734900295292788996e+01,2.756611775448425306e+01,2.835267238591524119e+01
2.709477567153243172e+01,2.804519276590991694e+01,2.771179003204957780e+01,2.733368773463240586e+01,2.722197165783018136e+01,2.642203080619384536e+01,2.801825521734809854e+01,2.673240229709006144e+01,2.816421901420812901e+01,2.744898108545982041e+01,2.811343246200186741e+01,2.678625528437464709e+01,2.772049145793914704e+01,2.681957632563882044e+01,2.757329216358277790e+01,2.621748963927620935e+01,2.747818654291461371e+01,2.691185622317391335e+01,2.788400803522966953e+01,2.731992421017935158e+01,2.791760294912086238e+01,2.639968366954889234e+01,2.708015286312212311e+01,2.714956001313078104e+01
2.804664520556428897e+01,2.769484160100597592e+01,2.711897326863305580e+01,2.724319714788452984e+01,2.696375023353436973e+01,2.706252360198033102e+01,2.728808867627327572e+01,2.720754534220316145e+01,2.778470145139408487e+01,2.742488934631597886e+01,2.779500845685566901e+01,2.648173450560432229e+01,2.728797569951143487e+01,2.766090633572002844e+01,2.722298261054913837e+01,2.805697324885852595e+01,2.719024904305263135e+01,2.788813927266738801e+01,2.728897671530376101e+01,2.775135660671759297e+01,2.743989842501861176e+01,2.704396589873817902e+01,2.710096417644518851e+01,2.818468858927792553e+01
2.778278466198594288e+01,2.790682363933296983e+01,2.668657948668015933e+01,2.806173232171124710e+01,2.769714665316382707e+01,2.810932878374484289e+01,2.823135152279826343e+01,2.777320936379987870e+01,2.757999597038411821e+01,2.839778131671153005e+01,2.728498049030457651e+01,2.748557332617309612e+01,2.741403245269953004e+01,2.765218707688956101e+01,2.747748195651672631e+01,2.823257902286900389e+01,2.795865221185147220e+01,2.740129920454251078e+01,2.781144396961690290e+01,2.745321625090440421e+01,2.797092533002648906e+01,2.935974741030327095e+01,2.891983352203089908e+01,2.742147866081501206e+01
2.695338314985275474e+01,2.779779024040487911e+01,2.720336842526529608e+01,2.708717691129942295e+01,2.747195432482942579e+01,2.759424631374690762e+01,2.697647910782239933e+01,2.800531203028060645e+01,2.799304472210747008e+01,2.825325965297219000e+01,2.629179459966212562e+01,2.759664993488485152e+01,2.713954094977651721e+01,2.770096418169532626e+01,2.737701488724297860e+01,2.724594064875753929e+01,2.811836544459748666e+01,2.710873630946230151e+01,2.711686893513569885e+01,2.699310707051699865e+01,2.771365275864047817e+01,2.903183830329652437e+01,2.720289186019095951e+01,2.749789283042201760e+01
2.694422275006957079e+01,2.705984660407534648e+01,2.811721971316262625e+01,2.665512517485888111e+01,2.774543775294262105e+01,2.627942861420825693e+01,2.784876023973799875e+01,2.751665246878224025e+01,2.745680381479564858e+01,2.698880292884848586e+01,2.794589440950386461e+01,2.705208647968152036e+01,2.734162229361902519e+01,2.629195503965536318e+01,2.763405906949805058e+01,2.714675108600476960e+01,2.689449162823791539e+01,2.623198580578088013e+01,2.775918939648448713e+01,2.754651334417729913e+01,2.679064935147351889e+01,2.745235047234251624e+01,2.694091335127995990e+01,2.671132635874386096e+01
2.703292256410168193e+01,2.692447114994740787e+01,2.693689991751057278e+01,2.631213754375824010e+01,2.606787141489797932e+01,2.738298612780778285e+01,2.620918573036777843e+01,2.664599047502190388e+01,2.678452181425996059e+01,2.644877572946455757e+01,2.784648229821561927e+01,2.712352387360078865e+01,2.723185807571337591e+01,2.701792572539028470e+01,2.781590387351809568e+01,2.743452423769559800e+01,2.713981567879761769e+01,2.775788506383327103e+01,2.796440153185920963e+01,2.753552008038371923e+01,2.709794044892771581e+01,2.721760824801913259e+01,2.694940254100851007e+01,2.754836238351890643e+01
2.765200605470658957e+01,2.739875444107741487e+01,2.747829062092768027e+01,2.694202764271381056e+01,2.775039540170092778e+01,2.712489449463060964e+01,2.731177469159229076e+01,2.651036773304861072e+01,2.742904472540504912e+01,2.770443276100536423e+01,2.761533729927748482e+01,2.685305816571627702e+01,2.757569744706836445e+01,2.732329874208141973e+01,2.720347390007731292e+01,2.757385973520803191e+01,2.804978479599566299e+01,2.735227339581075512e+01,2.868106579665249001e+01,2.854449206328592936e+01,2.865106531992751115e+01,2.764446140063620305e+01,2.770552215116327943e+01,2.709896306797736543e+01
2.655008844097505971e+01,2.655538877899067529e+01,2.566365625751024027e+01,2.713380609630485196e+01,2.713889306230845477e+01,2.624086610459528401e+01,2.653687323670010301e+01,2.702963863458006699e+01,2.667885406104255708e+01,2.693552738850172545e+01,2.729347104177151095e+01,2.703233266134225232e+01,2.665650701182084958e+01,2.732669639505439818e+01,2.789424421459648329e+01,2.775929819707278057e+01,2.680370105387811464e+01,2.733047933659662476e+01,2.863474581164211941e+01,2.730708330687212992e+01,2.751685826063663853e+01,2.769259960912381757e+01,2.803886412465112699e+01,2.778565564705769475e+01
2.739270530907833745e+01,2.725298194663639606e+01,2.650720911483540476e+01,2.672284391938165982e+01,2.734968869480474041e+01,2.699439400600397221e+01,2.597925328987776084e+01,2.644329678708726306e+01,2.637138571269906606e+01,2.674172877711504270e+01,2.670969959582140518e+01,2.657137522947755315e+01,2.705193993271734598e+01,2.694886685575568208e+01,2.793780807519948439e+01,2.667180615124203769e+01,2.751983177458691898e+01,2.747836895128222068e+01,2.749472188965086161e+01,2.763472109758089346e+01,2.786840017879183051e+01,2.781349825197827386e+01,2.744378520415864386e+01,2.670206170012494340e+01
2.699853286099778416e+01,2.669345713967828715e+01,2.656490013290061825e+01,2.703084632927095754e+01,2.743872746940610341e+01,2.693903610035624752e+01,2.712911066543523475e+01,2.630619127938751944e+01,2.708534977868970373e+01,2.694610672595115375e+01,2.695281867442287194e+01,2.723750829288383102e+01,2.745740870180526372e+01,2.658850418547029903e+01,2.681357937640535738e+01,2.758939507664587154e+01,2.853232057488150986e+01,2.837270443180142365e+01,2.772196014065224290e+01,2.713254985699796862e+01,2.788615153694513538e+01,2.749130137219236758e+01,2.722466405264327705e+01,2.689214063264734023e+01
2.791417891974572285e+01,2.781386260689947676e+01,2.730815578186667381e+01,2.681739829511559492e+01,2.737901203977492059e+01,2.761282127967598399e+01,2.731543097863624325e+01,2.726147898914422285e+01,2.691399840230491236e+01,2.747309152420808687e+01,2.803728043312321461e+01,2.696728621071150656e+01,2.750300382784615749e+01,2.750659228364662567e+01,2.803718842318738780e+01,2.761994343851807798e+01,2.665095374233175107e+01,2.757440280220640716e+01,2.879549024697644199e+01,2.793329415373108304e+01,2.803633979943265331e+01,2.792641127880347085e+01,2.710663168412605728e+01,2.814809937719542177e+01
2.765987113877497450e+01,2.649201399950743507e+01,2.763555864884119728e+01,2.664768035234965282e+01,2.644273677702761915e+01,2.665998909623755253e+01,2.721699456703947817e+01,2.706273377275732628e+01,2.736390791287033153e+01,2.743265794302789118e+01,2.709705139958981590e+01,2.650168909290692909e+01,2.628943475701265697e+01,2.705564298009659296e+01,2.683662181743665087e+01,2.686536249425216738e+01,2.672636285050481320e+01,2.744002280436609453e+01,2.754031788387698043e+01,2.808424451711681513e+01,2.736611747648436221e+01,2.751535183998902312e+01,2.779559959776020150e+01,2.773075366582031620e+01
2.781456886064779610e+01,2.730543138634715206e+01,2.653908711825442879e+01,2.767092806063442367e+01,2.640042010862487132e+01,2.765477205976117148e+01,2.699743031728644382e+01,2.695643612969973901e+01,2.725061602470265143e+01,2.694796268511043991e+01,2.675172830317836770e+01,2.661350202130250864e+01,2.641351984793925567e+01,2.628908000141746015e+01,2.711400843640728908e+01,2.692001613171635199e+01,2.762073839958645749e+01,2.688355756222739501e+01,2.778789072675732541e+01,2.695459250542950258e+01,2.795174810810976851e+01,2.717764670615599698e+01,2.800087205749474606e+01,2.732956183968656205e+01
2.762393648423449122e+01,2.691310996376006415e+01,2.633334764484766310e+01,2.599666821340974820e+01,2.704810601260675185e+01,2.747579985121944901e+01,2.578595966359080194e+01,2.722170139276050804e+01,2.770067824191301042e+01,2.667175682346953636e+01,2.756574707814360181e+01,2.722965111864033361e+01,2.638934558455440538e+01,2.650449625263479447e+01,2.633267890300828640e+01,2.697982081203423377e+01,2.677469130144345399e+01,2.857331872377062609e+01,2.800714160354880278e+01,2.822100222138243453e+01,2.837566947262638450e+01,2.730765622282507366e+01,2.763811377647715517e+01,2.729603826035469183e+01
2.662253764672010448e+01,2.780897073376263506e+01,2.828292886713745702e+01,2.705079365997318064e+01,2.662982505705838321e+01,2.784213679612054193e+01,2.658180810604437738e+01,2.651643754548450715e+01,2.684480841846152543e+01,2.584676598514408852e+01,2.665675849670088837e+01,2.656309504477655992e+01,2.675240510148296380e+01,2.675630576674768690e+01,2.687967586037376577e+01,2.694037931119305540e+01,2.703139030236565077e+01,2.844010926878343071e+01,2.777310956665871799e+01,2.834470234343768880e+01,2.783493151173013302e+01,2.840421672986849444e+01,2.756458222792997503e+01,2.751411843561686510e+01
2.640148545100794308e+01,2.641378351852671358e+01,2.609718693298196968e+01,2.678883095634745359e+01,2.720662958103292794e+01,2.695707590876327231e+01,2.671376603046076070e+01,2.661359699323998029e+01,2.625316410705437420e+01,2.618019531095546881e+01,2.646146037977678134e+01,2.701315026213853798e+01,2.628126853217560210e+01,2.718860916593627053e+01,2.562784689308574571e+01,2.684036866730014026e+01,2.719122082689358422e+01,2.758711601981178774e+01,2.800556100373057689e+01,2.684328653185923486e+01,2.909715902566114210e+01,2.752108302053721900e+01,2.703391067107753543e+01,2.725036954690693847e+01
2.626779029237309260e+01,2.575947283608434191e+01,2.691897820761346338e+01,2.528139628222913871e+01,2.731016346325839095e+01,2.628813139527505882e+01,2.641199460691456125e+01,2.570654783448026137e+01,2.739466513718758733e+01,2.562654983703737344e+01,2.690452375817812936e+01,2.728558992571640829e+01,2.843770193973148253e+01,2.740852917165386771e+01,2.679391113099825361e+01,2.658436947204808121e+01,2.684457607715341965e+01,2.749248130236969700e+01,2.817163516398733236e+01,2.724169240926056546e+01,2.673154789512159368e+01,2.704206151704158856e+01,2.833800479459227972e+01,2.804189417153327213e+01
2.676113794447951477e+01,2.839891793568313005e+01,2.659724145962627517e+01,2.670199106006145939e+01,2.765709353822848016e+01,2.636905702437559285e+01,2.692982141759125625e+01,2.620550834018496289e+01,2.734322745983575942e+01,2.750407355521031150e+01,2.643647658169459191e+01,2.589995055393097800e+01,2.661622118401601256e+01,2.641712060211654034e+01,2.678044297905546500e+01,2.749770141649668176e+01,2.659760782524620026e+01,2.802455910207407896e+01,2.664304709290627216e+01,2.736148043146073405e+01,2.776656507817210695e+01,2.778369428643810579e+01,2.750981400763799911e+01,2.738286931982105443e+01
2.824734481375600126e+01,2.733297595250724044e+01,2.717742965621374651e+01,2.791678553066583390e+01,2.685626421091848215e+01,2.753874447278747084e+01,2.705528086678350519e+01,2.654283407161415198e+01,2.757828419624155458e+01,2.759784180219929794e+01,2.725762274089674975e+01,2.640848676286651653e+01,2.662040485147417712e+01,2.641667048789480532e+01,2.808446375526318661e+01,2.844261951284073575e+01,2.790560454596908357e+01,2.789138256368266866e+01,2.872144319317391137e+01,2.826417968721574425e+01,2.852178922108697634e+01,2.856340332261589765e+01,2.674113027861000091e+01,2.644587184224081966e+01
2.704203355612190762e+01,2.766665286968367354e+01,2.700831335713945691e+01,2.712375054667489849e+01,2.590644064721311679e+01,2.677381885805323236e+01,2.665760223471170320e+01,2.779673607171793037e+01,2.670693324966623550e+01,2.690141733263914148e+01,2.594203158037379353e+01,2.703715710055053023e+01,2.739703154274462804e+01,2.657365317949142991e+01,2.740903173499543755e+01,2.775904164907927907e+01,2.846107155635394292e+01,2.782820573359441596e+01,2.769801866466474394e+01,2.801852479398530704e+01,2.717049695320957881e+01,2.812107849324968356e+01,2.730517592317067965e+01,2.777136657292595601e+01
2.760598458643170261e+01,2.661038899412164938e+01,2.640461926084230981e+01,2.730426571047433981e+01,2.738026935494019654e+01,2.573860942263075913e+01,2.794525428253274413e+01,2.753480766525103718e+01,2.777044687515973465e+01,2.690308097434393630e+01,2.732412136229487487e+01,2.710531586077263455e+01,2.758464669578251005e+01,2.668168737858121631e+01,2.776993604549994643e+01,2.718071968988061826e+01,2.722169989126524570e+01,2.805169928195920193e+01,2.735079552274322623e+01,2.819706594669258948e+01,2.824069598957913740e+01,2.738834768527794949e+01,2.731220379422580891e+01,2.598133571030143685e+01
2.629829154479131148e+01,2.600718127754561237e+01,2.614344881745239491e+01,2.751236047458189660e+01,2.715707679451395506e+01,2.660800702480372593e+01,2.746064434579875524e+01,2.729388438065967648e+01,2.743652075207955932e+01,2.742461046400768510e+01,2.717950573928055746e+01,2.676629604953285479e+01,2.744755834919499193e+01,2.794595355535727776e+01,2.806706190980105475e+01,2.729653786197275167e+01,2.867160285115835450e+01,2.821243839292884559e+01,2.739629202743401493e+01,2.778383340588527517e+01,2.864293176120906992e+01,2.816092668118704978e+01,2.754482139089975590e+01,2.787658069749858214e+01
2.655568615980820368e+01,2.794881497260342940e+01,2.716605716551691785e+01,2.644452249707342162e+01,2.781256116814904544e+01,2.648525784805116245e+01,2.793754135333324484e+01,2.740157073108326813e+01,2.665862274716693037e+01,2.667922111625398429e+01,2.849632004771694938e+01,2.730093824020025295e+01,2.854979795955983946e+01,2.657162391584068928e+01,2.799574794149941681e+01,2.691651792956281497e+01,2.776046063652432849e+01,2.704375499822430129e+01,2.743285232275900398e+01,2.903229407142373475e+01,2.778581992482827445e+01,2.799557441618117082e+01,2.712221093589226939e+01,2.762060585800742274e+01
2.708583277765603725e+01,2.638875772751089244e+01,2.647246569714337738e+01,2.689052762663044405e+01,2.590906284755749311e+01,2.708242296761773105e+01,2.659152631803880240e+01,2.709712923785031080e+01,2.642857240376105210e+01,2.687424500371452041e+01,2.777589347294394884e+01,2.747175878921211734e+01,2.755812793846632758e+01,2.756079072524812545e+01,2.704684893481794461e+01,2.807017799014175807e+01,2.673397187187572399e+01,2.748513721925490927e+01,2.763066334479759689e+01,2.756858421392615810e+01,2.891086724807951214e+01,2.701260582294821688e+01,2.722231514377722306e+01,2.779349525244367669e+01
2.632907776024285340e+01,2.639969125554927132e+01,2.739074714348089401e+01,2.569081541515646450e+01,2.562959075609882120e+01,2.598161217640699761e+01,2.589156532195028149e+01,2.681251553008712563e+01,2.689505772627217084e+01,2.657160744467671520e+01,2.666094523734579980e+01,2.521310459960773187e+01,2.757484835017794467e+01,2.677327652660767399e+01,2.631942120758805004e+01,2.604949009039364682e+01,2.680322508851543262e+01,2.670899267569205904e+01,2.758913561629736932e+01,2.768159920717602063e+01,2.726779479112650506e+01,2.582577877860711624e+01,2.752808817831271426e+01,2.658251292635804930e+01
2.684403563967566697e+01,2.727677815510827486e+01,2.739911178672480219e+01,2.677650475629707216e+01,2.629594295290382888e+01,2.718851078953957767e+01,2.639765084583291355e+01,2.631325982519098261e+01,2.672540766923515321e+01,2.720197525156237361e+01,2.681375429818359635e+01,2.705177855512391716e+01,2.632123200432687327e+01,2.632601937679964976e+01,2.572458908896766161e+01,2.716985614782629455e+01,2.643917873073604596e+01,2.751455157514470784e+01,2.803934558031704682e+01,2.733019922627715914e+01,2.791753509741261041e+01,2.712859364731639289e+01,2.692114073958151721e+01,2.742668490986284269e+01
2.671627274885531733e+01,2.521045768770295581e+01,2.746417406412177797e+01,2.818447203012811997e+01,2.643043889533021229e+01,2.630515909190290813e+01,2.714847140696201677e+01,2.677171743560165851e+01,2.770760965830265832e+01,2.715065535944080466e+01,2.762866998299887200e+01,2.632694485098716086e+01,2.743785669310244657e+01,2.747877988890508050e+01,2.747224372940536341e+01,2.713416743293544187e+01,2.787670644714518176e+01,2.709001315232706020e+01,2.783368872476791012e+01,2.755206469863526308e+01,2.857829258310385967e+01,2.882816404030160129e+01,2.752941528469756349e+01,2.755187837240123372e+01
