2.406119451352037686e+01,2.473432114277790106e+01,2.398811782521545410e+01,2.559888363311898729e+01,2.516464787117428159e+01,2.493332328332405723e+01,2.505735427106520774e+01,2.498828066721608820e+01,2.442984092165124821e+01,2.392198883989084379e+01,2.406403177081261902e+01,2.400996602596245566e+01,2.365306467161650517e+01,2.431262418880243104e+01,2.463348756878770018e+01,2.429197505619168851e+01,2.540668656115394697e+01,2.556024821628540167e+01,2.514520726459727484e+01,2.524608195463167704e+01,2.485337387669432019e+01,2.548509488078406093e+01,2.424546268787759118e+01,2.466165702683650807e+01
2.489562681440452252e+01,2.483406718849096251e+01,2.576160442322515109e+01,2.359686394273137466e+01,2.433797483277703577e+01,2.445097192971650202e+01,2.409448457807263821e+01,2.490509884159439480e+01,2.539909450677913583e+01,2.438338304504463849e+01,2.325778482277212333e+01,2.339311984451046555e+01,2.480129049182073686e+01,2.218301601375208065e+01,2.359485706504818836e+01,2.434519451042029914e+01,2.477598352778107937e+01,2.415239842773735290e+01,2.425793491418056647e+01,2.496548490516158836e+01,2.575147575778896680e+01,2.395500361845148518e+01,2.645183919367690351e+01,2.539944550247861343e+01
2.422016904128872739e+01,2.599186436424264457e+01,2.495572589864957536e+01,2.586837017467144051e+01,2.430496957052861262e+01,2.472416495952666082e+01,2.425461411236642562e+01,2.512788501740226366e+01,2.512294413792193382e+01,2.505136815592959465e+01,2.306609865552155725e+01,2.507988760325065414e+01,2.379781985819084866e+01,2.473362073335584910e+01,2.408441034519819368e+01,2.601887465652595210e+01,2.447079659846104960e+01,2.410780211714694587e+01,2.549587202025151100e+01,2.680755152933818408e+01,2.583681705699331133e+01,2.680793112127889799e+01,2.455102943631771950e+01,2.422769365168056765e+01
2.599449920945994563e+01,2.569982120762716704e+01,2.570868253305258122e+01,2.498026090844956570e+01,2.579590214315663843e+01,2.480896436781176817e+01,2.566134369740410648e+01,2.540154754151353700e+01,2.574714833909314393e+01,2.421168884475594041e+01,2.429579298472930304e+01,2.500079570549524988e+01,2.488559908495409445e+01,2.459753085938183403e+01,2.579847034235251613e+01,2.444565901715935752e+01,2.534229251117085369e+01,2.505041012709597226e+01,2.578257564894244069e+01,2.524655057491105481e+01,2.622883919979790335e+01,2.652543858163761570e+01,2.545889684836635070e+01,2.470934728372418476e+01
2.399872882554706166e+01,2.477985715100561492e+01,2.439047861476171875e+01,2.444826477547371724e+01,2.497438578574639223e+01,2.540069355702843268e+01,2.329855763907261235e+01,2.430020704484326188e+01,2.453016705137264353e+01,2.432534003087192787e+01,2.435155350364169635e+01,2.528446399914497533e+01,2.407854453664833727e+01,2.577368232720090191e+01,2.359181531997853654e+01,2.395595386769400648e+01,2.400742572477031445e+01,2.550068712570487151e+01,2.561719209813912812e+01,2.532453895446752767e+01,2.474106506930939986e+01,2.630053112473723331e+01,2.399570294101249601e+01,2.568862274101917365e+01
2.514259832227111247e+01,2.434211088428691028e+01,2.363279159303368715e+01,2.468420227297718839e+01,2.440039930251452915e+01,2.368453867931958712e+01,2.518386572763478171e+01,2.535215211913163103e+01,2.528638350747877439e+01,2.364432513698176308e+01,2.424601829449608204e+01,2.411930947485120669e+01,2.574189930416434891e+01,2.394306761738118894e+01,2.520040901587771032e+01,2.410259643767301441e+01,2.473683558425676665e+01,2.460801430383082788e+01,2.555909073887823979e+01,2.485163766864184254e+01,2.482479696078945608e+01,2.459784839806712853e+01,2.553819860268129105e+01,2.372282282407093135e+01
2.388128669354523481e+01,2.590401574779508564e+01,2.424899086774070156e+01,2.488573591696604126e+01,2.444936705033529734e+01,2.523803955319266379e+01,2.430142605465817951e+01,2.448723222899832308e+01,2.379916677964808969e+01,2.429830202030530018e+01,2.493032693431035796e+01,2.519129093136672282e+01,2.459674143951576752e+01,2.525070565043341730e+01,2.506295194113596381e+01,2.472619049663694568e+01,2.544719026204262491e+01,2.494077548549688572e+01,2.613166401389599969e+01,2.652449465697759479e+01,2.499844396325102025e+01,2.507472847207236555e+01,2.536819363001779948e+01,2.508165652128116108e+01
2.439898076145743744e+01,2.439881549486585754e+01,2.498730679901666463e+01,2.516396000685102763e+01,2.507153516649384528e+01,2.412648948754423373e+01,2.438407166684629601e+01,2.378007030644852193e+01,2.484810526690677079e+01,2.403945184523956868e+01,2.505606537666369604e+01,2.494841313624033319e+01,2.428356089430195652e+01,2.493547475710471417e+01,2.469591685183070240e+01,2.587650888960712336e+01,2.555967156145925401e+01,2.505866836709151357e+01,2.562504853274083416e+01,2.549985634735259055e+01,2.486476305606498727e+01,2.592568884430886555e+01,2.607213910105156174e+01,2.478990800741854628e+01
2.407534778115592644e+01,2.455931349104452011e+01,2.323063841234312576e+01,2.416304090799053483e+01,2.426386676262796982e+01,2.464424155854231913e+01,2.392564817408646149e+01,2.428921008592021735e+01,2.364260926768389481e+01,2.380444223371040380e+01,2.371057333183534865e+01,2.473920602562907334e+01,2.366024551174285762e+01,2.482765371012254718e+01,2.354987104637336870e+01,2.491098295143785890e+01,2.448132190985154466e+01,2.494115056370372940e+01,2.508318809076178013e+01,2.520178833402485452e+01,2.463914343517473071e+01,2.473974161566542307e+01,2.417713350167787212e+01,2.333144603407373552e+01
2.544187386219556402e+01,2.561012489681394300e+01,2.447797847384038050e+01,2.406296246420760099e+01,2.538550081321193375e+01,2.435420826240192582e+01,2.452344389025137161e+01,2.389661947513104678e+01,2.447753117901322639e+01,2.387245863862028727e+01,2.370779481986068049e+01,2.376683316997832662e+01,2.431619097286278475e+01,2.418808743321812926e+01,2.513843395633386990e+01,2.434315531526533505e+01,2.492462602746439870e+01,2.430225734245453850e+01,2.564774844076941918e+01,2.496414416953172122e+01,2.490741271578008309e+01,2.398246128609031302e+01,2.437554672679698342e+01,2.479810531567147791e+01
2.369875973526984581e+01,2.389539778564073913e+01,2.456255410240282799e+01,2.300508447360800801e+01,2.436646493065450159e+01,2.465534159067976816e+01,2.400697151379904426e+01,2.380693476440484346e+01,2.404336673974086125e+01,2.396643324341965808e+01,2.332120185855404770e+01,2.462367456698945034e+01,2.374934283855589001e+01,2.467977891467694462e+01,2.416240763374327116e+01,2.387709961358513056e+01,2.471553428459327506e+01,2.614302508095306621e+01,2.502612308487999826e+01,2.628430453146620493e+01,2.583453134525359474e+01,2.496636317627644530e+01,2.349867280888810228e+01,2.494218218875732873e+01
2.484312289484091707e+01,2.322139843264363890e+01,2.502149579709345062e+01,2.410416927650413754e+01,2.464536318012181937e+01,2.480138133276926737e+01,2.417253844740764634e+01,2.394915768503847175e+01,2.372943365894013823e+01,2.298776392458779583e+01,2.426269821271864657e+01,2.369628768866039081e+01,2.438467922028843304e+01,2.432945007308387630e+01,2.434192720491932960e+01,2.527914573250541252e+01,2.502563684159645163e+01,2.523660295806280374e+01,2.551466275650483340e+01,2.629238483425325512e+01,2.459049548869865021e+01,2.503068147562487411e+01,2.437415835734697112e+01,2.415013858900107380e+01
2.575762976012731542e+01,2.558358319953742921e+01,2.530526629119145809e+01,2.585953881110776820e+01,2.408451135583192126e+01,2.377097071225421132e+01,2.413317285430707670e+01,2.502209976975535710e+01,2.336836808716913083e+01,2.422050208257377335e+01,2.311425286841176785e+01,2.378974389865589956e+01,2.364006157424614685e+01,2.374067672394647843e+01,2.406152899743324269e+01,2.483800622761884824e+01,2.516264251699379884e+01,2.475284463456222284e+01,2.551212812662572560e+01,2.527453140092694639e+01,2.368326990492471396e+01,2.374686012675277880e+01,2.329439921031479344e+01,2.474192538800735974e+01
2.512868543700142254e+01,2.466417487040672540e+01,2.581492347319937153e+01,2.459830889063880477e+01,2.511000674155144452e+01,2.463839177068928166e+01,2.476309783340786908e+01,2.419264536246038233e+01,2.367472203855720636e+01,2.513035546213950511e+01,2.332325430625081708e+01,2.409598803057690475e+01,2.398316789232382007e+01,2.408270417184650114e+01,2.438678325831796201e+01,2.415233211845549022e+01,2.463503523811084506e+01,2.567698362045570093e+01,2.597666302439807851e+01,2.549613914373423995e+01,2.377818020039717339e+01,2.378887287581289911e+01,2.499234304018597186e+01,2.338190306351037862e+01
2.525200665275167466e+01,2.481897452053391362e+01,2.470245082978561868e+01,2.523523412371650920e+01,2.399538183323227258e+01,2.449538303503260295e+01,2.474930112397026960e+01,2.505428431981817994e+01,2.703892574260692072e+01,2.679833990842467983e+01,2.565873334096926328e+01,2.670821332500196377e+01,2.498415303703552581e+01,2.505182342099402604e+01,2.483758232824732204e+01,2.555153278973790520e+01,2.557375348061401610e+01,2.617300376937146211e+01,2.546436654367676056e+01,2.532636943588659051e+01,2.386146375328746672e+01,2.446008695763026708e+01,2.524333373102257383e+01,2.405417758029471997e+01
2.547576981000690921e+01,2.543151355219652032e+01,2.477378122683916217e+01,2.508536080998652551e+01,2.423365057438923031e+01,2.380900099238476741e+01,2.432014685609124172e+01,2.671522789249888774e+01,2.761724221108238453e+01,2.768030011452771078e+01,2.800163494078594795e+01,2.629112223042039886e+01,2.511137182697348180e+01,2.516133430465635001e+01,2.481124723464336057e+01,2.623201849688007314e+01,2.497305746732087073e+01,2.558217021430107252e+01,2.594168816835860980e+01,2.494904160504893298e+01,2.449731799124833742e+01,2.441264564420595207e+01,2.487213621461671664e+01,2.389904024659591641e+01
2.387732027327564310e+01,2.432245001388707806e+01,2.441448807076466210e+01,2.441973248816253772e+01,2.314804849226226224e+01,2.381446075315551525e+01,2.356310726113429155e+01,2.574114111545742389e+01,2.892757663431734727e+01,2.902707642765130913e+01,2.911647778809714282e+01,2.905527827280923248e+01,2.461728164167470823e+01,2.328186939734547423e+01,2.382183553748325266e+01,2.392363260775317713e+01,2.476292821450505244e+01,2.571600564613498818e+01,2.507985236856171696e+01,2.484197951620956246e+01,2.386365061107267138e+01,2.392395950412338834e+01,2.324090079431994127e+01,2.467727057173817684e+01
2.531538395357591753e+01,2.429214712294879064e+01,2.437395161912087360e+01,2.426453574017824621e+01,2.431187950218486549e+01,2.384961465280349557e+01,2.432491486032125749e+01,2.447659151921459397e+01,3.031571441946272216e+01,3.002161201430084247e+01,3.013601591262545298e+01,2.905740015498048479e+01,2.467031390033196203e+01,2.374940252220483217e+01,2.436020480437048263e+01,2.388859195184767259e+01,2.506163642447785378e+01,2.472341932508339823e+01,2.560737617831620128e+01,2.498387931345376956e+01,2.474689256336955623e+01,2.385209549510432225e+01,2.429293040935738190e+01,2.401286121151150610e+01
2.487206062132935358e+01,2.483730974586632101e+01,2.581008593862259204e+01,2.440885585663926349e+01,2.379774787522671886e+01,2.431441463016466287e+01,2.673003838531127485e+01,2.818736429063369542e+01,3.052480015407832070e+01,3.007986026203474239e+01,2.803578099571745952e+01,2.794008045991466815e+01,2.573483860263456791e+01,2.494803727033990981e+01,2.434945915933036531e+01,2.408389599017863247e+01,2.397472979931035297e+01,2.521203969320094984e+01,2.468320451300877494e+01,2.502506745982083203e+01,2.402182487586719617e+01,2.535475475788405220e+01,2.490482023632324626e+01,2.445925478378762818e+01
2.500413562028057868e+01,2.561433968642137415e+01,2.536031694666257863e+01,2.455138708247966406e+01,2.534999347935092828e+01,2.747247561954640105e+01,3.050103544394158916e+01,3.040289980727573038e+01,2.875905460160879556e+01,2.746978281117287679e+01,2.592711570118149211e+01,2.688456483986232115e+01,2.593724557540861042e+01,2.547561081671000238e+01,2.518192433181013712e+01,2.425042005666671230e+01,2.537800536816342856e+01,2.562234045315437925e+01,2.492973831022254672e+01,2.518783429318415301e+01,2.429172825641154532e+01,2.525678006103379403e+01,2.441490831538720840e+01,2.550032979935525645e+01
2.403647683527304935e+01,2.508597046963444654e+01,2.438905577803893721e+01,2.456799400772149511e+01,2.686630217901245032e+01,2.911588685301944679e+01,2.994478793210566892e+01,3.020541818630317721e+01,2.756378531404737942e+01,2.634550124105760460e+01,2.537853456421282772e+01,2.717333294627735540e+01,2.532546328321882356e+01,2.628419673239955046e+01,2.601467273008245229e+01,2.594243756052458139e+01,2.540984269414428809e+01,2.569815738453399945e+01,2.504062669674641484e+01,2.548649459043690513e+01,2.420073948821959675e+01,2.339300289175514536e+01,2.393010081028654668e+01,2.459553658113657093e+01
2.442535519545873512e+01,2.458005147202987928e+01,2.494622195923432173e+01,2.525185992896888365e+01,2.725347010832888373e+01,2.822325738910257087e+01,3.104496186447221362e+01,3.038348400644213143e+01,2.750775522874238277e+01,2.770898813918455517e+01,2.609275131930081670e+01,2.582890503057592468e+01,2.574706842927787420e+01,2.697957304087191233e+01,2.579300473746087619e+01,2.581540063308796107e+01,2.463574588017536371e+01,2.585666873943966948e+01,2.461631523198087734e+01,2.497169115607636058e+01,2.478422677462526735e+01,2.354277218097377045e+01,2.481059931050970135e+01,2.397564115994271106e+01
2.469816229222067250e+01,2.495707360936762598e+01,2.500276890044870015e+01,2.379599096287057591e+01,2.797956471532808109e+01,2.787261984439635398e+01,3.074030353759241052e+01,3.043821187244930115e+01,2.730541850967546225e+01,2.736862169764953023e+01,2.774157450515735945e+01,2.694308107793386853e+01,2.611139103762900504e+01,2.720548862950136026e+01,2.696897398665066703e+01,2.654643017769950575e+01,2.704077790421683858e+01,2.660250320390451861e+01,2.408536000423777068e+01,2.471122646932388989e+01,2.468782081130228789e+01,2.459786529141581468e+01,2.407028399502780758e+01,2.381629395342946509e+01
2.545974957897635704e+01,2.375903473480610728e+01,2.612119222911206862e+01,2.589564795105826533e+01,2.736669760380397065e+01,2.894879353444775916e+01,3.043864181612963193e+01,3.098892581728540563e+01,2.793837415243342548e+01,2.781373811183476619e+01,2.725857887863725182e+01,2.766490292474753687e+01,2.684841907355894364e+01,2.628461107443763467e+01,2.681819629838622632e+01,2.670174478489281000e+01,2.704832885479009974e+01,2.726279903535146332e+01,2.682174431826365435e+01,2.549350760930218485e+01,2.445119350283601989e+01,2.471491743097277549e+01,2.456938088355661876e+01,2.449353809743706734e+01
2.457158535047005898e+01,2.524550776541508412e+01,2.504532382145265501e+01,2.601369608308482384e+01,2.721387046379851427e+01,3.024658707766167254e+01,3.038687448238948718e+01,2.848342628593195514e+01,2.743504067966023285e+01,2.909810619199294024e+01,2.803829737424916857e+01,2.863165547727840021e+01,2.813254780650152043e+01,2.772328791868551434e+01,2.692775818902356377e+01,2.682988725112772954e+01,2.640331384129228809e+01,2.582819978380189241e+01,2.659347056869211201e+01,2.464503084465223992e+01,2.482285565408869843e+01,2.416537196166228796e+01,2.449069954711973196e+01,2.402037246569756235e+01
2.637536925604547378e+01,2.586610802674726983e+01,2.559783155819127387e+01,2.613141199726942432e+01,2.903460119526488370e+01,2.892282081426947116e+01,3.009176368771852594e+01,2.794833701915632673e+01,2.846651048628956460e+01,2.853365743816789291e+01,2.895592855861906401e+01,2.862222101815410724e+01,2.837361523389466811e+01,2.842092059387016434e+01,2.742572956776746196e+01,2.691119066376882074e+01,2.617985042192981382e+01,2.601365135055391420e+01,2.656289659226462163e+01,2.455499180511060331e+01,2.433397555834079640e+01,2.450559732590255635e+01,2.518269324996867908e+01,2.330079000393556043e+01
2.579093970773999445e+01,2.508349554432209061e+01,2.518641570407544350e+01,2.702177421861716766e+01,2.682367827040053498e+01,2.946502193594113805e+01,2.892527547098404739e+01,2.824239003169475382e+01,2.936473273638830506e+01,2.997105292328672022e+01,3.072989301902890702e+01,2.987436759736323211e+01,2.950342788028854102e+01,2.882847917253985770e+01,2.829025994737156680e+01,2.653078941222321419e+01,2.656085698118550908e+01,2.621194126642188849e+01,2.554879584478430843e+01,2.524297386017661893e+01,2.523870615075861679e+01,2.525530636698914577e+01,2.353296252526939725e+01,2.556521502949988189e+01
2.533890366888573453e+01,2.651500785109067237e+01,2.616044034540044549e+01,2.632400772875251960e+01,2.741408186924462598e+01,2.771541421671918215e+01,2.682525381084104765e+01,2.787374809290389521e+01,2.887617417620634797e+01,2.799117715228095449e+01,2.966307770121710519e+01,2.848790294726137518e+01,2.986386356580925394e+01,2.867893760864023989e+01,2.877576858734732923e+01,2.756894956901965088e+01,2.558221668249353797e+01,2.547440716176885189e+01,2.629826547697882688e+01,2.619148975140279845e+01,2.450581107290929594e+01,2.456515551464826785e+01,2.493851112780799895e+01,2.419428161390737841e+01
2.435288844982017054e+01,2.489690531515037719e+01,2.454544690281250041e+01,2.433142922484830706e+01,2.468621405620376663e+01,2.569818591073277503e+01,2.611891735440349294e+01,2.666360942860336536e+01,2.600539665843496095e+01,2.611653768890755600e+01,2.612501404518712889e+01,2.702301200092699673e+01,2.662094356231540360e+01,2.726667910482962043e+01,2.621823264739509796e+01,2.554416071991727222e+01,2.562712907421661157e+01,2.413767753386770210e+01,2.340348560555077029e+01,2.444553934028255071e+01,2.428718412327606302e+01,2.433158892065631562e+01,2.254262153652558709e+01,2.361676133729577032e+01
2.366555706163381956e+01,2.287577110962371307e+01,2.583574165879247175e+01,2.419269130185756467e+01,2.506644430973182125e+01,2.545022362427420148e+01,2.717282106523657603e+01,2.485267826682246550e+01,2.540564761769297775e+01,2.650178223991065352e+01,2.785824577408527603e+01,2.671414814852272457e+01,2.696915157234792559e+01,2.700722706884994295e+01,2.633914630150911762e+01,2.439341468707078775e+01,2.408178605554979868e+01,2.448484048935642932e+01,2.408476682758907828e+01,2.407329163837903252e+01,2.525798821010062056e+01,2.393155155417508695e+01,2.271306133128103966e+01,2.341815663795125602e+01
2.452941592516287983e+01,2.450538163009781556e+01,2.419444068447268137e+01,2.390723753032989407e+01,2.633433636491292873e+01,2.767481301929285564e+01,2.622493437748153156e+01,2.617581910653240129e+01,2.664553631534835176e+01,2.675461494424632747e+01,2.640785926235855641e+01,2.567710944477539670e+01,2.690622522429248420e+01,2.637390265552545543e+01,2.639641175193548861e+01,2.518477736189009875e+01,2.631132782487611621e+01,2.511869861690581729e+01,2.469541058727872951e+01,2.518226643856564806e+01,2.505362656230971652e+01,2.413758966462086164e+01,2.437092876223891835e+01,2.422747847648224706e+01
2.506767153983827257e+01,2.392428665565870460e+01,2.489636570583286357e+01,2.616799117011618137e+01,2.777351333820632817e+01,2.924087885858892832e+01,2.711633449942610241e+01,2.678143981679676244e+01,2.774515102039731573e+01,2.743744116106523734e+01,2.675931093992335263e+01,2.681571908205177124e+01,2.773704706296558697e+01,2.782496657848059840e+01,2.700979327747518255e+01,2.586444799069818146e+01,2.635726432104473815e+01,2.583334030691474936e+01,2.638134767317382057e+01,2.552526593267060662e+01,2.376879872690432194e+01,2.502803728374954062e+01,2.434435447437726907e+01,2.494529780668580088e+01
