3.021906349642245004e+01,2.904573623415791417e+01,3.089693916712695909e+01,2.950523365577379309e+01,2.927241889266440467e+01,2.915366384692032398e+01,2.899930458760468355e+01,2.969510846568283569e+01,3.046954291853467112e+01,3.072670754558726003e+01,2.990906773619519754e+01,2.947337846175355480e+01,2.993433933622895893e+01,2.912288393981663148e+01,3.004172940686709126e+01,2.955627926264315875e+01,3.033596351714203365e+01,2.945240027361876400e+01,3.010547340058911914e+01,3.051222423620873769e+01,3.071449055093876268e+01,2.958002701753571273e+01,3.141815315408712195e+01,3.073041042131961831e+01
2.915746343888173442e+01,2.908428354529678472e+01,2.909325398566147669e+01,2.944226268597554963e+01,2.971065848178915303e+01,3.048924824783733811e+01,2.810293644764891496e+01,2.956021949803493953e+01,2.988085004310983095e+01,2.998518472990599548e+01,2.953789945345090473e+01,2.987896759682627135e+01,2.894011683271475022e+01,2.972819212327300420e+01,2.988527529558359674e+01,3.038238131844337886e+01,2.974627281916747279e+01,2.977928272915340813e+01,2.902511363517521659e+01,3.014450192494666680e+01,2.954442739613057256e+01,3.058697834062826360e+01,2.970220278898511879e+01,3.040683653830785715e+01
2.980047520895095658e+01,2.929442847443550590e+01,3.001950104792575758e+01,2.928311996865335232e+01,3.031705096620959239e+01,3.007314644387776070e+01,3.045780692054552219e+01,2.858513782553825422e+01,2.938954967292914944e+01,2.959999141709312198e+01,2.991869709164558344e+01,2.965986774969780981e+01,2.857684551564318554e+01,3.014183560706271692e+01,2.907193056062300229e+01,3.040362419455010468e+01,2.943756489117174624e+01,2.933573434881321873e+01,3.002771987573368051e+01,2.947482859310537151e+01,2.945567684167866673e+01,3.093110451933063132e+01,2.903110356221242228e+01,3.000440422875402646e+01
2.980615427068062218e+01,2.953568041925359466e+01,2.868026787782775955e+01,2.871744333321993281e+01,2.842217898041695889e+01,2.880831857085411229e+01,2.970602150523671980e+01,2.990737586607087906e+01,2.839737584842293927e+01,2.877779212706559520e+01,3.129986864117535106e+01,2.916923013780422025e+01,2.948597174053287517e+01,2.959688470320367060e+01,2.957053780013086453e+01,2.944283539642964342e+01,3.032123219872704567e+01,3.007073700974751773e+01,2.950565062976488662e+01,3.005347250229846168e+01,2.925919239158918117e+01,2.958534842406947973e+01,3.018011406800468421e+01,2.952659535226149501e+01
2.933905160770444809e+01,2.925661830020396792e+01,2.928731085102214138e+01,2.921035218893121055e+01,2.945873815524242900e+01,2.913668939632714228e+01,2.969061524333693569e+01,2.875508153900744901e+01,2.854204697933897705e+01,2.918819521883710877e+01,3.010105315927933134e+01,2.938626845347818062e+01,2.984485300435653699e+01,2.858083114301257410e+01,2.897679115056530463e+01,2.850882160241371821e+01,2.997308833258182403e+01,3.019356488402365812e+01,2.962459971355269772e+01,2.923451895347972140e+01,2.952989195630601671e+01,3.035467398080504609e+01,3.004229589781760978e+01,3.057965274533006550e+01
3.003848998226430922e+01,2.945133588802502800e+01,2.925487480539993612e+01,3.001959400154845525e+01,2.958379602974633826e+01,3.025839974018072098e+01,3.074306536643456411e+01,2.992600348178234526e+01,2.969574044647788469e+01,2.943470654905161155e+01,2.927426575355332261e+01,2.875282585238056754e+01,2.944042298450500539e+01,2.990602094299839564e+01,2.948902836762403012e+01,3.025060810781229748e+01,2.958867392809793273e+01,3.041559838614017508e+01,2.943004235478616692e+01,2.971480681755821251e+01,2.907608412159106592e+01,3.021392375870209435e+01,2.948490199445097915e+01,3.070506882970022389e+01
2.922507639156486903e+01,2.923610171281927705e+01,2.874111260634197151e+01,2.878439621551740402e+01,2.958622062109611761e+01,2.880208656050115223e+01,2.830635561721925342e+01,2.894399195741891617e+01,2.956358823224081789e+01,3.007749794358375084e+01,2.956501004986995440e+01,2.985851445548257743e+01,2.906239326144338975e+01,2.974730399282987037e+01,3.007287056268449987e+01,2.851751375308043635e+01,2.952725931210943600e+01,2.980602987267707249e+01,3.019238241967906333e+01,3.024067090089948806e+01,2.905146261089470272e+01,3.073469529095541475e+01,3.014727072155591259e+01,2.916442835137729617e+01
2.932377760207907613e+01,2.995321078368073131e+01,2.886853280997286220e+01,2.863820568439956560e+01,2.922384508690942084e+01,2.951656728452303469e+01,2.938031437127642675e+01,2.880525552619741347e+01,3.003067554913337744e+01,2.980126786408038697e+01,2.972737662627258715e+01,3.014739632588418772e+01,2.966843914274863891e+01,3.013626670736124424e+01,2.955944378504136694e+01,2.892443202743532993e+01,2.967941921563249252e+01,2.990528932414986230e+01,3.045753089127515523e+01,2.980903560789340645e+01,2.913707688893350678e+01,2.964745594833169662e+01,3.105641598494003119e+01,3.026827817793912345e+01
2.942146931334167448e+01,2.996003258050359364e+01,3.018630724385440089e+01,2.980064446412904999e+01,2.944409721415354397e+01,3.006800110288304495e+01,2.985770149686197783e+01,2.918493495505305191e+01,3.045851712344432372e+01,2.891052441222933567e+01,2.945269143424741287e+01,2.931574629527318621e+01,2.889356197678125682e+01,2.976390658900362496e+01,2.965443418447068780e+01,2.914946426753516562e+01,3.003861758687321526e+01,2.936245365954630415e+01,2.976510993377110026e+01,3.049278210429565661e+01,2.985403662073053965e+01,3.004900220629252772e+01,3.034927173499784203e+01,2.985630645182556009e+01
2.891582650903148988e+01,2.970436483414664508e+01,2.964499760649465543e+01,2.981057373558809331e+01,2.965043064968818953e+01,2.953210152663262988e+01,2.991798024762226760e+01,2.962812088791741871e+01,2.969662360538478652e+01,2.997937322784628122e+01,3.034135546016005947e+01,2.984350494750572125e+01,2.972226929352592606e+01,2.906413693182122415e+01,2.899676259287167568e+01,3.025892980935986998e+01,2.895250544537765336e+01,2.886372707748557787e+01,3.070049809940041996e+01,3.053976275398531470e+01,2.997398089898752005e+01,2.996189273403422249e+01,3.001058662732071980e+01,2.929231233687909253e+01
2.905869155125878933e+01,2.967502124957559317e+01,2.912631666448305623e+01,2.921225523974015914e+01,2.955135048740828552e+01,2.983695154976845743e+01,2.867592358811515396e+01,2.888828854897457177e+01,2.958415046909379953e+01,2.869548837613558590e+01,2.873449191472280972e+01,2.935155947376125596e+01,2.863917848739026795e+01,3.042585700845637575e+01,2.989468672504688129e+01,2.948597335861586544e+01,2.992785010841055282e+01,2.981924107039037608e+01,2.919903359218710648e+01,3.029995942999374847e+01,3.030868160124902033e+01,3.021475144345657782e+01,2.930832750096197969e+01,3.025332364619549708e+01
2.857813372996707812e+01,2.880479800067223550e+01,2.900742110168840782e+01,2.987068853403422963e+01,2.909747493380365313e+01,2.981341344091492829e+01,2.938280303839763974e+01,2.952603418874144836e+01,2.965453323004965114e+01,2.928281164056824082e+01,2.965430438000072400e+01,2.928251112691617664e+01,2.910586883295013649e+01,2.906890392959758174e+01,2.857492139984577761e+01,2.965696978950074936e+01,2.924750286522180431e+01,2.978511197626858120e+01,2.917222225745558717e+01,2.978751237235485405e+01,2.913964164069636809e+01,2.889643326946276147e+01,2.962395806881318094e+01,3.020012004148827600e+01
2.874645610090368564e+01,2.925790462983923135e+01,2.970576920197123627e+01,2.941268405715669587e+01,3.122419604507547319e+01,2.975531484126844362e+01,2.967036752317636683e+01,2.994116733652589346e+01,3.013411520674827671e+01,3.000579812196468765e+01,2.987780413827698567e+01,2.925175015947519341e+01,2.970165297817214878e+01,2.919381420805814287e+01,3.060442711760128986e+01,3.093534562583147363e+01,3.104348841615677657e+01,3.037374269284441652e+01,2.935970567530773678e+01,2.971774889593910984e+01,3.032684051733599517e+01,3.013524639095999191e+01,3.069677125797846884e+01,3.008062334340081634e+01
2.932998573904745854e+01,2.982037330834498334e+01,2.990063353796819001e+01,3.013422554155533817e+01,2.906617550813155049e+01,2.981742454371072881e+01,2.945815917808835138e+01,3.061704365142577444e+01,2.876221187605318619e+01,2.948700842815355827e+01,2.892560835001813757e+01,2.916718589512748849e+01,2.891586450464353675e+01,3.030441048434374807e+01,2.995996622740909743e+01,3.070580487853521845e+01,3.006261907875671113e+01,3.022623903761899555e+01,3.004395309278385184e+01,3.088542510121749274e+01,3.062382601190330433e+01,3.044516117206507033e+01,2.953490463275102229e+01,3.082501724863652726e+01
2.880275104400408281e+01,2.998204207177690250e+01,2.909193127207072394e+01,3.003745962467348818e+01,2.920333749451464200e+01,2.936807647626295648e+01,2.887972863474811902e+01,2.941426156525204760e+01,2.950137651555201046e+01,2.882605977544483267e+01,2.952653199855944877e+01,2.993765084717222180e+01,2.886221249831925206e+01,2.979405334152414753e+01,2.971925441471603335e+01,3.028606387267910804e+01,3.026653719357534555e+01,3.025369202963958060e+01,3.099687255740150249e+01,3.005469803249729921e+01,3.070053056357266996e+01,3.028652210834735570e+01,3.009268701173590443e+01,3.047422975427798519e+01
2.865805443383749207e+01,3.018149074982488855e+01,2.903320879967668589e+01,2.969648861506306048e+01,2.962435362737767264e+01,2.918984259391538671e+01,3.039508608086958930e+01,2.901289010039351979e+01,2.963719765722368038e+01,2.921476457269255889e+01,2.939874849394880130e+01,2.985848279541710326e+01,2.969707806453203602e+01,3.021964914091972787e+01,2.957173409357835681e+01,3.081731553949117597e+01,3.018854837683193182e+01,3.047173004743081037e+01,3.049576953322326744e+01,2.917739121366264499e+01,3.078475898109235231e+01,3.004322051447383046e+01,3.029132136777167261e+01,3.012422687698045820e+01
3.002853498354386375e+01,2.899960958659210064e+01,3.014827700862576876e+01,2.984507687933654552e+01,2.855688919457344355e+01,2.958585420799721533e+01,2.964305942435180441e+01,2.911030736706709376e+01,2.960386987435475703e+01,2.897494832597067216e+01,2.949930355366529966e+01,2.954017692100882186e+01,2.950675927789978914e+01,2.892915639556952101e+01,3.003551460047100363e+01,2.971813827255493834e+01,3.015483413293168269e+01,3.000065426017016534e+01,3.061972536347963114e+01,2.980319698363774705e+01,3.101228481960595218e+01,2.907801827103702408e+01,3.061185627476481841e+01,2.983341957182506121e+01
2.935572547270999166e+01,2.984416735722368230e+01,2.865195140960872777e+01,2.999610719292894601e+01,3.007085521790554594e+01,2.923108482858907564e+01,2.903846300788899271e+01,3.020529210384671615e+01,2.962359847801104706e+01,2.967882759174636931e+01,2.945102040539416066e+01,2.869183286831787427e+01,2.991257704467534495e+01,3.046467260017402623e+01,2.931152699495947900e+01,3.028487702396921577e+01,2.965932211655933770e+01,2.979818035600061421e+01,2.982672011584378424e+01,3.005493181188347762e+01,3.001336437909219512e+01,3.050237938396207937e+01,3.024896128254221139e+01,3.018126286390457835e+01
2.902720088436518608e+01,2.864794412186529371e+01,2.981859372230985628e+01,2.922359585466142562e+01,2.863116955658398410e+01,2.901463122274884654e+01,2.912941350240703287e+01,3.013284636505937897e+01,2.944447630843620800e+01,2.889809945748538667e+01,2.930944797419772385e+01,2.893970116632772260e+01,3.043656098793036335e+01,2.871465986446742136e+01,3.023381206731619386e+01,3.017288393312242079e+01,3.055518514143449238e+01,2.909516122172141195e+01,3.043329627554061290e+01,3.027190042634322253e+01,3.082538090854711754e+01,2.922753471730362662e+01,3.032342614127776415e+01,2.887675609453640391e+01
3.036712372260814163e+01,2.941649880316748522e+01,2.888899593126024001e+01,2.901901067333898254e+01,2.890310358505593058e+01,3.031941307052807133e+01,3.037302324895557604e+01,3.033376299613871652e+01,2.958072350456325239e+01,2.947337351653675341e+01,2.957356618929696879e+01,2.969239879478971034e+01,3.015013113840097958e+01,2.935057339746936123e+01,2.975827696571190017e+01,3.051842144699656956e+01,2.959733390380165474e+01,3.019148645482260918e+01,2.965940972775541695e+01,2.907664297376288687e+01,2.920651388571911866e+01,2.965241389142619255e+01,3.003147267975913337e+01,3.059274871056163647e+01
2.941460643636156647e+01,2.934021156912700690e+01,3.068439136709775994e+01,2.889617681254435411e+01,2.969156097544271233e+01,2.850509672653339521e+01,2.970762568830059536e+01,2.904018629003621754e+01,2.919858512920234261e+01,2.891660437634260461e+01,2.957479594570958170e+01,2.956909987999108580e+01,3.133842049174006661e+01,2.923497286207452817e+01,2.971925441471603335e+01,2.955497159910720484e+01,3.012073216670432885e+01,2.981723880011742267e+01,3.025210888548463117e+01,2.992874155044910367e+01,3.137231710658483053e+01,2.996247426936002967e+01,3.045630827635687865e+01,2.974162922922744201e+01
2.802722917423358240e+01,2.935023711477731467e+01,2.996692680830415156e+01,2.949510466978796330e+01,2.957175041336773802e+01,2.914392442927851334e+01,2.971661562285646596e+01,3.077367635846957228e+01,3.031620630964903285e+01,3.083768005046647431e+01,2.912186784415234797e+01,2.920055334312473860e+01,3.030934496655231669e+01,3.132612667573903309e+01,2.952545220877698284e+01,3.019017435884762790e+01,2.957223514182459212e+01,3.040752307319922920e+01,3.005567741418326477e+01,3.054748044833473841e+01,3.022563588596523232e+01,3.004992715241036194e+01,3.079485022847688924e+01,3.075555734723417345e+01
2.900361837475770699e+01,2.913459825383256430e+01,2.975784998274497184e+01,2.959412278606589553e+01,2.887805351558102984e+01,2.921121866082546603e+01,2.906981623434313633e+01,2.992440310645230284e+01,2.928371146703591421e+01,2.974833465895517293e+01,3.046865837243882424e+01,3.245103305618397371e+01,3.228495079543705515e+01,3.237725080740244721e+01,3.042827875095326817e+01,3.092634285850562037e+01,3.046598055660649607e+01,2.975079607459520048e+01,2.966644315244792551e+01,3.051979119988624234e+01,3.079511473130537524e+01,3.025053852177586577e+01,2.911595152273378062e+01,2.915266156833729383e+01
2.895317567454321761e+01,2.916461317379321372e+01,2.970813571586774060e+01,3.029002058998764824e+01,2.896772149524610995e+01,2.895112937726196378e+01,2.915246058159340237e+01,3.030352473821062631e+01,2.982313035896754627e+01,3.056807019771963496e+01,3.157669644894895100e+01,3.297603787184687008e+01,3.356743792763558076e+01,3.268497846749266955e+01,3.184040230570911945e+01,3.053073153854734301e+01,2.980033258504516880e+01,3.052884990724498948e+01,2.990791295236869018e+01,3.003878539222540667e+01,2.915573052207878391e+01,2.980608944590562714e+01,3.056564460457053656e+01,3.091804816743859874e+01
2.888178964233463830e+01,2.859985790060659383e+01,3.041583282047520242e+01,2.965381821070656088e+01,3.013165978892544672e+01,2.980409577387962372e+01,3.082734497718109878e+01,3.150443817127865032e+01,3.326192748741743799e+01,3.251040916640579326e+01,3.091462387111965882e+01,3.069499323770071442e+01,3.343086043659400275e+01,3.327214592482039279e+01,3.158457249623580765e+01,3.153896449852186379e+01,3.210244073630667572e+01,3.128188783801039108e+01,3.107077876615147716e+01,2.975355467837073320e+01,3.113711652992350309e+01,3.005733271687438446e+01,3.046437344810499326e+01,3.070545383566252440e+01
3.002407810903144991e+01,3.076801323003434163e+01,2.959923296609690624e+01,3.010919272158133708e+01,3.006512145062612262e+01,2.980953152468663347e+01,3.022276919059794409e+01,3.165646661773678261e+01,3.306338191173949781e+01,3.242653415182627441e+01,3.099455650340820512e+01,3.098937265556253351e+01,3.212242923460843258e+01,3.302962475909038176e+01,3.295735286863106239e+01,3.242485653928156353e+01,3.192386023793795857e+01,3.259489285472460551e+01,3.070877032368395021e+01,2.997360599025745387e+01,2.960820852915259138e+01,3.085644363634492038e+01,2.982749452141092661e+01,3.051641917018298500e+01
3.022496073082055545e+01,2.957827231865570639e+01,2.969522796673612675e+01,3.009876797859743647e+01,2.937280747964177863e+01,2.954552520639362001e+01,3.212095407034951222e+01,3.205571837088064058e+01,3.460292398428924798e+01,3.450424091513986014e+01,3.330803974499991682e+01,3.231393195338029045e+01,3.210880284088221970e+01,3.200580867749096114e+01,3.253658892531831270e+01,3.192276607997200699e+01,3.279217897791761516e+01,3.284624779360910907e+01,3.147411126259584080e+01,3.181531630197491722e+01,3.045038650753963339e+01,2.992631327647626449e+01,3.037937872980802467e+01,3.149006627439115391e+01
2.953035807119209721e+01,3.050315215077813491e+01,2.936709581022091697e+01,3.062244071599332074e+01,2.936697218858085989e+01,3.069277490364896721e+01,3.236987005255480199e+01,3.261827771805354814e+01,3.399382775790684263e+01,3.311089214539242676e+01,3.405137493052262698e+01,3.434532896849043482e+01,3.336264799371355139e+01,3.239666916787894024e+01,3.283009207397390128e+01,3.238602423962612420e+01,3.226361583006803357e+01,3.272722306908099199e+01,3.072485682920944328e+01,3.159959225848638198e+01,3.151215713533457574e+01,3.082082069433863580e+01,3.118959961296724259e+01,3.116093495636135913e+01
3.115197469805866604e+01,2.891619995104809959e+01,3.057609562417155757e+01,3.064415424019676948e+01,3.025830557119985542e+01,3.047225058902739647e+01,3.364635467865036844e+01,3.417816080213322039e+01,3.476403699092804800e+01,3.414384840037251934e+01,3.496262885470838455e+01,3.405270359024456184e+01,3.397947376007499543e+01,3.227742100717040330e+01,3.324877694526600180e+01,3.173036547556313280e+01,3.195085092862927922e+01,3.244043327781304242e+01,3.158528775996740023e+01,3.225619366800782473e+01,3.193887709745985148e+01,3.165357028405912843e+01,3.266026654708196020e+01,3.108376430617437336e+01
2.963281426982774747e+01,2.974535965809155869e+01,2.986263888802022848e+01,3.004065092556948002e+01,3.109973124837551950e+01,3.144813449305462427e+01,3.092002814073140371e+01,3.338085217993665310e+01,3.365810106309965022e+01,3.391363970731390509e+01,3.433000522687223111e+01,3.337112063383040095e+01,3.290471839738677318e+01,3.271842889281487032e+01,3.192642358945823844e+01,3.246595494977265162e+01,3.243577855352418737e+01,3.202162415309339849e+01,3.054730058218115119e+01,3.208136622703341345e+01,3.090294161335515355e+01,3.062366851756769393e+01,3.146191848723913154e+01,3.212349753738254776e+01
3.040954465118966255e+01,2.936781540430678206e+01,3.077562584952363522e+01,2.906836890235172177e+01,2.981663625425557029e+01,2.989261558319020651e+01,3.175588194472237547e+01,3.240370078845148782e+01,3.301865769234069603e+01,3.376365111404118124e+01,3.373261383656227963e+01,3.289428474430212646e+01,3.363079091782054775e+01,3.216328082400758603e+01,3.195403456786294782e+01,3.225289428540691006e+01,3.270499518943955763e+01,3.241606639685642222e+01,3.201395255214771396e+01,3.294723750138905416e+01,3.156874974229145892e+01,3.096600306876109698e+01,3.233207638154379993e+01,3.278395566603802536e+01
3.021986670675261166e+01,2.934366375089035728e+01,3.052266331270516275e+01,3.009784365513854709e+01,2.943225979978456053e+01,3.050610070767260140e+01,3.138895513568206752e+01,3.319232028416462299e+01,3.350815195768086596e+01,3.301576372691692995e+01,3.479405884910300983e+01,3.379816604983204797e+01,3.268589964029735029e+01,3.339272385647581132e+01,3.258787782599387128e+01,3.231712187010140269e+01,3.174840695976706684e+01,3.271648579068738627e+01,3.203232113748879328e+01,3.269997822610412186e+01,3.105159602379035277e+01,3.185003060167809963e+01,3.198174144370216254e+01,3.304655616762397585e+01
