2.418487102590540871e+01,2.453288372526520789e+01,2.319338463930881744e+01,2.479519208528063245e+01,2.307962023924221739e+01,2.410201345364640702e+01,2.445015305018961271e+01,2.485309286965843967e+01,2.448748251057008929e+01,2.511558223044073657e+01,2.318201052830164599e+01,2.427374320072846103e+01,2.437605109656055902e+01,2.389294672043905621e+01,2.398268092909484039e+01,2.500944371568306224e+01,2.337960568954861174e+01,2.424500794514187874e+01,2.475049420265992239e+01,2.440294261053907121e+01,2.378065241909462202e+01,2.610131565314264890e+01,2.545475603696189637e+01,2.640160694856723467e+01
2.497674244758013629e+01,2.324578373255798169e+01,2.393924735204848275e+01,2.329294235937146595e+01,2.400871551434624962e+01,2.410400505500581403e+01,2.371061921159633812e+01,2.241908440724733964e+01,2.476292280618520181e+01,2.350674187380661806e+01,2.259843691703133572e+01,2.293895685863975586e+01,2.325460661726589251e+01,2.282464366694324553e+01,2.380394975595555707e+01,2.279270293598875696e+01,2.434005355917247471e+01,2.416484972911268869e+01,2.562349998909314763e+01,2.386977406348040631e+01,2.443528238828275789e+01,2.381117341324880954e+01,2.490093719400795180e+01,2.554817708692979750e+01
2.209592085600456812e+01,2.316556758855415410e+01,2.313394801825864988e+01,2.530774857404583145e+01,2.203130074185469311e+01,2.525205573219534472e+01,2.314822289489370633e+01,2.513153777219656604e+01,2.314428750560784920e+01,2.396191904961068531e+01,2.278908124669754898e+01,2.377590720575193473e+01,2.287868060933908509e+01,2.322059734540596310e+01,2.190486752817918159e+01,2.244474291759047446e+01,2.292286109957115059e+01,2.409063633967173246e+01,2.266214302433036210e+01,2.337974556047998931e+01,2.271778791862953994e+01,2.485000993302776351e+01,2.370658127122169390e+01,2.508289864661799129e+01
2.444657325643032664e+01,2.134900527945507065e+01,2.488958671505508846e+01,2.412105921579848200e+01,2.380361907401373855e+01,2.279734242501649533e+01,2.369455768221263270e+01,2.363499538666189892e+01,2.401811480322362513e+01,2.308255740179708937e+01,2.380475669725507259e+01,2.325284994312704612e+01,2.295284755017337375e+01,2.346372694074545961e+01,2.304306451587586935e+01,2.207224226848330773e+01,2.402738497334695467e+01,2.329652889831777429e+01,2.404913162479016364e+01,2.348470737708083789e+01,2.339502703975813347e+01,2.322095051191007542e+01,2.575061127230253533e+01,2.453583041854363955e+01
2.364428527983716322e+01,2.463670497261779246e+01,2.373913639068962311e+01,2.509602701315560580e+01,2.407587344449154898e+01,2.449984566556923937e+01,2.358151502875597316e+01,2.436346244699632280e+01,2.437447286636427179e+01,2.416228652632673857e+01,2.477102429756968149e+01,2.472853988987361618e+01,2.351642318609748372e+01,2.444878892149654348e+01,2.379564347868910090e+01,2.300586007826268542e+01,2.227001399772058221e+01,2.359183308162027970e+01,2.268742283512648328e+01,2.380353228762032813e+01,2.236731916343944704e+01,2.353806543242063753e+01,2.135018584658081409e+01,2.373593853793306607e+01
2.430081333994257875e+01,2.324900806239060103e+01,2.520002392648757450e+01,2.423011233063277814e+01,2.495480746534701666e+01,2.442076092774038898e+01,2.528491706803237093e+01,2.482096950940274382e+01,2.494245495346575581e+01,2.465129463136975119e+01,2.367777737186526110e+01,2.335378088534469043e+01,2.517468414823116518e+01,2.355397868072958545e+01,2.481861004078916721e+01,2.352784005711572490e+01,2.455906721876880283e+01,2.306932805288749933e+01,2.403720552947521583e+01,2.370946089000540269e+01,2.309326528895348929e+01,2.286157137271919737e+01,2.378880152186451369e+01,2.304050274178962354e+01
2.441254772622522751e+01,2.528682363206576156e+01,2.335346676210764372e+01,2.506311836269384230e+01,2.353105484978010509e+01,2.574549333652782934e+01,2.395002756548825573e+01,2.529277181672978259e+01,2.475232666649924340e+01,2.506121681447848459e+01,2.396581078267723797e+01,2.517473858833119493e+01,2.455954768853735004e+01,2.449417377249517358e+01,2.464615532336222259e+01,2.525345695006285496e+01,2.317044571299510380e+01,2.476330970290911182e+01,2.404888806172886007e+01,2.447219958817817087e+01,2.347373290049932848e+01,2.514163430829182744e+01,2.404743423385190226e+01,2.503481778329660301e+01
2.555794517793435716e+01,2.306831799615605405e+01,2.517782648585898642e+01,2.446790396793272748e+01,2.516606319494667332e+01,2.436795520804366788e+01,2.539582483017517234e+01,2.398151142502251787e+01,2.559188661070362514e+01,2.438266923546927956e+01,2.538329149682408570e+01,2.397707700766517291e+01,2.571948545307208178e+01,2.396543164377612811e+01,2.521011031956851411e+01,2.436462392775536046e+01,2.553323443717579266e+01,2.465174645013564714e+01,2.524840317509642773e+01,2.359182605566496704e+01,2.567170425472255602e+01,2.420713233091686334e+01,2.456384232294169578e+01,2.550141054307863442e+01
2.317683276594044628e+01,2.344432570273721694e+01,2.331981905153082835e+01,2.460431046542242939e+01,2.465922490170891024e+01,2.520560224253034676e+01,2.484053417657503360e+01,2.536300588268699130e+01,2.449547015162261232e+01,2.518021152979184762e+01,2.414971201266234857e+01,2.568619075530250484e+01,2.460588513118142373e+01,2.575743557756055679e+01,2.505527185215044028e+01,2.481678124788157902e+01,2.473433552306602223e+01,2.606786704939304400e+01,2.553964613296653852e+01,2.530693617725000877e+01,2.571359028164084748e+01,2.509115682162860139e+01,2.383161591748768160e+01,2.633678154478599254e+01
2.519344510399724868e+01,2.344633192601776273e+01,2.376497415018639003e+01,2.490632849221560718e+01,2.481741494962631123e+01,2.339521034335666627e+01,2.484562234266559244e+01,2.347189388279468858e+01,2.495100876028061521e+01,2.468375593833803805e+01,2.540079468354031178e+01,2.456078040913826044e+01,2.419946837088832581e+01,2.492441416262317944e+01,2.537037305445443280e+01,2.422331684188850431e+01,2.482183975094284278e+01,2.419151335833686289e+01,2.449993564706483085e+01,2.417184628264539015e+01,2.559928732324289058e+01,2.469473073737441382e+01,2.592639416026662502e+01,2.444578262397874369e+01
2.299694292114247673e+01,2.362108835090651837e+01,2.402796781724077846e+01,2.521472676723942641e+01,2.417261755542472201e+01,2.540909917412625418e+01,2.374411179743498224e+01,2.513564338468057713e+01,2.430919344342083832e+01,2.494743438289373216e+01,2.444096748968945576e+01,2.487398799843589359e+01,2.415052693171304554e+01,2.405806882294473326e+01,2.351428664946695335e+01,2.429049149501003058e+01,2.408239213802261247e+01,2.518910188990599863e+01,2.475133869687715560e+01,2.551354318104347385e+01,2.487388285927272591e+01,2.639868116760771954e+01,2.446129990558785039e+01,2.573594313426121971e+01
2.269324692619477446e+01,2.208572780178849371e+01,2.371639243285375187e+01,2.373288484714788638e+01,2.427303601894607255e+01,2.420764901336309549e+01,2.450071943037772826e+01,2.423958060524074654e+01,2.489382128637680580e+01,2.429248421838440208e+01,2.468019513323162073e+01,2.373917963677007492e+01,2.494758645049995494e+01,2.452395357212117233e+01,2.457439767078346904e+01,2.411536974521419552e+01,2.525714496490530792e+01,2.338044331866495895e+01,2.561228897878510224e+01,2.584309818396911851e+01,2.470579046676544976e+01,2.459016124783278201e+01,2.623866378558687984e+01,2.507429041403537440e+01
2.343730979970888484e+01,2.387067543436307915e+01,2.282506371980707627e+01,2.416237847400299188e+01,2.311398177911246421e+01,2.461185423656206694e+01,2.508138766754535709e+01,2.507407201416572207e+01,2.429717760425853612e+01,2.478211966406121292e+01,2.385123140875441550e+01,2.501741386175808657e+01,2.380242711847068904e+01,2.390576350912920134e+01,2.473908705353500181e+01,2.450945709628894065e+01,2.415962527829907458e+01,2.511168870902849903e+01,2.590270417632513045e+01,2.463973581438568772e+01,2.503689159236279238e+01,2.494268043086952957e+01,2.453658908001972350e+01,2.597504349436843540e+01
2.441091043118910875e+01,2.333311711955349210e+01,2.430777445951383697e+01,2.307658910915938577e+01,2.304868090003111547e+01,2.439112969837134415e+01,2.450410762911360507e+01,2.355701062998662110e+01,2.372629244762794087e+01,2.413920667587063917e+01,2.423841577879437637e+01,2.447074275181512348e+01,2.465260147620057296e+01,2.373815094782764845e+01,2.457315624391452502e+01,2.432250384073500982e+01,2.500772458469060666e+01,2.434572979654694791e+01,2.533163198508606229e+01,2.433753478748343468e+01,2.511610977380547638e+01,2.460023763397543917e+01,2.566834432099858532e+01,2.426872878324655858e+01
2.331549167978374726e+01,2.469965609506107285e+01,2.356490018686650956e+01,2.449054718401794162e+01,2.283286908921002123e+01,2.533603371974936636e+01,2.305313321897597234e+01,2.444036933790192734e+01,2.383373065892470777e+01,2.481279941552628543e+01,2.278724162885328042e+01,2.456179261958658344e+01,2.347237584911300701e+01,2.491514847032203761e+01,2.366663037945750148e+01,2.474594159790660797e+01,2.320376549242257624e+01,2.503079266532790825e+01,2.378127832491964000e+01,2.454399779709643781e+01,2.342101523127314522e+01,2.565763055653019364e+01,2.317203544467025722e+01,2.497874011582496223e+01
2.376449349299531377e+01,2.270974617312987220e+01,2.422228288212437519e+01,2.299941051870655429e+01,2.455235879294866663e+01,2.228496192712970014e+01,2.388413684360767775e+01,2.417637693148782319e+01,2.478201021311338081e+01,2.365596148966221790e+01,2.487230319338794970e+01,2.277501913436157110e+01,2.479145669981465971e+01,2.399048841400832544e+01,2.515246108248828705e+01,2.356520330204523361e+01,2.416741898052129045e+01,2.374157122956648891e+01,2.479844546131289462e+01,2.396029575312223869e+01,2.442146333485050036e+01,2.449317774474764065e+01,2.503658164113591056e+01,2.442249045228260229e+01
2.293014207418349315e+01,2.434017541365778925e+01,2.477818717169407137e+01,2.420267940011109431e+01,2.341618316144126766e+01,2.442304448881810686e+01,2.344078693253391066e+01,2.337865672070489609e+01,2.442039215162969867e+01,2.387461800527199784e+01,2.396284861663923493e+01,2.376516790354560271e+01,2.344016543866820257e+01,2.377127440848096285e+01,2.347927399227711476e+01,2.474444761088551559e+01,2.306879086411385060e+01,2.489081520716950990e+01,2.425844316280188195e+01,2.402605002264948553e+01,2.428709675697996317e+01,2.506479901151419654e+01,2.480409176124106807e+01,2.497594811864411213e+01
2.340442103430837051e+01,2.354181006813121257e+01,2.381468335779777590e+01,2.311959430635562285e+01,2.388937544149172254e+01,2.395028164307035468e+01,2.334741339219027623e+01,2.313276867087353139e+01,2.352960746649461043e+01,2.326731287362707690e+01,2.472755873347102806e+01,2.343660317906022783e+01,2.433875071265646284e+01,2.323858912918637998e+01,2.302221816259958587e+01,2.321454350347471518e+01,2.355937272525198978e+01,2.372631693564551369e+01,2.377164707023848678e+01,2.313125929451047114e+01,2.377055748811682179e+01,2.412000692270601121e+01,2.532796907546378407e+01,2.378278202703444322e+01
2.374365205408616930e+01,2.451850784142089879e+01,2.294180257794960198e+01,2.404739135851650644e+01,2.429119323916307849e+01,2.426032651251216521e+01,2.274206083352999030e+01,2.394324602341851005e+01,2.376303727060167148e+01,2.508600760849742528e+01,2.291919988927128315e+01,2.477322229926147656e+01,2.288072420716321176e+01,2.379902101976108497e+01,2.266284722275605645e+01,2.411786687533066242e+01,2.385015919405083196e+01,2.407425952405094449e+01,2.333832295655321332e+01,2.510413513080612802e+01,2.322482544063984733e+01,2.529737525885070681e+01,2.412304094449808645e+01,2.555061965272608404e+01
2.369590020888631443e+01,2.247201124039276010e+01,2.404400334148982665e+01,2.225812181440596760e+01,2.348011450487581442e+01,2.305163978179092510e+01,2.279234336640911351e+01,2.361348530414772995e+01,2.439215588279307667e+01,2.341283851239967362e+01,2.444079984277141193e+01,2.329841363806065146e+01,2.393284673307857702e+01,2.379729338988283871e+01,2.436978429174945404e+01,2.409470013290058432e+01,2.423205526996474646e+01,2.341405103625345419e+01,2.396200915748596572e+01,2.455023946536664425e+01,2.475621472574641757e+01,2.320030144112877224e+01,2.441293873994607111e+01,2.435670491340488297e+01
2.310263804112742037e+01,2.295310927913175192e+01,2.342961735623873665e+01,2.341845664728072052e+01,2.334295487704758898e+01,2.333678942176459259e+01,2.352943457066879773e+01,2.331423169336341061e+01,2.401741969944146149e+01,2.348111230218978562e+01,2.472318958706085823e+01,2.380926112855155452e+01,2.313449275816776662e+01,2.411739569765319402e+01,2.315511091891812612e+01,2.427683201968147841e+01,2.354872311827068643e+01,2.555645458357867028e+01,2.525399143458156459e+01,2.501828764292162077e+01,2.626330547176985419e+01,2.565662435095538285e+01,2.610805721773226651e+01,2.420558025181088624e+01
2.412756713663770824e+01,2.325089406269563597e+01,2.381671111854132050e+01,2.335765180002232455e+01,2.356868527115943834e+01,2.330162465183673248e+01,2.384001240928608922e+01,2.300192382540865310e+01,2.338653586657494543e+01,2.342930256533077227e+01,2.460252939625615909e+01,2.225753144967683284e+01,2.407403814454482927e+01,2.325567484977301547e+01,2.360582942709925192e+01,2.293357193954938111e+01,2.399002710536387895e+01,2.315631932161369377e+01,2.433893556830906846e+01,2.451857988100459806e+01,2.542583781854528979e+01,2.562500279250565427e+01,2.516645352597339524e+01,2.452302511206539748e+01
2.165591175377920763e+01,2.426432826850032143e+01,2.267402963406669869e+01,2.385288563498744452e+01,2.385050213460704072e+01,2.397922760707865564e+01,2.345109969522366100e+01,2.412688049083385522e+01,2.272698120350293038e+01,2.410389744980500382e+01,2.323275310169924524e+01,2.423276712529263932e+01,2.372880892702528399e+01,2.452135778524126408e+01,2.283535956760880481e+01,2.401340337742254860e+01,2.340071932451058956e+01,2.458326481856045120e+01,2.438739120056038701e+01,2.484859450086241850e+01,2.556348014490612286e+01,2.622607254216268302e+01,2.558939369854050483e+01,2.742309357378843515e+01
2.350177931332859771e+01,2.305624280385006841e+01,2.561818666923198862e+01,2.397503632750084535e+01,2.262526704274904432e+01,2.295443576741701008e+01,2.425585170485015851e+01,2.413789537065463264e+01,2.379705209947582034e+01,2.313741738023975358e+01,2.471601031212082944e+01,2.263804006780628697e+01,2.464576582849218767e+01,2.334548560579577270e+01,2.357736191011809979e+01,2.345397813635742068e+01,2.431449317747114947e+01,2.380338714581131399e+01,2.497707472237061666e+01,2.505912648261880804e+01,2.610447499365699286e+01,2.561233323102624126e+01,2.688551835762768860e+01,2.811322657477438725e+01
2.323482564717448895e+01,2.349251491971932637e+01,2.411060379745049431e+01,2.408754892349190868e+01,2.381210659778651006e+01,2.453689133506554754e+01,2.412286358931584118e+01,2.442041897225260527e+01,2.336901674548528263e+01,2.420481707521201997e+01,2.329894247817503583e+01,2.285849703066759275e+01,2.363973701639145020e+01,2.394421149719676123e+01,2.382802403456605589e+01,2.338923573507702258e+01,2.274826958072509342e+01,2.449479521264737514e+01,2.435404346958193855e+01,2.478163649003283808e+01,2.608031295235457492e+01,2.636904339564750899e+01,2.918425869278348728e+01,2.857689191484331559e+01
2.397211750208663261e+01,2.412194175359047676e+01,2.323971951112378065e+01,2.338823004484873991e+01,2.508215856898425500e+01,2.345718267820967640e+01,2.458771865161389769e+01,2.386947971725925299e+01,2.405172880656169809e+01,2.358066324639565892e+01,2.335055307921760459e+01,2.264764576892685000e+01,2.437894616874592657e+01,2.460348182286963947e+01,2.433078001907983889e+01,2.398358110431388468e+01,2.359806885211139615e+01,2.468988830631849396e+01,2.524665338347568877e+01,2.470495216242045444e+01,2.787983691780675599e+01,2.788291609113923641e+01,2.924119365632645895e+01,2.934127969332064367e+01
2.330819329969079945e+01,2.445732335749710273e+01,2.450422391647475706e+01,2.509654899185409249e+01,2.285138020236803413e+01,2.483667431639798906e+01,2.332398628506825844e+01,2.483643474756212299e+01,2.405547391870118190e+01,2.454582734626751517e+01,2.354058683169176902e+01,2.381340106223728981e+01,2.304507885359646480e+01,2.442998545422716461e+01,2.308565100227730227e+01,2.373829717073846268e+01,2.467841865586348149e+01,2.603290745262864903e+01,2.919493793941688864e+01,2.967331168463948643e+01,2.938583123249372875e+01,3.041638579827639433e+01,3.010280697554702556e+01,3.109692136207058866e+01
2.404845086311451041e+01,2.239779187677527261e+01,2.355161541270666703e+01,2.370967446599479445e+01,2.468743158330494225e+01,2.296862043097189598e+01,2.493126723005536860e+01,2.304290483759524477e+01,2.435019507587537646e+01,2.382942612348745115e+01,2.482951180145590797e+01,2.343138067956238046e+01,2.430597579802599739e+01,2.306838419712818222e+01,2.487756653574570009e+01,2.399444376257252998e+01,2.616388310282883367e+01,2.678324097454731145e+01,2.998446130462059500e+01,3.061198233708870475e+01,3.053363904303444087e+01,2.885472369669315640e+01,3.110672840288174257e+01,2.981603325647125757e+01
2.426203947950415341e+01,2.357101262676786746e+01,2.367283122491380709e+01,2.412360291717652672e+01,2.313781794422055782e+01,2.291262675199777732e+01,2.416398613812737040e+01,2.473265008800768783e+01,2.327093755519229035e+01,2.479282618524820236e+01,2.421492565222598614e+01,2.416517819180728566e+01,2.471730384319960194e+01,2.461932939745207705e+01,2.665430131698673222e+01,2.867431921293996311e+01,2.924221738041870822e+01,3.060584406575969751e+01,3.032889613382207017e+01,2.982397723103520093e+01,2.970480407931484024e+01,2.858411885638173544e+01,2.667196173395461756e+01,2.770569111895298420e+01
2.335156852548675488e+01,2.326295876220848413e+01,2.383902206372238197e+01,2.354934198600017226e+01,2.463920631679428652e+01,2.325375396327780209e+01,2.339156867678832441e+01,2.393386883441365853e+01,2.469236566008430600e+01,2.320310184390018549e+01,2.400119655917609407e+01,2.480960318931954589e+01,2.546452043742647220e+01,2.530863049548258914e+01,2.696570123666020891e+01,2.735581019488807897e+01,2.846677055000287737e+01,2.808330662366313391e+01,2.840468039565149638e+01,2.840727944475605682e+01,2.749032329516876416e+01,2.685073761707332096e+01,2.690501482086330043e+01,2.695385709637758964e+01
2.293017564877879977e+01,2.320890491531741873e+01,2.362164700585447008e+01,2.457595759686938663e+01,2.264382278356100642e+01,2.314976805982013275e+01,2.355828543601893443e+01,2.442820865129152708e+01,2.531950805622057032e+01,2.459205322730792886e+01,2.360988125064511678e+01,2.478666914343415328e+01,2.433182880805912873e+01,2.568811237721450880e+01,2.464589998410411908e+01,2.620211173898928791e+01,2.541526751464630252e+01,2.763189381103683218e+01,2.641775271288923932e+01,2.714154397755328318e+01,2.734374576786592570e+01,2.650633669143616089e+01,2.450402715140307919e+01,2.560481437498373225e+01
2.544256968864925739e+01,2.342241268511389762e+01,2.589246638304541648e+01,2.362446403198379130e+01,2.578911276229666782e+01,2.473241598281413189e+01,2.492742385074524236e+01,2.413401266213054441e+01,2.515918868406794218e+01,2.351880713525616784e+01,2.482300516694414227e+01,2.400552335586434083e+01,2.561862708090126262e+01,2.421265052808297469e+01,2.635802841167367205e+01,2.539025500308781602e+01,2.613303506274530719e+01,2.536756107625740242e+01,2.729360210070387893e+01,2.598977620976961589e+01,2.687636078020108243e+01,2.510331022553560842e+01,2.693794393723567282e+01,2.509997076159220342e+01
