2.956538815919662966e+01,2.944416833958553070e+01,2.941913719110249303e+01,2.878537302471949033e+01,2.887988691602458857e+01,3.040298437875179616e+01,2.934464437972138739e+01,2.913609658867790131e+01,2.950865900346974513e+01,3.021854843223212583e+01,2.890720450324670310e+01,2.937738453237528802e+01,2.979628327837417601e+01,2.986497043935600004e+01,2.943371514083617058e+01,3.030618677839498787e+01,2.912538615229283323e+01,3.005184207444642652e+01,3.025554631850559417e+01,3.027297020675280237e+01,2.825117552312440239e+01,3.042383601935580373e+01,3.048388482434893376e+01,2.912323394983570779e+01
2.880877061167865349e+01,2.928941685766585579e+01,2.917047289729043769e+01,2.909144976616300937e+01,2.839635743599905027e+01,2.950203301540341272e+01,2.867165914391864590e+01,2.884158131020575411e+01,3.076168134217294892e+01,2.940334447008820007e+01,2.937199859522110046e+01,2.894042268632114201e+01,2.908846279422544967e+01,2.897173620260650750e+01,2.944796460170385899e+01,2.962335149589011962e+01,2.938157240061423181e+01,3.038895067384879667e+01,2.978960248474442096e+01,2.929422121171694471e+01,3.053151869608518609e+01,2.940808704885108682e+01,3.066184249485706914e+01,2.956615157825268625e+01
2.885808681209795168e+01,2.939657754498500708e+01,2.911979638464043774e+01,3.030968412002414425e+01,2.941299115226712502e+01,2.942497356646993012e+01,2.874963924093367496e+01,3.007808274462018971e+01,2.970942764383966050e+01,2.931739640089915611e+01,2.906069634313251981e+01,2.945184949435213184e+01,2.890844503926484776e+01,2.969369831899570045e+01,2.855731659688575519e+01,3.051866198061799196e+01,2.984977431013106752e+01,2.920587162618295451e+01,3.025303614780870021e+01,2.938889567595765584e+01,2.990024532322263440e+01,3.057312866994919887e+01,2.904694007599766792e+01,2.960754876896220367e+01
2.989072748594884388e+01,2.913837518260271509e+01,3.057428419827198240e+01,3.079428625185869350e+01,2.960048641461548868e+01,2.956360798692190883e+01,3.039989513569639712e+01,3.020020810524744093e+01,2.870147298011664816e+01,2.972678071722839377e+01,3.024573890191391001e+01,2.862257592381115501e+01,3.089621310102796770e+01,3.029943631547916993e+01,3.027847598545224628e+01,2.945937351892632705e+01,2.946844361150988334e+01,2.969040692558587580e+01,3.058913835326023900e+01,2.999736513425875728e+01,3.092829730609895478e+01,2.925924761223467385e+01,3.103522260193443572e+01,3.024352512333518916e+01
2.833481046152212457e+01,2.800208585035898068e+01,2.891618045778284340e+01,2.901008507799366498e+01,2.870161039058172037e+01,2.978670948541383723e+01,2.964744644783974081e+01,2.985026572488806096e+01,2.878692362174228947e+01,2.864780657335120395e+01,2.880348891048294035e+01,2.977633232090124693e+01,2.943928898445494724e+01,2.855183226376215089e+01,2.909946105465797928e+01,2.953544910590818517e+01,2.922403390001949219e+01,2.982340037257444010e+01,2.857016819058156898e+01,2.955979126355123299e+01,2.899832997958100123e+01,3.043450478856874497e+01,2.903363432227888552e+01,2.957012925916103541e+01
2.905638352081342646e+01,2.877639216922619880e+01,2.869757129638128390e+01,2.993223963122051146e+01,2.858302802633079409e+01,2.794643667734646897e+01,2.887538959383363135e+01,2.968132929931016406e+01,2.943702993434447990e+01,2.962652478025461278e+01,2.922776410292925675e+01,2.845524625219434256e+01,2.940102735011674895e+01,2.867306318025401879e+01,2.888640241159856714e+01,2.957541340802390550e+01,2.995018824865763918e+01,3.050174092750955879e+01,2.875667427511882579e+01,3.027310519031050262e+01,3.059590283191602111e+01,2.918118308204731193e+01,2.916312565799671574e+01,2.922006056017215769e+01
2.965275864477854384e+01,2.966185505442820158e+01,2.907559621169349384e+01,3.072154696017815922e+01,2.928668313791354194e+01,2.987770874604098026e+01,2.932613034898400883e+01,3.010090530259594743e+01,2.966306318143563203e+01,3.072275344217200654e+01,2.920961554553821315e+01,3.006576861767541686e+01,2.923300081744633871e+01,2.939201747489659056e+01,3.017409417190498289e+01,2.941307243845670882e+01,2.992211401904603463e+01,2.897880692759599697e+01,3.044086489209206547e+01,2.965331892876713482e+01,2.962820492389408855e+01,3.001782229551110959e+01,2.940705296486169118e+01,3.007433169087067881e+01
3.055958707273140362e+01,2.863354695803803907e+01,2.986447286746653162e+01,2.883463226671130997e+01,2.929214375991273300e+01,2.919301386533715004e+01,3.002642657362383716e+01,2.912515909330090835e+01,2.941726828792337756e+01,2.907500553097537477e+01,2.972155965039939929e+01,2.934599409783805868e+01,2.950745314092540639e+01,2.951773024428496228e+01,2.955371060301678199e+01,2.954370830524715075e+01,2.970730094625895390e+01,2.932234854531094470e+01,2.964610294635178889e+01,2.946998252512088357e+01,2.918387662490005141e+01,2.977374922111658861e+01,3.033773014075978836e+01,3.060724462575956295e+01
2.951290729632404464e+01,2.958451122932086719e+01,2.881204878111896051e+01,2.875087480145896279e+01,2.941540381202395338e+01,2.963314937962297790e+01,2.934801628610381385e+01,2.848109663782355483e+01,2.912648588469517108e+01,2.984709659150644256e+01,2.924553140502592896e+01,2.892337081376268770e+01,2.965269475200733496e+01,2.898647097883161905e+01,3.011856182932314141e+01,2.927796285631239925e+01,2.945944755702532802e+01,2.896159697421245482e+01,2.872419778485351571e+01,2.961588618610204549e+01,2.946204113839337424e+01,2.912920252080175487e+01,2.961026429203360522e+01,2.893388601550759631e+01
2.927248761874801630e+01,3.006872227334525860e+01,2.833872802512809130e+01,2.798762382139034344e+01,2.886697006291797152e+01,2.955988379112011444e+01,2.936741057400735144e+01,2.916725976699723333e+01,2.891003049906947808e+01,2.961434934815298448e+01,2.932317083832765547e+01,2.877095174559906354e+01,2.927731492983292583e+01,2.973860279709822407e+01,2.875252595717768145e+01,2.842299328981545159e+01,2.873219515312729300e+01,2.958415885492115649e+01,3.003186209187043687e+01,2.896149393507238301e+01,2.977011094057411356e+01,2.936643463354107553e+01,2.906505571318831471e+01,2.867196138770765401e+01
3.063077538910829389e+01,2.883845631518954633e+01,2.925756461523809548e+01,2.968031800846227952e+01,2.910363824111902886e+01,3.031466745431390564e+01,2.885751658556824850e+01,2.972482628847512842e+01,2.853341775561386839e+01,2.903704628862999471e+01,2.898260733472574202e+01,2.860230306788059806e+01,2.901966155153502314e+01,2.863955735894489862e+01,3.021910330823294544e+01,3.000977138008573775e+01,2.966193832823523735e+01,2.892476569613239690e+01,2.896601134471450223e+01,3.010470509089958568e+01,2.968603170204369235e+01,2.946693452816219860e+01,2.974632194964414111e+01,2.997600060316801773e+01
2.899578843667342198e+01,2.941138634385805517e+01,2.937498746790203086e+01,2.909063989969007480e+01,2.977424492662447619e+01,2.908033001540593432e+01,2.989129318812609881e+01,2.886343257631483539e+01,3.017390031645135196e+01,2.884637176546686987e+01,2.957518968079062915e+01,2.893966617358478288e+01,3.045119851192185934e+01,2.867778053445420028e+01,2.980482206389018529e+01,2.946216059303247903e+01,3.013733003368361096e+01,3.060954583330715195e+01,3.004565577287570477e+01,2.937782627948621439e+01,2.987010857751874937e+01,2.903510730613004398e+01,2.933760648594119402e+01,2.978975507089950270e+01
2.964811857830113695e+01,2.857340768301844491e+01,2.944779783534403350e+01,2.912235151111434561e+01,2.869473254989924271e+01,2.930156032772515573e+01,2.926383020529652867e+01,2.931778959567401444e+01,2.866128390342612420e+01,2.918477941166793244e+01,2.904328462951582424e+01,2.823510568502177875e+01,2.954131859463018372e+01,2.935503039234691869e+01,2.902100206113675540e+01,2.950587853761800261e+01,2.866008178417212093e+01,2.930610479181797245e+01,2.955100612550529604e+01,2.906417166990559053e+01,2.961100305468960414e+01,2.978589515017370104e+01,2.988314483863103987e+01,3.031248518595822361e+01
2.897493620335495734e+01,2.971353734273037617e+01,2.890627671036060065e+01,2.905314515056642222e+01,2.903731896294800663e+01,2.829831306838735827e+01,2.914293837149955380e+01,2.967468776145818765e+01,2.863846510573506521e+01,2.845722651905003886e+01,2.863427233812325312e+01,2.830400477714795215e+01,2.896619677455117881e+01,2.946471655008684820e+01,2.956152243754524989e+01,2.958164429283078789e+01,2.954192768474683817e+01,2.983071326084240127e+01,2.937105997346571939e+01,2.950704820248870419e+01,2.991191085637052538e+01,2.969826194234121886e+01,3.017194302844319509e+01,2.963961882130826098e+01
2.900257126716769562e+01,2.919959839557094483e+01,2.922817479736545465e+01,2.960295756997237504e+01,2.947327957454780289e+01,3.083199570210075535e+01,2.938286516376473401e+01,2.972457339079750227e+01,2.951546040811990679e+01,2.967179818445885076e+01,2.879969830875592152e+01,2.972395125012246808e+01,2.945366416392079145e+01,2.908537827044347068e+01,2.930729903777393019e+01,2.990117861032575775e+01,2.941314580611731344e+01,2.990504744055175479e+01,2.935436302568331257e+01,2.997332860936268162e+01,2.963197252628009437e+01,3.080695201736449462e+01,3.091070366269860870e+01,3.130712271029904059e+01
3.048503187415764160e+01,2.951070794447076651e+01,3.011745207066860530e+01,2.882911967649647522e+01,2.957315747376713944e+01,2.904015616268537769e+01,2.986092101127843534e+01,2.888461406808221454e+01,2.965765051769244565e+01,2.948251872782594774e+01,2.968863911971897096e+01,2.891221943397198402e+01,2.960107129195642983e+01,2.925631806387525558e+01,2.962000615568575768e+01,2.949074622742301699e+01,3.048860724997098259e+01,2.954672804547936948e+01,2.951383867985538245e+01,3.047535851631118931e+01,3.092165622082626442e+01,3.027807239661825633e+01,3.064051412369218497e+01,3.089663896201034277e+01
2.951949199642967869e+01,2.864199297475823869e+01,2.839105369304360238e+01,3.040994030794627179e+01,2.940343117465579326e+01,2.869979717308609679e+01,2.934141425071686626e+01,2.898023351392834002e+01,2.923972814015525046e+01,2.908702586718425209e+01,2.828558253531849687e+01,2.912127016981673933e+01,2.952119904886552604e+01,2.891077863889580613e+01,2.970430336949857519e+01,2.906305970452132215e+01,2.927741248813464381e+01,3.010633602251311913e+01,2.926059329893098493e+01,2.960170200953291442e+01,2.868957481832870826e+01,2.866152326949867302e+01,3.026852855364950301e+01,2.913293747383994514e+01
3.022355387622991429e+01,2.832879219953667871e+01,2.938795422403597968e+01,2.824159585515167237e+01,2.910168245445476032e+01,2.889015592141623756e+01,2.876932924994918039e+01,2.865984431576339375e+01,2.891480668702041612e+01,2.890306351635217652e+01,2.857817464891172676e+01,2.906519607939316074e+01,2.929896268372459645e+01,2.834614472308373934e+01,3.013027089280120663e+01,2.865589023510608513e+01,2.926442932762915916e+01,2.872136995128010994e+01,2.950469200807339121e+01,2.934208449737354840e+01,2.893328038677123004e+01,2.939026490974970329e+01,2.928868811940492378e+01,2.967272217802837986e+01
2.882318088728413841e+01,2.920941213052498142e+01,2.867057278492364958e+01,2.992864630902454337e+01,2.909583700858775046e+01,3.014486613365426138e+01,2.823060568430918238e+01,2.906533459721032386e+01,2.916071571834766019e+01,2.963002687751713893e+01,2.984568756454484628e+01,2.997912802198823101e+01,2.901685528901100497e+01,2.912326388012655798e+01,2.980650618845311328e+01,2.960316164183410592e+01,2.988603746120406868e+01,2.932412695050101092e+01,2.992306825287346328e+01,2.982793765985269374e+01,2.959833013268087143e+01,3.011642732211157636e+01,2.988434204955848372e+01,2.990401544028537728e+01
2.968139495931438887e+01,2.953086301734151675e+01,2.905703195593548571e+01,2.941175934465258024e+01,2.931507779396235946e+01,2.934164074848985138e+01,3.002253000939776939e+01,2.852553017685841041e+01,2.996752345955087549e+01,2.895303382694066840e+01,2.970755772538353767e+01,2.972639396109235577e+01,2.950092135885972766e+01,2.930970519230783111e+01,3.020666663635375926e+01,2.990319112983274863e+01,2.914819632114136994e+01,2.949464856815069425e+01,2.977068036543107610e+01,2.877822334854931796e+01,3.041152500740275855e+01,2.819867840217551702e+01,3.097036216557739863e+01,2.979889166927785027e+01
2.902018809598649796e+01,2.908963549686291117e+01,2.911817833988550319e+01,2.896607768528190263e+01,2.838367786565169126e+01,2.877181110987754664e+01,2.954106693065648415e+01,2.920765235910062074e+01,2.904275237987451419e+01,2.873227111183689431e+01,3.006124921529453786e+01,2.971249164991650105e+01,2.896774394071024972e+01,2.962945119656990300e+01,2.979493820827042327e+01,2.897666919352150217e+01,3.139681652631884390e+01,3.092270694335826420e+01,3.023596197542212849e+01,2.941782796424030266e+01,2.961868332703835449e+01,2.926511122024362521e+01,3.003573543394503531e+01,2.880704153170273685e+01
2.932405654954629881e+01,2.891181159511040732e+01,2.902860620063580654e+01,2.900521628664182572e+01,2.938098007519187149e+01,2.867923890241962681e+01,2.937169140173898541e+01,2.847777779913275253e+01,2.907384694915009504e+01,2.886312702928961471e+01,2.948428045058903990e+01,2.915353255830018497e+01,2.883310000886132229e+01,2.896944451769832085e+01,2.886562917215763946e+01,2.948259956199183307e+01,3.295357451601586263e+01,3.259127505603339614e+01,3.196214886867738869e+01,3.025341107222698156e+01,3.075159777154925678e+01,2.881364218157773394e+01,2.938034444469337814e+01,3.015207519967975713e+01
2.900214057753527186e+01,2.927915127437711362e+01,2.832859410812193346e+01,2.968031800846227952e+01,2.895981427868298397e+01,3.019455238292033528e+01,2.976753468065078323e+01,3.008555658777504505e+01,2.811098774767106079e+01,2.894961721991842296e+01,2.889262451301686951e+01,2.937315367895359941e+01,2.931568513318160285e+01,2.977815540192528942e+01,3.066021088077923196e+01,3.247470406211738236e+01,3.363262460233590900e+01,3.379460757057779574e+01,3.263395731421491064e+01,3.023137684640397538e+01,2.983808319429761013e+01,3.090900801623655525e+01,3.028737097912375020e+01,3.015869675714486675e+01
2.952200552108706688e+01,2.871006444176839523e+01,2.955365096371076561e+01,2.843805936868642448e+01,2.936366058953825586e+01,2.865321339877567652e+01,2.954249831622450984e+01,2.880484469819157312e+01,3.037105242179387687e+01,2.862706244602532024e+01,3.003859953080387868e+01,2.950582292468521928e+01,3.017523362914226936e+01,3.089420848905041339e+01,3.275810672854862560e+01,3.271767325671902427e+01,3.407950364482258010e+01,3.436972835333881449e+01,3.342597044938867157e+01,3.225559125120258841e+01,3.256131779507353485e+01,3.188268579828638849e+01,3.109495400655322328e+01,3.005285421450412287e+01
2.874093296967885180e+01,2.902519907876251182e+01,2.863878737263553376e+01,2.943203838024169272e+01,2.875078039416627007e+01,2.859794670260771454e+01,2.884494435741140705e+01,2.882523472473451420e+01,3.035855541527303103e+01,2.874731430871895554e+01,3.006326546081123752e+01,2.968424258954479455e+01,3.148894635328548475e+01,3.199237090439265785e+01,3.365923392874748288e+01,3.394206882076144893e+01,3.400334351327944660e+01,3.400649508808118071e+01,3.300270206928996686e+01,3.416002216305986394e+01,3.387235752759852403e+01,3.442425381237939064e+01,3.349018578842628813e+01,3.282535175714804154e+01
2.899471862445096804e+01,2.896741018419493230e+01,2.952270770414190793e+01,2.929840852914878724e+01,2.954300908698138528e+01,2.917161755387382982e+01,2.989876620672299623e+01,2.857602103426677331e+01,2.880845317924149640e+01,2.880779585368566131e+01,2.913955665059592093e+01,2.978063145681375090e+01,3.133975290139954950e+01,3.302110042969934511e+01,3.460190118902642098e+01,3.370690002089730797e+01,3.327693374921244640e+01,3.389075375857305517e+01,3.396238401741061352e+01,3.373248119922754995e+01,3.433545711389598409e+01,3.375526334303179965e+01,3.414455857446057507e+01,3.272439409597143367e+01
2.949772194488997457e+01,2.908435798794801030e+01,2.997432897991370737e+01,3.016828862740521799e+01,2.919951750051961881e+01,3.110869005186970071e+01,2.876329862771399348e+01,3.006300628320053647e+01,2.903740955397205425e+01,2.955896704707345179e+01,2.991289811842113977e+01,3.110592380314329830e+01,3.345861836920801125e+01,3.459909496397767725e+01,3.402423396783404996e+01,3.414726094356672093e+01,3.452375376520598138e+01,3.411927909463719288e+01,3.509806949088510919e+01,3.528754497857511296e+01,3.390632619928061331e+01,3.444033204340934162e+01,3.351671933996021835e+01,3.441949825342555869e+01
3.019601024393784883e+01,2.932981984383360441e+01,3.025166782206338212e+01,2.880018720829411905e+01,3.010296045012540844e+01,2.831655288932586245e+01,2.926671093261586520e+01,2.886579513380036133e+01,2.957519833709051227e+01,2.879584059419516961e+01,3.144965655108950386e+01,3.110518894142086310e+01,3.481518904385444557e+01,3.393124245033925490e+01,3.412215357639456670e+01,3.359268978878827738e+01,3.413537619321772354e+01,3.378998693116608365e+01,3.452409402119656079e+01,3.471467845947967135e+01,3.456319285334234337e+01,3.382794896391430939e+01,3.423659682318452724e+01,3.371149575224967521e+01
2.970951796441266879e+01,2.910487575739978183e+01,2.802581118264919269e+01,2.832937936969216253e+01,2.819864821523918863e+01,2.964379957094013207e+01,2.914686685633881780e+01,2.994455124836952109e+01,2.933718666146097576e+01,2.951613621827101497e+01,3.144427694716722499e+01,3.254734707146587880e+01,3.403544614651622169e+01,3.327741549333160265e+01,3.400753865594396075e+01,3.491436324677607672e+01,3.115366190561604753e+01,3.130669386145586941e+01,3.165558372676343879e+01,3.256432005615579328e+01,3.295896744291076175e+01,3.449602168774890742e+01,3.391801497226651918e+01,3.299895335779473271e+01
2.924204052042506419e+01,2.870590798350082196e+01,2.900658974046626781e+01,2.856933058708705175e+01,2.984965672277752446e+01,2.879686025681661476e+01,3.046834704716872011e+01,2.966583058993694522e+01,2.981440495469217922e+01,2.999414921931469280e+01,3.215376201608160045e+01,3.372179533547398478e+01,3.381118129381093240e+01,3.390779226822598957e+01,3.436585151688757378e+01,3.226741453653750114e+01,3.178039313902883123e+01,3.169593843052746251e+01,3.193889301461865671e+01,3.204736857603825229e+01,3.367318472358044801e+01,3.418248911166904236e+01,3.450896191732363150e+01,3.447029654977239943e+01
3.033211208368186362e+01,3.160947680942473426e+01,2.962996923197323440e+01,2.917063915296529331e+01,2.962971907812857353e+01,3.058058898717860075e+01,2.983429580652625646e+01,3.071868813077816185e+01,3.080695946153110754e+01,3.119635774180869703e+01,3.246156840006278799e+01,3.382891842747380906e+01,3.484204448284833688e+01,3.422096039260924272e+01,3.467986671061919424e+01,3.542071311541877776e+01,3.431040122403919668e+01,3.486031899416622082e+01,3.513949942719597175e+01,3.511529999423055415e+01,3.417392222228323817e+01,3.521067371535906432e+01,3.484186908454438480e+01,3.381388826197394337e+01
3.085279905561594660e+01,2.790187238201320952e+01,3.003131599327019785e+01,2.791720833038948513e+01,2.983782936783489959e+01,2.911947311430537866e+01,3.066355048632084390e+01,2.910037797481368216e+01,3.138918032827865545e+01,2.929687645650216155e+01,3.405324926125541651e+01,3.376144205600121495e+01,3.404369152004545640e+01,3.402660408598785580e+01,3.445795948688453336e+01,3.364293199766183307e+01,3.505571179950175065e+01,3.346640136593765646e+01,3.457270296917880614e+01,3.470958938858638021e+01,3.454867711151547383e+01,3.476475250985390630e+01,3.580658591747658193e+01,3.467762570395859711e+01
