2.509430076663653608e+01,2.405741501267254989e+01,2.414065580999971417e+01,2.470545793852767247e+01,2.555019812647617528e+01,2.431687935833559777e+01,2.470384026796767785e+01,2.391779339633495738e+01,2.477721639074360382e+01,2.494668096434838844e+01,2.348600528917131669e+01,2.411426141659563882e+01,2.353818108072618998e+01,2.486681725413615140e+01,2.519924576569377450e+01,2.394105333474351482e+01,2.390659152710071567e+01,2.290047235090435152e+01,2.456630484832157890e+01,2.489148435620677446e+01,2.474231033288225490e+01,2.439690566310275699e+01,2.615309665235287184e+01,2.454169149741841238e+01
2.505204428256303117e+01,2.363473149817502872e+01,2.461525290540504329e+01,2.525810527349693757e+01,2.446243550252353316e+01,2.530823638658807795e+01,2.467351112255664702e+01,2.479191973245468716e+01,2.550472594408768146e+01,2.381227315156814939e+01,2.290998028139432563e+01,2.438036744039379755e+01,2.381008422971547134e+01,2.382058571361130817e+01,2.302708183398453912e+01,2.401320527719042275e+01,2.375809496527472220e+01,2.493114862219812267e+01,2.390808083510751203e+01,2.372275605546667521e+01,2.422144496599787544e+01,2.455544929662016784e+01,2.487675391685553450e+01,2.504631725369375772e+01
2.489863921901610411e+01,2.510709633472009727e+01,2.533685570751930527e+01,2.574911379485018870e+01,2.581359996730287776e+01,2.528749775624817175e+01,2.700139819227496218e+01,2.587563709250304100e+01,2.608186963544869741e+01,2.493022856868566350e+01,2.443498922039913168e+01,2.599534588650186606e+01,2.514314203035888795e+01,2.481983587152546988e+01,2.459161279541672229e+01,2.528510796284581374e+01,2.478204230118643636e+01,2.441459703231680578e+01,2.516904162478135731e+01,2.476824974792259582e+01,2.682913305595042175e+01,2.512039062672670298e+01,2.491080889037664292e+01,2.434753990446381522e+01
2.459480469744676157e+01,2.484148219945382152e+01,2.606509785626616349e+01,2.580300213038447055e+01,2.521780079090837035e+01,2.514576419964748766e+01,2.532125767406341765e+01,2.593222099109522105e+01,2.457309634253715558e+01,2.472555896918197504e+01,2.500077693954375491e+01,2.488579590827862376e+01,2.496506431668473169e+01,2.627648662308484973e+01,2.465412455865003949e+01,2.575677358070242917e+01,2.418610688970380806e+01,2.534664354083719218e+01,2.587130004651970694e+01,2.681506464825866942e+01,2.502316839559506434e+01,2.576089658816715655e+01,2.510954682155824003e+01,2.482911411514714928e+01
2.485104051343819265e+01,2.394925298522707635e+01,2.517214941522189520e+01,2.476411977958105126e+01,2.442999518129255421e+01,2.358728963245130217e+01,2.399437920720464490e+01,2.477172027843380420e+01,2.421861231112620771e+01,2.263840978544317295e+01,2.364473025234707393e+01,2.419067109762454493e+01,2.512196886414778874e+01,2.469551901272018313e+01,2.405263216080061284e+01,2.383181681126558260e+01,2.525618199353198179e+01,2.498992535294286199e+01,2.550262679344621120e+01,2.500259264838877016e+01,2.504021917492309512e+01,2.514944941668545653e+01,2.388251151104378778e+01,2.384006862741148325e+01
2.359283535068652782e+01,2.562061968528905709e+01,2.484767476256473628e+01,2.435197413667123101e+01,2.385693795998810174e+01,2.419131847093217402e+01,2.465253067876159321e+01,2.543645739905645087e+01,2.477101248664951072e+01,2.509188647903931724e+01,2.488091633154692772e+01,2.494626280275326735e+01,2.467400862857738275e+01,2.552752390509095903e+01,2.450653252908239210e+01,2.436846670692546013e+01,2.499702127185696554e+01,2.468544546424664077e+01,2.543588776881688318e+01,2.512924318677079327e+01,2.329084869576752226e+01,2.488918629260388116e+01,2.282892677589035202e+01,2.426197483529671217e+01
2.492663334839045319e+01,2.510895158952934025e+01,2.478423667229048988e+01,2.539791885992735843e+01,2.495230248780001148e+01,2.451007161105030718e+01,2.398826542969209186e+01,2.455835992666408174e+01,2.577707611262206910e+01,2.455487126909577000e+01,2.518523201820312352e+01,2.451258774675221730e+01,2.447976617286064993e+01,2.531273806817910099e+01,2.531248547158259043e+01,2.460437943089186774e+01,2.533138136297787923e+01,2.481956134790857504e+01,2.488388007259084134e+01,2.564834782180241746e+01,2.546696739987748970e+01,2.573548832822274335e+01,2.463621735117970957e+01,2.537676961318203439e+01
2.382474085394005670e+01,2.494233161907175145e+01,2.335277992738184594e+01,2.525848657156916488e+01,2.454901558857500277e+01,2.440605477588997019e+01,2.445637989189611972e+01,2.539225692342273533e+01,2.453727606778210202e+01,2.541502532117135615e+01,2.382449671464223684e+01,2.354559692502323287e+01,2.508220363307725620e+01,2.500249822266403044e+01,2.457267389162973359e+01,2.612311483838021786e+01,2.543722967721845407e+01,2.549683130085674065e+01,2.493864187978022073e+01,2.519621406188355195e+01,2.532252344587089965e+01,2.542650373389977858e+01,2.595108576432011205e+01,2.447285354609340402e+01
2.439257028989283071e+01,2.380006164715581463e+01,2.473772458203194446e+01,2.364122693645083473e+01,2.395250812349564740e+01,2.413801332089337848e+01,2.399694966375517424e+01,2.379045798462891526e+01,2.370871829738581482e+01,2.386168661968338256e+01,2.412879281780539031e+01,2.408387071493064013e+01,2.477555964204816519e+01,2.347166518303237126e+01,2.503584394661174883e+01,2.389852919995303182e+01,2.507092617303175075e+01,2.393093183873060070e+01,2.514643015240557133e+01,2.417978049541943619e+01,2.470969064422632755e+01,2.330188213198363201e+01,2.425948406243418276e+01,2.380588184748779668e+01
2.424554164950063750e+01,2.402896630657448895e+01,2.374816998951177993e+01,2.414610130477240091e+01,2.355351580316937543e+01,2.367403876556619480e+01,2.347603170159283081e+01,2.378058193281594868e+01,2.344483450962974302e+01,2.357523851176665630e+01,2.412094539795504033e+01,2.436204151903854154e+01,2.419205209585624061e+01,2.459073560609544984e+01,2.431899255376646352e+01,2.492216721062993656e+01,2.445096439347463502e+01,2.348298522099486263e+01,2.534595660095993708e+01,2.502878108118915179e+01,2.348492677983728072e+01,2.479800873782022563e+01,2.269265020143984657e+01,2.371480259949447600e+01
2.379390721824393040e+01,2.480417533587558410e+01,2.424697424836676873e+01,2.523873536694014774e+01,2.444029319230071451e+01,2.377701229883837186e+01,2.298881643724689638e+01,2.386153139488840225e+01,2.392618808345309844e+01,2.312822474148578067e+01,2.391037064518411626e+01,2.380030843053066292e+01,2.398145376476594492e+01,2.438366305708063919e+01,2.473707898546297201e+01,2.410124003480694910e+01,2.512492255364094262e+01,2.409198153847916046e+01,2.490992237276378773e+01,2.563739783304424691e+01,2.517314673962192728e+01,2.410883249369720716e+01,2.453238855082361169e+01,2.501269784583115552e+01
2.409621517917008759e+01,2.473691319843942438e+01,2.391225708302670228e+01,2.359837529578169324e+01,2.433372291598993797e+01,2.468496848882068662e+01,2.423302836308596397e+01,2.401419065607268521e+01,2.360592985073316186e+01,2.393471132726324413e+01,2.326342380595468740e+01,2.409995309322164303e+01,2.426156046092415863e+01,2.455430599868969921e+01,2.404446318401613780e+01,2.516324226577364698e+01,2.490263625000159209e+01,2.649272678120115643e+01,2.644941765919861609e+01,2.600099327503392033e+01,2.554042054126387029e+01,2.545220259651767947e+01,2.311202937953663650e+01,2.403722944273278017e+01
2.544497919714962109e+01,2.448884034459786108e+01,2.537801361664821798e+01,2.442977088274483322e+01,2.396714912796045382e+01,2.382845870237423469e+01,2.454481239378657165e+01,2.454996959439739612e+01,2.377734619512148129e+01,2.304926370336738728e+01,2.334494788613886840e+01,2.331883553077500437e+01,2.435935425511979702e+01,2.344897436536660962e+01,2.394400344273259407e+01,2.336464739698317317e+01,2.555258122301478352e+01,2.496755979735615938e+01,2.556820251159621193e+01,2.445741208287330437e+01,2.374774797667112125e+01,2.307587112444281274e+01,2.280712764754571253e+01,2.332675839179563582e+01
2.420066986100835038e+01,2.395459958261551492e+01,2.531876439835201609e+01,2.559327190026561993e+01,2.407194906798468992e+01,2.361373513611482622e+01,2.374416363356328930e+01,2.442919750640703569e+01,2.372368778126377720e+01,2.347668717167908881e+01,2.337245825824396661e+01,2.346103916447088977e+01,2.369099563821635002e+01,2.429857404783598440e+01,2.409364534650063661e+01,2.403606260894878233e+01,2.433938870480346850e+01,2.471103000381935999e+01,2.448690402851389081e+01,2.504007666962195344e+01,2.401214736901749802e+01,2.403328881291895414e+01,2.339697779351075724e+01,2.308333771613649787e+01
2.493530402303673554e+01,2.390279266064368358e+01,2.458643631730575407e+01,2.511369653067441732e+01,2.442823708854365350e+01,2.364622213240119208e+01,2.498646904927653623e+01,2.457978922453156656e+01,2.505113194566234824e+01,2.600234379870187240e+01,2.503569419386093386e+01,2.389251797351522555e+01,2.418755960467353816e+01,2.340166115040227623e+01,2.455098204205637558e+01,2.356455048210932546e+01,2.494399097843535174e+01,2.519896415314627802e+01,2.552144049900027767e+01,2.537909066731469920e+01,2.410644154488824142e+01,2.379460515332004888e+01,2.345865896373663873e+01,2.299320233627594234e+01
2.475023504059026891e+01,2.432860173140147708e+01,2.446111914716465208e+01,2.440806570537984044e+01,2.319428393284800904e+01,2.405399671624036273e+01,2.384280934602224988e+01,2.435509504048599183e+01,2.563716064317895871e+01,2.572608566450622902e+01,2.672664144491841398e+01,2.634023209866262505e+01,2.431745374332604115e+01,2.554298194829323165e+01,2.502141541607494446e+01,2.512657441493666965e+01,2.485062845416643995e+01,2.479288452780804164e+01,2.461968935490949661e+01,2.500587054532252296e+01,2.419624629871492516e+01,2.376193119415489718e+01,2.344507827529940869e+01,2.508569832946432143e+01
2.376010537212346208e+01,2.380897485224943466e+01,2.334269575930483143e+01,2.373165238833701096e+01,2.320998755669921820e+01,2.189782153668573983e+01,2.344479993994121969e+01,2.214695473671173431e+01,2.831623824787516241e+01,2.742708875587408102e+01,2.768829535534683828e+01,2.730294965289090214e+01,2.582631804807670051e+01,2.448774117085463331e+01,2.453806825788029755e+01,2.346389083945996390e+01,2.464474815196797408e+01,2.439646743076497160e+01,2.530471448216513863e+01,2.385705490950357444e+01,2.410104632388305390e+01,2.218691225562815816e+01,2.367223487530702641e+01,2.273264625884871748e+01
2.381410843296794155e+01,2.378936203897484347e+01,2.367335342347104188e+01,2.452803051553689784e+01,2.236010108039806710e+01,2.264766778938098923e+01,2.175147130621132874e+01,2.315618743782926003e+01,2.675567157172423549e+01,2.894224223696483023e+01,2.839831621362071701e+01,2.910358141014535249e+01,2.749877525064363226e+01,2.512510672892068442e+01,2.356533617204041775e+01,2.360477748445885027e+01,2.426011329889291801e+01,2.409773831038575054e+01,2.411338625966601512e+01,2.469765333082335701e+01,2.320163576428620900e+01,2.409434802185899116e+01,2.251544635500238201e+01,2.298060487967853760e+01
2.555694646435648565e+01,2.432015736897602665e+01,2.416305952713167926e+01,2.409643429172530205e+01,2.386430396744873406e+01,2.437244304285832186e+01,2.397216492440043112e+01,2.319978947350335829e+01,2.722164172159489226e+01,3.143388326533568033e+01,3.205204226804511336e+01,3.176477892586922280e+01,2.792343305126615860e+01,2.499286081073705645e+01,2.355168618286603532e+01,2.293971083212636586e+01,2.507001356948347848e+01,2.422358711197801995e+01,2.594720334052880162e+01,2.438139424747663497e+01,2.426616519703259200e+01,2.342667042786285947e+01,2.311363448895366446e+01,2.265458105262314348e+01
2.365412193493085624e+01,2.569725718326026254e+01,2.428344669660339150e+01,2.462319663217158450e+01,2.336753696778816902e+01,2.482842549844815494e+01,2.505313726127525342e+01,2.448698395342336198e+01,2.627368153450663613e+01,3.065744938303754452e+01,3.171719342470458969e+01,3.259390426195290047e+01,2.767045418234795306e+01,2.586873774768395151e+01,2.335226648470711552e+01,2.447396810188558902e+01,2.421619203743449589e+01,2.464354358330461991e+01,2.427917174667038580e+01,2.419380254860431023e+01,2.308901363890367975e+01,2.371059735377576771e+01,2.353760394530326039e+01,2.389168757792475617e+01
2.310110654834772959e+01,2.276281185219266945e+01,2.484295418363376484e+01,2.330833240657909755e+01,2.530050938210143840e+01,2.617193153695433239e+01,2.758310170108347847e+01,2.612045242371272025e+01,2.643322983427623285e+01,2.571535877248976476e+01,2.679392493183979695e+01,2.637817758006497115e+01,2.621565414706776664e+01,2.448467492746272001e+01,2.539465630387911688e+01,2.379401313932800122e+01,2.529219347288875497e+01,2.506127443159681434e+01,2.526795177752683230e+01,2.328509277927474841e+01,2.353970949294847514e+01,2.272095197483702123e+01,2.325076695334809074e+01,2.240096418419932434e+01
2.389227081271980069e+01,2.346064911921831708e+01,2.347643477587291727e+01,2.381794992231857577e+01,2.531956571572311532e+01,2.810840221170320774e+01,2.680906180941059347e+01,2.772131091182455975e+01,2.634809901265737153e+01,2.656501586093520473e+01,2.597013630786329941e+01,2.588209560362520278e+01,2.545206961615730279e+01,2.550849774285580907e+01,2.377921285826533904e+01,2.484716210521366975e+01,2.399586541725636835e+01,2.557246378644458673e+01,2.414045203203403389e+01,2.432983982799214573e+01,2.321325118230316775e+01,2.178075914601964769e+01,2.260632804535521245e+01,2.348362749720672582e+01
2.500396394062812533e+01,2.483525038305600674e+01,2.508434881435670150e+01,2.504424712892250682e+01,2.914320102688753877e+01,2.775222608708872940e+01,2.723883555056443129e+01,2.855958432838508543e+01,2.736580534931897546e+01,2.707183610709836330e+01,2.675477125953995028e+01,2.595013731967043213e+01,2.651290604549478758e+01,2.605483793839357531e+01,2.616193684344631265e+01,2.538433677600744431e+01,2.498028455345422572e+01,2.488533009287004916e+01,2.341969900198546384e+01,2.385802944141590842e+01,2.345837600989449356e+01,2.317057279358266442e+01,2.318715301853973187e+01,2.253416729323055279e+01
2.425934010305059019e+01,2.491012524046391263e+01,2.619913269157314062e+01,2.790956102309752396e+01,2.705900347177407639e+01,2.810300599436550328e+01,2.836151395855091550e+01,2.894826814915467139e+01,2.799179249864567964e+01,2.804410197715770892e+01,2.748599768803688903e+01,2.651036605252858180e+01,2.583800834491938758e+01,2.704386125987218747e+01,2.686986452810691617e+01,2.710247553610491877e+01,2.550698100547515423e+01,2.555696898747027035e+01,2.471839791244718754e+01,2.591701159655366382e+01,2.301039444743429385e+01,2.384985284795914140e+01,2.328222187585913616e+01,2.360370246066992195e+01
2.531358342278838336e+01,2.574844145414863306e+01,2.910837044788223693e+01,2.842872775580690359e+01,2.857527868122264181e+01,2.740719074075565231e+01,2.701312637442890718e+01,2.943631237446260229e+01,2.856353120962938874e+01,2.897664765972973555e+01,2.774555684340015205e+01,2.711030428726138553e+01,2.853192782519749926e+01,2.742792935978502555e+01,2.836877635230069927e+01,2.600947232083262861e+01,2.646217699299336346e+01,2.535211562759121762e+01,2.447931572310875481e+01,2.322746355932122242e+01,2.414597255736157422e+01,2.233096318110057155e+01,2.277678774950499019e+01,2.207930241493488666e+01
2.405477399945044681e+01,2.660329613755175160e+01,2.811246027748626375e+01,2.955864496425670040e+01,2.928746437124874546e+01,2.825483545923441397e+01,2.689431620182153893e+01,2.944906901760185747e+01,2.870470774230773259e+01,2.824133106307203889e+01,2.848501920085089978e+01,2.920390645124820139e+01,2.895648610903833742e+01,2.970508798944592854e+01,2.852745288128909351e+01,2.802307004230232224e+01,2.534228165328124760e+01,2.625582442936848793e+01,2.497467720575929206e+01,2.573060756249458336e+01,2.228700768612725369e+01,2.381783853410820484e+01,2.208775947733960265e+01,2.378583455510408839e+01
2.521730736104410653e+01,2.652948589773404819e+01,2.783281631519332677e+01,2.896286243443103103e+01,2.908356739853240924e+01,2.876650023966641356e+01,2.823843964311777199e+01,2.981270134575987640e+01,3.145906206462905175e+01,3.003610803534809293e+01,2.972100698714592681e+01,2.867721625538570152e+01,2.920974687979077089e+01,2.870923075109396905e+01,2.871518431154976270e+01,2.732183845410366985e+01,2.626026570440694741e+01,2.627787088260231485e+01,2.640108595262921654e+01,2.512137496477919285e+01,2.591807302799725221e+01,2.553504834452252226e+01,2.362796795177820286e+01,2.293919125423792593e+01
2.521924286520442138e+01,2.708722453466117486e+01,2.690567243262108832e+01,2.769085049955788236e+01,2.688938574201500842e+01,2.779938631040562314e+01,2.902733618504493052e+01,3.002914860791247520e+01,3.023854280521032933e+01,3.027227708190298472e+01,2.990894168709883161e+01,3.072231014086275991e+01,2.992603604635212378e+01,2.983073388159328942e+01,2.625074730933607725e+01,2.837357759095249321e+01,2.659287615384812398e+01,2.573901338176358422e+01,2.539356391862878581e+01,2.489950930968478815e+01,2.458788894929290336e+01,2.486067011763537948e+01,2.438936883944245437e+01,2.494412115917913297e+01
2.423912431614229490e+01,2.332328818540554494e+01,2.601701123030079543e+01,2.487975008297826207e+01,2.709114405218622323e+01,2.578273908913331525e+01,2.682274329107991662e+01,2.674282764282583003e+01,2.706763616302276887e+01,2.754721968588364689e+01,2.754140884325556726e+01,2.746960293338781867e+01,2.726180893074837286e+01,2.657916905079025582e+01,2.649377778463326649e+01,2.659441362767546480e+01,2.531821859243916606e+01,2.498992535294286199e+01,2.550010893493600861e+01,2.452429276247164580e+01,2.583730183101374678e+01,2.357452515077306998e+01,2.441528546406078704e+01,2.238562625095141811e+01
2.354307057299047301e+01,2.447583420425729628e+01,2.617386875948045599e+01,2.656366391235712854e+01,2.604127683948655658e+01,2.662372070046075123e+01,2.582541213159339577e+01,2.555472020837748914e+01,2.568128634388409637e+01,2.677721962843202164e+01,2.520000503276673953e+01,2.640674230924213362e+01,2.588382164755637405e+01,2.651261327063281215e+01,2.602226621798678252e+01,2.545970495469254047e+01,2.455999626733273544e+01,2.516981116142954988e+01,2.457715150070788468e+01,2.457765529608741417e+01,2.407588856768194319e+01,2.424926225627626764e+01,2.370999886611832608e+01,2.375659167990164633e+01
2.414331109277014775e+01,2.597313999634809534e+01,2.779517270902567816e+01,2.647776832844385808e+01,2.622032936035998318e+01,2.527092698784139202e+01,2.499819338475168706e+01,2.539650400867702729e+01,2.566704931502891895e+01,2.620752927300185320e+01,2.587604942344853498e+01,2.618117921721108132e+01,2.554972612652522912e+01,2.521889788752014283e+01,2.394445350445442955e+01,2.420927299344168659e+01,2.490839162169481824e+01,2.478224989462478334e+01,2.523867152396019264e+01,2.462129610990740503e+01,2.539597323283624064e+01,2.378406612176905810e+01,2.498279756517661099e+01,2.410798833624374993e+01
2.439353063794214904e+01,2.543468554523894909e+01,2.679172757389068238e+01,2.799181436272380097e+01,2.671842420255126171e+01,2.570164243277156402e+01,2.542067370951468774e+01,2.534111617022944074e+01,2.480155729912485185e+01,2.668480876528218459e+01,2.599819115662120339e+01,2.691549724218890560e+01,2.469217800491173875e+01,2.584810441972109629e+01,2.475280486784868117e+01,2.468571708923468577e+01,2.494904151061535913e+01,2.572171915017815991e+01,2.581566763584493174e+01,2.586094370541826493e+01,2.341225874358917736e+01,2.421540507683181431e+01,2.471581611413279234e+01,2.581424047551240619e+01
