2.820990644590148122e+01,2.907062395524366138e+01,2.974028914798913092e+01,2.997474913654349393e+01,2.993434873216313008e+01,2.896185691285091934e+01,2.991408349935778688e+01,2.982026077325883762e+01,3.007655502546344906e+01,2.848311617276459629e+01,2.881527002437172769e+01,2.962856143423084632e+01,2.971074266591807600e+01,2.947287255165707620e+01,2.913493146935348932e+01,2.969673067280086798e+01,3.014183546795658231e+01,2.942523583582737956e+01,2.904540975964499694e+01,3.008026695417038354e+01,2.999805818855941197e+01,2.997455478801941808e+01,2.961764031570260158e+01,2.935945912916173484e+01
2.895776386755198928e+01,2.908298014053747238e+01,2.786014943044455094e+01,2.819795450781299451e+01,2.978923339289730166e+01,3.007101640744292581e+01,2.912471011568487711e+01,2.896855741204552714e+01,2.945551151122720057e+01,3.062616386182435235e+01,2.919802789418798739e+01,2.972428183532434787e+01,2.976596665292078114e+01,2.995710511040221036e+01,2.970430681549163410e+01,2.873263414626160284e+01,3.069584082567115502e+01,2.882915145289479142e+01,2.830283980736652438e+01,2.857208600174044477e+01,3.009039321371113829e+01,2.999976728487155242e+01,2.947839636184090750e+01,2.969952035880658059e+01
2.993555502521269318e+01,2.834208059973610716e+01,2.968631198606016142e+01,2.864710155082241272e+01,2.885706615536508934e+01,2.878327325432178441e+01,2.910022701014202084e+01,2.991957507992123055e+01,2.943948264352377464e+01,2.917152100346459065e+01,3.002935168235421770e+01,2.892765263731649839e+01,2.826621368812845958e+01,2.898092541059321547e+01,2.972411493219016165e+01,2.882720129742682502e+01,2.898562510940377024e+01,2.762688091729461348e+01,2.938496341696605896e+01,2.862784333207702048e+01,3.090014401546210365e+01,2.822556611715589270e+01,2.849064397244302427e+01,2.918355994051808011e+01
2.883928126158559735e+01,2.922874300846950746e+01,2.870622397637708900e+01,3.001265362141998594e+01,2.872325262593523121e+01,3.034395021246029955e+01,2.874414961693480564e+01,3.117671523336031214e+01,2.896762275237648510e+01,2.949042254935881147e+01,2.913337867890226107e+01,2.879696627829616773e+01,2.982794401209019952e+01,2.952255007147181232e+01,2.937801282288955917e+01,2.904734572841766749e+01,2.954875864859366175e+01,2.987092796740012091e+01,2.861702790557058051e+01,2.976191791803546494e+01,2.824915677258746882e+01,2.984570938352459279e+01,2.841713052773263826e+01,2.951718458066955009e+01
2.820397115614878203e+01,2.937095874791128836e+01,2.948047083689311876e+01,2.926664372434856887e+01,2.884989501888458108e+01,2.944917428935491444e+01,2.963068970316402329e+01,2.804342513864042985e+01,2.878334784710619942e+01,2.839283285269112866e+01,2.917655684354002688e+01,2.933571095461883260e+01,2.907235144170493868e+01,2.997329367265075462e+01,2.837240449370921169e+01,2.801437521385503260e+01,2.922584601991297859e+01,2.919837175096745341e+01,2.894866946200096436e+01,2.909536189319686628e+01,2.957166603345189060e+01,2.933803931756102656e+01,2.878100655819883968e+01,2.882422319504973984e+01
2.927778466662198298e+01,2.822024071817480717e+01,3.022574933662207286e+01,2.924352841871916553e+01,2.905638399730037236e+01,2.911320682491839307e+01,2.895550275754783343e+01,3.005285062013604147e+01,2.953898685120077516e+01,2.944321497636263985e+01,3.007696023801810270e+01,2.938402783089230752e+01,2.952207898548624598e+01,2.996852785676270514e+01,2.901014759649723374e+01,2.886469552184905751e+01,2.840063216068517704e+01,2.959888758241868345e+01,2.943410535832168762e+01,2.877230099252159334e+01,2.954821323245647591e+01,2.917732380478855703e+01,2.797964031153509268e+01,2.856724982013417957e+01
3.065555160019511050e+01,2.924840391114639715e+01,2.838237944273345192e+01,2.977301657663082324e+01,2.905121321304585535e+01,2.859942941944439099e+01,2.988344345618622810e+01,2.816984087818428861e+01,2.912305577635424925e+01,2.831031486123777086e+01,2.832791772495346549e+01,2.841529095977205088e+01,2.943577107139776672e+01,2.828686758826302139e+01,2.914677860387627106e+01,2.831356705312674649e+01,2.921987402903687325e+01,2.893583628950773345e+01,2.973087022394150836e+01,2.923325125672170088e+01,2.831356598704581984e+01,2.863107570037959704e+01,2.898542582711417026e+01,2.817108746638388084e+01
3.015767831556161127e+01,2.941271242433742827e+01,2.888303648073502927e+01,2.980360881547295548e+01,2.938014801806536980e+01,2.994701636580316517e+01,2.882577428604253100e+01,2.987361051551494029e+01,2.899865104752404932e+01,2.892022832920611108e+01,2.826012598347091398e+01,2.973393886233264993e+01,2.857747526307366570e+01,2.990546926929010851e+01,2.862799781510506136e+01,2.940669349228181773e+01,2.966632169826027621e+01,3.024499013636744849e+01,2.904800704630446262e+01,2.876490513983782193e+01,2.967488177760856161e+01,2.923214501369074014e+01,2.866158153580943235e+01,2.982427742315309160e+01
2.965949943132790168e+01,2.904282555151746692e+01,2.859414079037145484e+01,2.885918660456161433e+01,2.904584240664939898e+01,2.957487373639827410e+01,2.972499769212447518e+01,2.897870758536146241e+01,3.003357258263969243e+01,2.843070388415651450e+01,2.963157029268364795e+01,2.891794961828748001e+01,2.919952485704578748e+01,2.898945945740013030e+01,2.948577825920284567e+01,2.961494815404370229e+01,3.001828779537072478e+01,2.861862300764664724e+01,2.963601048588554931e+01,2.960978360069026394e+01,2.949286890836003749e+01,2.963953883488795782e+01,2.942546355736533314e+01,2.887425982000672775e+01
2.911889305666261407e+01,3.062993845159371631e+01,2.959205813588476985e+01,2.893759440547734130e+01,2.917270240049242602e+01,2.813507191092230642e+01,2.897590402198937909e+01,2.903022922068157641e+01,2.957800131242930775e+01,2.879923220109310478e+01,2.930600648565990696e+01,2.967327790554168132e+01,2.894500406522024605e+01,2.963820166176861903e+01,2.891856257131485108e+01,2.882448531241072942e+01,2.940297004829227490e+01,2.897533109412023578e+01,3.001473399826517152e+01,2.901376137683263323e+01,2.831008305972522976e+01,2.922746377090390979e+01,2.862989034466846761e+01,2.925778268565954932e+01
2.938623144568038015e+01,2.832103496011410471e+01,2.943370540635061161e+01,2.941573213725013147e+01,3.057410923365415556e+01,2.935908895666244689e+01,2.941464292509368761e+01,2.869798326888542306e+01,2.857674830180673098e+01,2.817190628152013687e+01,2.987733890187689667e+01,2.910947029535236652e+01,2.924394811834696384e+01,2.830955012665839376e+01,2.995062558998108670e+01,2.869625759382830665e+01,2.886987444356572041e+01,2.841272362339759638e+01,2.918897604228772025e+01,2.804770161951654472e+01,2.866134598735834516e+01,2.873455809245223236e+01,2.958537928330679279e+01,2.975618075403815510e+01
2.866712130538871861e+01,2.939034809518290103e+01,2.966323924130057321e+01,3.020983461911896484e+01,2.917384729435372037e+01,3.053407854611435823e+01,2.897798268624802631e+01,2.960066574623215274e+01,2.931073463819046765e+01,2.890250375900524205e+01,2.823132345398335019e+01,2.950322631895056702e+01,2.815075083559287350e+01,2.973476359423534632e+01,2.864376392964311435e+01,2.936545638137977221e+01,2.897761863062845578e+01,2.985012970533415455e+01,2.952142613074977362e+01,3.029097844752760693e+01,2.934007776571064596e+01,3.012869344936092375e+01,2.838286596891822455e+01,2.947262455765417144e+01
3.039556650501782542e+01,2.981118388744181402e+01,2.908965116292597486e+01,2.997269862269587293e+01,2.889689541991970145e+01,2.892693703840217267e+01,2.897328327340989063e+01,2.998910285900541339e+01,2.955445555075181119e+01,2.952517532517714471e+01,3.009495163509558324e+01,2.907658035286272025e+01,2.945911007741597132e+01,2.938986609987529164e+01,2.909490701522139489e+01,2.921375435554188016e+01,2.872944233888154031e+01,2.933080338186988456e+01,2.927796844310216784e+01,2.874169661474405757e+01,2.965953482856747314e+01,2.943339671404686442e+01,2.921903043738689121e+01,2.889325407950315139e+01
2.906727594770336509e+01,2.970746281670744793e+01,2.921528330981959698e+01,2.961496752761513562e+01,2.953075332004789288e+01,2.973273774788975743e+01,2.946760189593652512e+01,2.871081970176953746e+01,2.914174778693165990e+01,2.918403734388220983e+01,2.880482267661062679e+01,2.853845572748696213e+01,2.931353534765037239e+01,2.971007353277735774e+01,2.958126544420940718e+01,2.950284839783046209e+01,2.939116448058240394e+01,2.957624467184336936e+01,2.954835499209502814e+01,2.941639269641638066e+01,2.990314770857412441e+01,2.872568388600154776e+01,2.873779233068495387e+01,2.916165268409918099e+01
2.956220722240107079e+01,2.910865709606224527e+01,2.960015173712855585e+01,2.918849487305419643e+01,2.950448281099011183e+01,2.890857630187696259e+01,2.908330725231411407e+01,2.887036677942626284e+01,2.840864342307594370e+01,2.852743224648378373e+01,2.984708176118442680e+01,2.843779000085339703e+01,2.935836486246699906e+01,2.894418262498885497e+01,2.986483805405129033e+01,2.911041414220005663e+01,2.931151433281445406e+01,3.008818364114910082e+01,2.907529462011649457e+01,2.930705730469884429e+01,2.968060780362168316e+01,2.959863759637016756e+01,2.953330012598155463e+01,2.844231209713592534e+01
2.922003588741665681e+01,2.912138375764345710e+01,2.896017345070788451e+01,2.921120751700527762e+01,2.831538008519299865e+01,2.908288702356463773e+01,2.815110482688140792e+01,2.978187852523814172e+01,2.883806711203055784e+01,3.004277821515074720e+01,2.823688120075979668e+01,3.027912821998484105e+01,2.898057666841481250e+01,2.853060023191432037e+01,2.884355404231524744e+01,2.973787066593536110e+01,2.870881218423068049e+01,2.929949037353208041e+01,2.985584346625370245e+01,2.988925750228372635e+01,2.870355047343980459e+01,2.983223147051842261e+01,2.918659373684374714e+01,3.041804745494448525e+01
2.913143626474249004e+01,2.875870917145942940e+01,2.949949482733933337e+01,2.820778418743708471e+01,2.961747031639418992e+01,2.953883301622198587e+01,2.855793538207484517e+01,2.915157811625056183e+01,2.814319850299796144e+01,2.926825392656348868e+01,2.949782932747410769e+01,2.898130781635387621e+01,2.895400364626698320e+01,2.862822300137281673e+01,2.946333903929604503e+01,2.941848883163561368e+01,2.999988986722257778e+01,2.963394376566907340e+01,2.916052298431941381e+01,2.962130835916894966e+01,2.925714638221813857e+01,2.900695169782403582e+01,3.014099914901026978e+01,2.930431034972343696e+01
2.938767302551644889e+01,2.833577391565029302e+01,2.987424630412033366e+01,2.899027069666482248e+01,2.890233222726703843e+01,2.893532928641445778e+01,2.943642213040948263e+01,2.906026716202035232e+01,2.893221250086429563e+01,2.865624467415926802e+01,2.875942402202093717e+01,2.914337397901692839e+01,2.900697998181823323e+01,2.955121033773718864e+01,2.855972579794450894e+01,2.986136822755923959e+01,2.912187531954151609e+01,2.945328261806184855e+01,2.868727766911149502e+01,2.891998137411218295e+01,2.944042883947184919e+01,2.962234500002489312e+01,2.891460978886294697e+01,2.920329027033756120e+01
2.938414634413902604e+01,2.816317691921040023e+01,2.941490952042931895e+01,2.748463892258916985e+01,2.894965136656355753e+01,2.925683969201293166e+01,2.913419691488002172e+01,2.956780465702456695e+01,2.870927404218588208e+01,2.880216941606352066e+01,2.956839458521545794e+01,2.899420119355062297e+01,2.957541275547072246e+01,2.850175871278952400e+01,2.971586386369676802e+01,2.849268951667971805e+01,2.911608200924075618e+01,2.883139723692028156e+01,3.031851499506160508e+01,2.815720637363006063e+01,2.878100334461589682e+01,2.924685981458111428e+01,2.903141616261251556e+01,2.881976299335622116e+01
2.917855898121626979e+01,2.855792935383124131e+01,2.918163935304909273e+01,2.925389424194986532e+01,2.873451642069062473e+01,2.920084164187881015e+01,2.847857353790152501e+01,3.043442028939955435e+01,2.947390959335052685e+01,2.918595203294461271e+01,2.834601971861314951e+01,3.028747891072532639e+01,2.868115623021458305e+01,2.954433493903906083e+01,2.859016942706017517e+01,2.998263745279558634e+01,2.898717810670376593e+01,2.989744142619298373e+01,2.926296514859967601e+01,2.884432220359258281e+01,2.955077371569893785e+01,2.963998185247351103e+01,2.895752388719319015e+01,2.984434044659496976e+01
2.958236491160300830e+01,2.900138054206053084e+01,2.839217961463737083e+01,2.909791000534085015e+01,2.947468667022957334e+01,2.979290164973315314e+01,2.854166990598298526e+01,2.936599520184830681e+01,2.893512601696704678e+01,2.924142145014400285e+01,2.979088789134289073e+01,2.956140832052744827e+01,2.870811774984946396e+01,2.900531699433139465e+01,2.937714884068765286e+01,2.916410031419565030e+01,2.899256849138873804e+01,2.995877851826247706e+01,3.013494727129784678e+01,2.943430562460190458e+01,3.001085803571731958e+01,3.029200823605731330e+01,3.024655556303923731e+01,3.003712544542571550e+01
2.783008230481300416e+01,2.928625257235268009e+01,2.933413511827802722e+01,2.956928659305577867e+01,2.881266053305455443e+01,2.889530139390939212e+01,2.901492649721348016e+01,2.887403956224579815e+01,2.804049640487085071e+01,2.925989559543694440e+01,2.932637117965384732e+01,2.823139833397493703e+01,2.883943507782845472e+01,2.937007564693874428e+01,2.953925527841255416e+01,2.872619202549776674e+01,2.807707541396678153e+01,2.991789915713832215e+01,2.963183485951816465e+01,3.048506052368441033e+01,2.919128374336378329e+01,2.938922888363993025e+01,2.933925911272751819e+01,3.091209508637194858e+01
3.037191923606997079e+01,2.936211494174938252e+01,2.870026667874321902e+01,2.885050199847762542e+01,2.952065277745600724e+01,2.815940965242975835e+01,2.925692607842802317e+01,2.809985090760210369e+01,2.867410604829666454e+01,2.823043989836679657e+01,2.928025759766370584e+01,2.885162273027879110e+01,2.987371938068002919e+01,2.843204328182935114e+01,2.902980135649886506e+01,2.864057805773319387e+01,3.014392851998491096e+01,2.888405446924377884e+01,2.887911121797867509e+01,2.846474385191390866e+01,3.040100886977489836e+01,3.035934975257629276e+01,3.228797138958265123e+01,3.175180536436181455e+01
2.790815690470333266e+01,2.907967558474621228e+01,2.964858540557924016e+01,2.976941976164363268e+01,2.855636710344208495e+01,2.940397237463048441e+01,2.842616601242275465e+01,2.866184928154990530e+01,2.845848220922573546e+01,2.919479243058441398e+01,2.830356661376873717e+01,3.007007739992280904e+01,2.859290443277711802e+01,2.907392013784345863e+01,2.907305857265282611e+01,2.911913020099285632e+01,2.931528156604991864e+01,3.055495760617679935e+01,2.980434803766200957e+01,2.990550809879516692e+01,2.933962991519234720e+01,3.068540538787073046e+01,3.303079755386141869e+01,3.407515255446270430e+01
2.889229166526956760e+01,2.725436325527391546e+01,2.900821728484714868e+01,2.895256233477368824e+01,2.802206636533361461e+01,2.891157182164135975e+01,2.904502518923015941e+01,2.842045517292717705e+01,2.844743879125752528e+01,2.907007271354285649e+01,2.853073542808948559e+01,2.897142825551230771e+01,2.933306194825706825e+01,2.878141714308605970e+01,2.848486479643872826e+01,2.909145275799846786e+01,2.917996658807192034e+01,2.812154836122778079e+01,3.010527579438110024e+01,2.947764006376820589e+01,3.022407581971287982e+01,3.036251701443939055e+01,3.164016595757476580e+01,3.220297268160697968e+01
2.839740681796689614e+01,2.660002922104098388e+01,2.840889374893379227e+01,2.791032399099725581e+01,2.928575581032129094e+01,2.918801201420626512e+01,2.859145632614070109e+01,2.860629000069656058e+01,2.894546250277483068e+01,2.919920247734762597e+01,2.858995832994310149e+01,2.948025298290650653e+01,2.957535915470197097e+01,3.049595526156582537e+01,2.968937255860748792e+01,2.986836960186150236e+01,2.881645513672600600e+01,2.987000979488021812e+01,3.081554965778661881e+01,2.941113371390196107e+01,2.910532736824160338e+01,3.020099529461964494e+01,3.095706742234415287e+01,3.070787135596674489e+01
2.939961225646487719e+01,2.801765103046767535e+01,2.824986070617035239e+01,2.839397585882676367e+01,2.878067356539742150e+01,2.673557847508118357e+01,2.894599917810529632e+01,2.753032205020781475e+01,2.828696412490489820e+01,2.800053972265328639e+01,2.884592909079560741e+01,2.891041282250574795e+01,2.889145748090606958e+01,2.805042698980275873e+01,2.876510912492670968e+01,2.902411561434973919e+01,2.940658924955386055e+01,2.908605580986028372e+01,3.035191356117655914e+01,2.972069200781646714e+01,3.033317157783255880e+01,2.962779628204492610e+01,2.920837831482015190e+01,2.702395096513828321e+01
2.858169584086209625e+01,2.878682149958609671e+01,2.796609236950655486e+01,2.854045536420937879e+01,2.839543528407426720e+01,2.810445691721662342e+01,2.840826182234138741e+01,2.943771835681712901e+01,2.763237115400619359e+01,2.918215326222002659e+01,2.772456861712635146e+01,2.896527860809101185e+01,2.869001097670678746e+01,2.970274140381849293e+01,2.832697311079004976e+01,2.951332841264468243e+01,2.977477469616394501e+01,2.949633569130821797e+01,2.866146150655350766e+01,2.971403649428197014e+01,2.969628127621319891e+01,2.997992736710477857e+01,2.947906901262928159e+01,2.797431554932995823e+01
2.862096210788831741e+01,2.816733589473619759e+01,2.749066735672653294e+01,2.836740209306157112e+01,2.876896096324270502e+01,2.830767834808239058e+01,2.810326029560087591e+01,2.904502682251035139e+01,2.855501076953817119e+01,2.847817853821896961e+01,2.864308440794434318e+01,2.860553164959389960e+01,2.912748075306564033e+01,2.866128065028226501e+01,2.932729545140205119e+01,2.945444802489367930e+01,2.892561047754753645e+01,2.938609234027541106e+01,2.838607526464045350e+01,2.903310692191314502e+01,2.917438683335882388e+01,2.986131585990381154e+01,3.059756698618548398e+01,2.637769903992517584e+01
2.850086558085212118e+01,2.716962142220160104e+01,2.834921953638075820e+01,2.782774936955394196e+01,2.861787591666671915e+01,2.769035417878302496e+01,2.814844045394522709e+01,2.826334517447645567e+01,2.739379264904511047e+01,2.769925001460489966e+01,2.905424523149702054e+01,2.829697176487832166e+01,2.912306057888275745e+01,2.877659597191001239e+01,2.889285231955619793e+01,2.946939557149335087e+01,2.883881199353555758e+01,2.960800599326756810e+01,2.852207598026092228e+01,2.891474078873460485e+01,2.873998614361397586e+01,2.994620687920496493e+01,2.765891469828846994e+01,2.749789304745917207e+01
2.934085190931290299e+01,2.848310940687679249e+01,2.851094265473699352e+01,2.771582936394753460e+01,2.929001074143627648e+01,2.881776418144625040e+01,2.910769940010180790e+01,2.734494145798407772e+01,2.885956943560722721e+01,2.708065585261272190e+01,3.022329747420195645e+01,2.892652721757656309e+01,2.848074437615457555e+01,2.878717943709074234e+01,2.922260385002954308e+01,2.929955680812423680e+01,2.916299368705398365e+01,2.988547463960486539e+01,3.015710075478739327e+01,2.917918085240842174e+01,3.044978040155115195e+01,2.940750506202783754e+01,2.790223962179828732e+01,2.542984898223181744e+01
2.808921320566605573e+01,2.744754130692592753e+01,2.852310272375132172e+01,2.922767040241535597e+01,2.868818301035730656e+01,2.947907278722669844e+01,2.671675988438744298e+01,2.881817804044879949e+01,2.806298072891752327e+01,2.904246529074299588e+01,2.815479679775165778e+01,3.007660351137502630e+01,2.871854514385563562e+01,3.043870919472294645e+01,2.903426083904344068e+01,2.853481668472147703e+01,2.964704493770005911e+01,2.956268109669980504e+01,2.910716896898281902e+01,3.001052812232171618e+01,2.818169006219483208e+01,2.942109036259518007e+01,2.746951309486610171e+01,2.760253660753119220e+01
