2.924643152499504595e+01,2.823010944966301849e+01,2.952262804060785584e+01,2.878767055741326431e+01,2.821155747490041676e+01,2.921560722218902129e+01,2.918720829069468437e+01,2.977430616947845010e+01,2.931702957447544122e+01,2.971187824026986846e+01,2.966224218274760460e+01,2.979536032691135006e+01,2.946919881186198609e+01,2.878427151708837073e+01,2.958049321385965413e+01,2.966139167754698747e+01,3.008701854443995671e+01,2.955256456579172664e+01,2.962281203373072458e+01,2.924218865475319262e+01,2.855159202918343908e+01,3.013764637278518421e+01,3.062300248994552021e+01,3.055384076245235292e+01
2.832930477313215079e+01,2.923918642118388789e+01,2.938049176461896650e+01,2.862128943405326709e+01,2.928396860873647256e+01,2.901165566589600076e+01,3.001402554093630215e+01,2.816911296657195862e+01,2.861437927666935366e+01,2.996348782369568653e+01,2.877687221546477758e+01,2.858607595120747646e+01,2.841600449995593181e+01,2.888133899715944608e+01,2.913964904408749135e+01,2.846272773562833436e+01,2.831864754580516319e+01,2.867522487776693652e+01,2.890372448851275067e+01,2.902609952942867722e+01,2.916613045569789620e+01,2.940371960632290893e+01,2.976912970647452994e+01,2.988220068439687793e+01
2.867253833229131033e+01,2.831612732570908975e+01,3.067906675432209340e+01,2.862430577671267429e+01,2.914726326504404597e+01,2.927068305928918335e+01,2.892626025423436431e+01,2.934027852392273417e+01,3.044068650045960567e+01,2.929764948670390368e+01,2.869223655835111231e+01,2.856081576425850699e+01,2.858879239110217441e+01,3.047816239243314840e+01,2.827249256541671230e+01,2.852301121602516787e+01,3.048057612616776169e+01,2.987790135442043038e+01,3.044933814411314188e+01,2.938764731208902958e+01,3.075108544001165001e+01,2.950050498477077099e+01,2.712363609520201635e+01,3.033297513246287735e+01
2.807019699749503161e+01,2.897563416421758120e+01,2.898106785066562452e+01,2.913950485812529223e+01,2.895899684462250434e+01,2.878287755428937089e+01,2.916177913896331120e+01,2.990437775515698604e+01,3.017288101651365650e+01,3.001765348392331134e+01,2.942490116434504444e+01,2.918753779363385092e+01,2.863075772610574177e+01,2.982157145516674746e+01,2.970501580727921009e+01,3.046035484784533764e+01,2.964831355396330537e+01,2.928639677295990396e+01,2.921244524375919127e+01,3.006395952000684701e+01,2.937087736010130357e+01,3.001166887946845918e+01,2.915267843877421683e+01,2.928088626747768330e+01
2.952337637911767843e+01,2.887417868005070432e+01,2.970651262496272693e+01,3.038833089450781699e+01,2.840315042250261968e+01,2.967297138655192157e+01,2.873160450212498063e+01,2.948689952046794360e+01,3.010833517467165166e+01,2.953618749633130847e+01,2.841621404138709295e+01,3.011314046030787495e+01,2.951081405673818381e+01,2.968675147835239159e+01,2.864659146776227772e+01,2.942571660335846673e+01,2.963341518992666579e+01,2.978684923325425871e+01,2.926679174230082481e+01,2.978071058207939359e+01,2.934601895383133296e+01,2.887429188063151742e+01,2.962748696143290772e+01,3.008647406831590843e+01
2.918532659605511981e+01,2.826944764345438443e+01,3.000638633845341019e+01,2.916207748501295782e+01,3.011648205892049646e+01,2.784787039313079049e+01,3.028244689359917174e+01,2.936376306807079573e+01,2.829790952908945201e+01,2.928257969814819717e+01,2.980582568225440809e+01,2.990771279980458530e+01,2.885606979230385605e+01,2.847395939627796224e+01,2.909243124795978019e+01,2.881600065207214811e+01,3.030982937248154485e+01,2.838775575642279136e+01,3.015696023110325541e+01,2.937060176226253816e+01,2.922250422582584406e+01,2.826108007629380836e+01,2.812846120020390117e+01,2.839624372555988430e+01
3.009596440421995567e+01,2.932738535110178191e+01,2.787779006350871214e+01,2.973351897858663051e+01,2.939926050835481419e+01,2.833852863751741324e+01,2.911121578123351128e+01,2.929048758990489887e+01,3.016848769574767175e+01,2.969083589050353567e+01,2.980219138537580648e+01,2.838971182286309158e+01,2.948248415622202856e+01,2.956176127251563912e+01,3.013448409355152080e+01,2.995777135208163600e+01,2.976392369749834188e+01,3.016010999209851207e+01,2.968675011352104320e+01,3.040714044160540652e+01,2.947403840401227626e+01,2.955993731999745933e+01,2.895359258830370663e+01,2.951521639685319087e+01
2.875572668412331723e+01,2.951531089879591718e+01,2.919217650339959391e+01,2.967527733901829379e+01,2.896651493574137248e+01,2.916481962591166166e+01,2.991128699969289073e+01,2.941368216359302323e+01,2.945929268785329214e+01,2.875897298981647054e+01,2.972035692735283874e+01,3.038789317330554240e+01,2.911766444959619093e+01,3.001973849695048102e+01,3.009207963076727310e+01,3.023858893448311846e+01,3.003178338583586537e+01,2.978319320103150858e+01,2.988886788889533364e+01,2.949123725972100374e+01,2.967419950547269991e+01,3.063830463005263027e+01,3.020766109841082425e+01,2.969791049972513974e+01
2.899576379756825872e+01,2.926015543109963346e+01,2.863231570246489355e+01,2.956809973739029829e+01,2.910847376611036452e+01,3.004657700385200769e+01,2.917558085441771709e+01,2.917489251339600287e+01,2.909943644292252429e+01,2.980067253380440206e+01,2.882761650815922394e+01,2.967881636112304022e+01,2.896925674751048518e+01,2.961738368106449570e+01,2.938005271777080907e+01,2.916723895530833488e+01,2.907641449086304419e+01,2.833863651284332263e+01,2.913156949154858921e+01,2.945941466113248453e+01,2.900346151584818699e+01,2.986615113718488601e+01,2.885518113827652087e+01,2.905802274721150980e+01
2.902963857402789927e+01,3.012171729797273656e+01,2.919189271280077946e+01,2.868023394563658712e+01,2.944192457787318062e+01,2.885012508413910837e+01,2.973314484043424955e+01,2.862424719057588618e+01,2.916846923626087573e+01,2.917483950729422304e+01,2.965902179371943248e+01,2.922406089724853473e+01,2.974606000686520701e+01,2.863564719725729901e+01,2.935813070971778416e+01,2.881228114614287961e+01,2.896997539127721666e+01,2.825232478947293657e+01,2.895767771550225689e+01,2.903299632397698815e+01,2.942896811358696141e+01,2.875066000119778664e+01,2.885262101498216225e+01,2.838455805104086949e+01
2.906705515751986013e+01,2.920319734991784344e+01,2.973910514752179779e+01,2.917313783157197804e+01,2.959817923916904192e+01,2.926433356545982178e+01,2.909450352871920131e+01,2.855516550404905729e+01,2.913317989572840361e+01,2.853434083748174999e+01,2.966888537861962050e+01,2.954430443912343662e+01,2.940009696031506792e+01,2.790203553645721968e+01,2.896361093950201848e+01,2.934718861711047566e+01,2.775685109961108310e+01,2.915039531673653528e+01,2.961955155421463814e+01,2.962729943331805771e+01,2.965771846461387895e+01,2.967969882389655822e+01,2.917194534219851221e+01,2.949637146129180110e+01
2.911335640262132074e+01,2.922330894401238766e+01,2.992254027061824218e+01,3.010130164345730464e+01,2.925963578476893190e+01,2.950543428792974510e+01,2.901866597382121427e+01,2.888223778652047713e+01,2.862191752092229535e+01,3.021457939564049866e+01,2.967522831012189499e+01,2.953325268677889426e+01,2.879596442838169423e+01,2.948866713937235318e+01,2.910965952811579882e+01,2.855917689931004588e+01,2.893195699253521980e+01,2.918885537474903913e+01,2.900829332928486792e+01,2.951296698506325811e+01,2.950053531779389004e+01,2.967291970940920010e+01,2.997748976534916210e+01,2.878724845734097926e+01
2.955551089595854819e+01,2.941132312350953271e+01,2.993766241212364321e+01,2.939624929150301114e+01,2.895933412287320152e+01,2.975902211672166686e+01,2.871023005741812995e+01,2.911553330090555392e+01,2.850895634463489614e+01,2.902182007583991208e+01,2.877873678958377468e+01,2.945195099617438927e+01,2.914435210272472432e+01,2.924164331756787760e+01,2.889350789350953619e+01,2.984352554670272184e+01,2.914585695769687845e+01,3.041542878682810169e+01,2.841547800403009205e+01,2.906875885944032234e+01,2.882464803189958502e+01,2.927170723056065071e+01,2.951553311885231778e+01,2.991356661262608441e+01
2.927349254925007926e+01,2.869035869667465022e+01,2.933015291942842850e+01,2.946430271689291658e+01,2.906109693256786386e+01,2.881852354193500787e+01,2.964053144726784694e+01,2.862883497475814920e+01,2.963069287892074044e+01,2.923766059301146925e+01,2.844201633360279402e+01,2.823856107205693888e+01,2.977263297570476652e+01,2.862076946662631372e+01,2.966948981186180845e+01,2.966115806210910932e+01,2.959569483092212749e+01,2.864007747762332201e+01,2.940584925557669749e+01,2.947106597160762931e+01,2.942769320300266145e+01,2.895301416392663896e+01,2.935664216228860823e+01,2.801799640313134887e+01
2.882550419418367937e+01,2.857513878819804631e+01,2.913545652156534516e+01,2.873083578324730070e+01,3.051204567990208716e+01,2.954804302297242202e+01,2.912353177517599079e+01,2.873837881160858387e+01,2.890606454540278492e+01,2.902370155457396095e+01,2.911547155360148054e+01,2.831296047259695570e+01,2.878186240433529974e+01,2.933667878179392119e+01,2.864546705411845551e+01,2.916807887596007731e+01,3.001673275441629585e+01,2.961886417120285842e+01,2.955050544860955597e+01,2.905233902540493318e+01,2.972590483444480469e+01,2.924808366495244627e+01,2.888695730446454490e+01,2.829535112848122935e+01
2.859654981538989205e+01,2.944071895015235896e+01,2.919322408691715509e+01,2.919757361384864680e+01,2.873208314788502094e+01,2.855019785219167261e+01,2.834058842033402925e+01,2.994222368312421168e+01,2.932908855816003779e+01,2.913344103556488562e+01,2.876928889543160039e+01,2.896563176656297856e+01,3.006523908110153798e+01,2.917177774729049133e+01,2.961483143466779211e+01,2.945920368662092415e+01,2.922645973355844262e+01,2.973877001097639550e+01,2.918256786255057023e+01,2.858287270622639653e+01,2.837215611748712263e+01,2.907949695552269986e+01,2.920041131031433679e+01,2.964681531470478149e+01
2.871250889650167437e+01,2.915728672345187533e+01,2.927337291248136353e+01,2.983257423209045101e+01,2.967419123951145821e+01,3.011627208218999385e+01,2.835751510638925765e+01,2.913601414570962334e+01,2.968832196792766354e+01,3.000600429896246624e+01,2.825120433993646429e+01,2.990871351710148929e+01,2.828799182907425802e+01,2.865356446279037073e+01,2.931964309244108335e+01,2.960604368412987242e+01,2.957351634772658144e+01,2.953656258464093298e+01,2.970450383511604286e+01,2.983953655187377763e+01,2.903545068525818351e+01,2.927434348973901024e+01,2.909828683251436132e+01,2.967510499641508659e+01
2.988999682501469124e+01,2.913134899056456106e+01,2.862250430406299984e+01,2.930629825038516856e+01,2.936995221361672748e+01,2.841981627612545935e+01,2.923069964440685453e+01,2.862188379384190284e+01,2.932755673342813907e+01,2.878159446659765308e+01,2.899093999383040909e+01,2.845018649967011015e+01,2.881823599504366484e+01,2.975722949255407457e+01,2.903016060362438111e+01,2.973414141530997767e+01,2.903385225067677311e+01,2.855596983557228441e+01,2.968923813050957961e+01,2.845863885454463116e+01,2.951671677520744197e+01,2.937066754547095115e+01,2.901093809390965816e+01,2.954011121249556027e+01
2.905141610176866607e+01,2.937514362852448357e+01,2.929893972130230395e+01,2.919816820338985508e+01,2.958595782957769416e+01,2.848385903449263878e+01,2.920158081846835785e+01,2.963914599320662546e+01,2.969293322373903266e+01,2.875204139561532202e+01,2.989770275889583218e+01,2.913550632659161010e+01,2.954712867934733822e+01,3.006871239989101241e+01,3.015967800226530926e+01,2.906326977651156085e+01,2.878011861982611208e+01,2.980014114490188604e+01,2.984171631462260166e+01,2.928104531103110730e+01,2.985299781969592914e+01,3.029617522410160291e+01,2.966605549500440020e+01,2.978729829539923912e+01
2.930974205421568968e+01,3.003127941738819118e+01,2.961268287727756388e+01,2.925503787861430283e+01,2.907203176521232990e+01,3.020431750357687406e+01,2.883162743363595837e+01,2.921654381049825133e+01,2.943631059180137299e+01,2.955648164110829157e+01,2.993216258155990772e+01,2.994128897306728732e+01,2.900323256370188574e+01,2.926721312176852052e+01,2.979381434093949110e+01,3.028115766372400230e+01,2.979276072967712707e+01,2.993882534777594628e+01,2.950766893602957452e+01,2.950021984195456071e+01,2.939445860195422711e+01,2.937817345702637795e+01,3.038555121469056530e+01,2.974608413432315501e+01
2.924008502146631372e+01,2.968292665245610351e+01,2.943786637188168243e+01,2.979970276638510995e+01,2.830983976619211262e+01,2.992802958600651664e+01,2.907375688886702392e+01,2.922645068177155281e+01,2.860060766788205910e+01,2.878049176011489863e+01,2.948887871900728896e+01,2.892957632288187142e+01,2.912109570004963643e+01,2.944087315890976697e+01,2.897884316875638433e+01,2.976070983691766969e+01,2.970204745390446988e+01,2.951735627809637208e+01,2.898653615647259585e+01,2.928791929397897320e+01,2.952468686821242727e+01,2.997825270507746609e+01,2.906736328404565484e+01,2.901348346641543685e+01
2.936882766031669689e+01,2.839456119680073698e+01,2.956681202036355671e+01,2.917614787429602075e+01,2.938588412032220276e+01,2.956387320814445729e+01,2.920544288840727631e+01,2.877923530187922552e+01,2.947444986147678492e+01,2.938077208950466002e+01,2.864115927868050449e+01,2.878151578356670370e+01,2.983275116265940596e+01,2.940980514560897063e+01,2.938745466602131273e+01,2.910217838721382577e+01,2.960522960741775478e+01,2.949586757962629235e+01,2.904921862952636502e+01,2.908374267974210170e+01,2.883134494143831716e+01,2.959534275715151352e+01,2.969392847558276571e+01,2.972216954527789312e+01
3.045052600825192712e+01,3.087147470054077303e+01,2.940255097415945329e+01,2.974680898730724721e+01,2.966921513579961811e+01,2.864150572924057769e+01,2.894386604908737581e+01,2.938055612749622014e+01,2.917086186564381478e+01,2.904857602982497156e+01,2.879944325609051248e+01,2.886832649343773483e+01,2.999911155596601020e+01,2.919444141594044595e+01,2.982206612566602644e+01,2.907329949097891131e+01,2.878894114100626211e+01,2.959068864012294853e+01,2.902092845745892191e+01,2.893007217076740289e+01,2.960117487691917404e+01,3.007317034409385315e+01,3.120074916639623552e+01,3.099774650839560763e+01
2.906991661720610409e+01,2.917359807297304997e+01,2.945651375467298294e+01,2.974851673633008886e+01,2.817925902979601460e+01,2.899986236776294390e+01,2.895966915640207162e+01,2.928896713933903584e+01,2.895444255190381000e+01,2.890542910841787716e+01,2.951393824505487373e+01,2.895033708213799173e+01,2.977181698186984704e+01,3.019365406386850736e+01,2.981549308384120422e+01,2.889738215433141022e+01,2.910338888603132546e+01,2.849054629104034575e+01,2.973460004396912382e+01,2.957892264081027633e+01,2.987607751633169073e+01,3.095470328734887744e+01,3.202751025601105539e+01,3.171351838764473996e+01
2.909238645432873227e+01,2.975768379070990477e+01,2.964895186604695709e+01,2.921284184340908041e+01,2.812622924541489056e+01,2.905143000526419428e+01,2.942196748942819795e+01,2.804430562442672681e+01,2.944699890940802334e+01,2.988094703388560447e+01,2.886401637943765763e+01,2.947750195968694698e+01,2.923153027271121118e+01,3.006877456406289184e+01,2.924543932554809089e+01,2.967250899688485788e+01,2.924716433369741253e+01,2.940994560858564455e+01,2.917879493537333246e+01,2.993549803754075356e+01,3.101827421008869123e+01,3.060129436223172661e+01,3.030907427612680749e+01,3.105846162303453184e+01
2.926873343817680961e+01,2.951028409494017524e+01,2.953261411046401008e+01,2.894647994114842504e+01,2.946470524540228553e+01,2.966935128402803912e+01,2.911334597570947835e+01,2.771583367705630963e+01,2.875142403800560942e+01,2.892476729610581287e+01,2.905639800991167476e+01,2.841025213167796437e+01,3.019360844015693601e+01,2.924179271472729624e+01,2.932724972503802974e+01,2.937431994737363539e+01,2.949169702838349849e+01,2.847127589596567532e+01,2.871938206326279897e+01,2.894796874615292381e+01,2.977716184238124697e+01,2.923810884327423310e+01,2.998271053722169199e+01,3.017651977503084026e+01
2.906516935405863933e+01,2.923244478380183864e+01,2.948329793489273243e+01,2.918397493849295188e+01,2.939452130941492669e+01,2.830378656012669580e+01,2.851496320178421229e+01,2.880117377096058817e+01,2.926753392979821911e+01,2.893885656146198926e+01,2.938342471123013411e+01,2.867068127857652371e+01,2.927928067611810548e+01,2.911311715279543932e+01,2.862249989037121622e+01,2.976138532267907522e+01,2.957915951981999569e+01,3.011180106508032850e+01,3.057185690907493836e+01,2.950816346419208003e+01,3.067926360544271347e+01,3.007855473781177125e+01,2.959716331482400165e+01,2.942561422106820146e+01
2.960313069253567164e+01,2.911054000777960482e+01,2.925959176077816437e+01,2.893702387787681118e+01,2.848521208598282328e+01,2.833589943009991430e+01,2.846063108035286859e+01,2.981897100979705328e+01,2.837542733910686366e+01,2.909161501029507235e+01,2.908339667647709348e+01,2.952363827417553921e+01,2.914614058996562562e+01,2.954302163852474905e+01,2.933879784196005858e+01,3.007273338218203662e+01,2.966444892915302489e+01,2.984078914850300634e+01,2.991725662091778304e+01,3.030332023865025803e+01,2.988505103215408099e+01,3.065204561246275716e+01,2.965620887251884596e+01,3.075804490992766205e+01
2.820769528556331807e+01,2.969617512992232378e+01,2.854962235884261190e+01,2.856286597881273792e+01,2.839260466355750623e+01,2.938143732052026280e+01,2.946821574150322931e+01,2.899724819694807820e+01,2.867551072288631531e+01,2.956071690345282832e+01,2.903268329026809624e+01,2.918996328085910363e+01,2.921076809700446120e+01,3.003410444172465077e+01,2.908152789339686706e+01,3.016547592172543091e+01,2.935619974767956819e+01,2.997692089334009324e+01,2.829632745255622694e+01,2.889371686218930790e+01,2.912662410202318597e+01,2.996760354391744841e+01,2.950758931268359220e+01,2.973190297868103471e+01
2.920953424860255154e+01,2.850573070402492704e+01,2.972505450796381865e+01,2.890801787484093666e+01,2.884203658138255832e+01,2.827362061432796736e+01,2.943721656329910275e+01,2.886516459447284433e+01,2.780417968962706254e+01,2.822744128314843692e+01,2.916163635705459001e+01,2.981039184612728832e+01,2.948204612733189833e+01,3.071435651230615349e+01,2.901884952239606719e+01,2.849451775463313652e+01,2.891581312315094010e+01,2.954643548095646111e+01,2.889502995775734462e+01,2.892987114916763858e+01,2.980077140379006551e+01,2.938556854923552919e+01,2.921949484669187314e+01,2.846402520187029950e+01
3.003850850420104734e+01,2.886943929904077777e+01,2.875355437133623582e+01,2.912836247241506271e+01,3.092538875854535263e+01,2.952918585509587501e+01,3.022774973972690304e+01,2.908789687163096005e+01,2.922530774415832866e+01,2.888535846195009071e+01,2.865807168148324990e+01,2.833148671207322877e+01,3.023771528593590574e+01,2.947401364797974566e+01,3.011233542046056755e+01,2.928676189734795798e+01,3.000371543013341125e+01,2.920962726725269931e+01,3.010590433820249245e+01,2.924263254216992891e+01,3.044683600303625326e+01,3.039668895448227204e+01,2.902634822562453110e+01,2.815845561282094422e+01
2.860010861954663142e+01,2.924103725263967135e+01,2.833179668962048936e+01,2.955859559332469644e+01,2.974542167525089553e+01,2.863866765614886845e+01,2.904823289607355719e+01,2.929555655986700913e+01,2.830507597029355793e+01,2.987619081617202710e+01,3.016432174866707783e+01,2.883037416360093630e+01,2.871898337368281773e+01,3.017248883306081098e+01,3.064010925802438123e+01,2.921873059006156836e+01,2.977773690621057767e+01,2.939341272631440916e+01,3.062626304363044483e+01,3.118369702267239063e+01,3.001512409186511832e+01,2.956322002592941089e+01,2.992453343312359948e+01,2.945698693279643976e+01
