2.713256671573537915e+01,2.885004271474758752e+01,2.695904192455913062e+01,2.903112962224275861e+01,2.852852687862673520e+01,2.829552241808443114e+01,2.904077015170787490e+01,2.827172199240112604e+01,2.812010263074785144e+01,2.919831305348520800e+01,2.908814319840627149e+01,2.836541559278299474e+01,2.711012907501844893e+01,2.865138206029581625e+01,2.785846004833729239e+01,2.887128600697673164e+01,2.885850315024515567e+01,2.880796248352794464e+01,2.795627757703186944e+01,2.967658288002337486e+01,2.841092282199491592e+01,2.861536919393677181e+01,2.843063732601797255e+01,2.964165330063769943e+01
2.954388775206541595e+01,2.807434553415458822e+01,2.816112874950277956e+01,2.922259151255468623e+01,2.889156259644539659e+01,2.752915027173338558e+01,2.895203701896036819e+01,2.653911913627075592e+01,2.772251941586296198e+01,2.848888190931023701e+01,2.839792520875590753e+01,2.807919814153456173e+01,2.856916769386373289e+01,2.833916491535705973e+01,2.827852383220783850e+01,2.729123578512854920e+01,2.796112265977524203e+01,2.887284250155943255e+01,2.879118166542184554e+01,2.817430675176387922e+01,2.901073281328103803e+01,2.728643695910744782e+01,2.905664018179913910e+01,2.830453129248274990e+01
2.742781638378863818e+01,2.838740563537288608e+01,2.925746298308752102e+01,2.893016556613537205e+01,2.800292959742529320e+01,2.905214485743476871e+01,2.893734545615200204e+01,2.785293479863906896e+01,2.907388339016080181e+01,2.922070182872153055e+01,2.866366289897723618e+01,2.897645901839456428e+01,2.972771040190178837e+01,2.902904207304675310e+01,2.777133747257630603e+01,2.927290255729354840e+01,2.862298243883526538e+01,2.932611494707930433e+01,2.776784579936514774e+01,2.888039315826978282e+01,2.922792851546364545e+01,3.001761551786847804e+01,2.830233927121918214e+01,2.876002221957259053e+01
2.963159803767587164e+01,2.927477919281523100e+01,2.875583728474686040e+01,2.915491563022533228e+01,2.921923310539767726e+01,2.865380821106577969e+01,2.858218307737689656e+01,2.957006692948561977e+01,2.861085036374277024e+01,2.873273642124053140e+01,2.918635618791961406e+01,2.844857276204618302e+01,2.811917759115470972e+01,2.821245587846385661e+01,2.883572383233286018e+01,2.869994199392050405e+01,2.880271000339706688e+01,2.872499032212687098e+01,2.907893649188264362e+01,3.021493467109394260e+01,2.893522036610409032e+01,2.818362866736163141e+01,2.890998383127231364e+01,2.910801105072323480e+01
2.778197960690522450e+01,2.851258680240442800e+01,2.779147339416954310e+01,2.782989511532719007e+01,2.806999614986239067e+01,2.848387791263104418e+01,2.910324354529950597e+01,2.732180338585567370e+01,2.769593187782652421e+01,2.844575371913117579e+01,2.828629511443381261e+01,2.826293514696999409e+01,2.743436639315433467e+01,2.891853789921560747e+01,2.749425347967400057e+01,2.898957257479577265e+01,2.814535302298861552e+01,2.792606521993161550e+01,2.841906203652683871e+01,2.953071862664353375e+01,2.801657042615505588e+01,2.797503007271143360e+01,2.840871156197761138e+01,2.865744640303512369e+01
2.887200722257966845e+01,2.781378189311146798e+01,2.813692348108128272e+01,2.866176661577685536e+01,2.870654202104935848e+01,2.796517493165146107e+01,2.801811024306221043e+01,2.816300718549092608e+01,2.864522146162556737e+01,2.779411891198873263e+01,2.812142054193265039e+01,2.686891645626269565e+01,2.939522490988480286e+01,2.837878025833737183e+01,2.814303304153497720e+01,2.817779532878887494e+01,2.808132856427772595e+01,2.871823969479112293e+01,2.873080411831119818e+01,2.824630592636509618e+01,2.863495330840976294e+01,2.902554346930838847e+01,2.886438316110945834e+01,2.691793389058699404e+01
2.825678849192956932e+01,2.973381765827048184e+01,2.927355330616103402e+01,2.880282853974784985e+01,2.830541203034033515e+01,2.865064448911772388e+01,2.899688792154654493e+01,2.915779735810076545e+01,2.917881563882980345e+01,2.762443574908144228e+01,2.783795266823727843e+01,2.846700084057385993e+01,2.841352818293512428e+01,2.707385328054800766e+01,2.848964121369607483e+01,2.943331588527348686e+01,2.963588164138212733e+01,2.916669023263148119e+01,2.941737882291255346e+01,2.872578185836579223e+01,2.911969809302019030e+01,2.905742282038102076e+01,2.903173522870429224e+01,2.861666061014699380e+01
2.912843303395078465e+01,2.776052456603173368e+01,2.893491069626014678e+01,2.924849170748302640e+01,2.943310043222459171e+01,2.886134917335220962e+01,2.774447551013219027e+01,2.900362467842802516e+01,2.868857910471024297e+01,2.733745501407145184e+01,2.831464310418317609e+01,2.819440827436864083e+01,2.881009522078920781e+01,2.836477933633830162e+01,2.921663111817900926e+01,2.928196201413749122e+01,2.918364914825377809e+01,2.851007477839232251e+01,2.946556613826356852e+01,2.826063990123662961e+01,2.972699978698511813e+01,2.871403200533848121e+01,2.950118522565418289e+01,2.927311821493509569e+01
2.909003813784545400e+01,2.909646462285451207e+01,2.825610606705760119e+01,2.814857335804276772e+01,2.928907834482930639e+01,2.834375835711654190e+01,2.851344592606153583e+01,2.885485874133422612e+01,2.797698614374706949e+01,2.848623669896807087e+01,2.779755943332509105e+01,2.777312321227333314e+01,2.874761563006029519e+01,2.819539986321160541e+01,2.868480711047436671e+01,2.812698720503942695e+01,2.785164946375897443e+01,2.850063783591025413e+01,2.847400215578790039e+01,2.862093541974888922e+01,2.954445053861525139e+01,2.933081413705161822e+01,2.909662321900407278e+01,2.872996552784189817e+01
2.833930783261996567e+01,2.846101109918538441e+01,2.964648570822788543e+01,2.783762630988428555e+01,2.794172406881494908e+01,2.745662054838402355e+01,2.938575336551730288e+01,2.802843942905110453e+01,2.771027964678006583e+01,2.710634445813576576e+01,2.936240595789803365e+01,2.767019912269597626e+01,2.933525777839662396e+01,2.835898509769447173e+01,2.863770662857433535e+01,2.769346878332345341e+01,2.827293799326361068e+01,2.817857262389486550e+01,2.851117022236371668e+01,2.801581332949677972e+01,2.925794127472261152e+01,2.873636115134382862e+01,2.793262836366795909e+01,2.779457394831337069e+01
2.883370473334429107e+01,2.956350077595811854e+01,2.968017510956775595e+01,2.946826416166942408e+01,2.935288750278107273e+01,2.941192148664265460e+01,2.895579423276285524e+01,2.840880904793465334e+01,2.811556251351282754e+01,2.891115271571226231e+01,2.841431646999649274e+01,2.949857273566937010e+01,2.879792856369664378e+01,2.970163106210867454e+01,2.901070789447078369e+01,2.924753364109221820e+01,2.926437439729136258e+01,2.846341695516974823e+01,2.838704289725365015e+01,2.930098712734843502e+01,2.871307105004700588e+01,2.966894560706322181e+01,2.963468666109935157e+01,2.906301257705473517e+01
3.011986710086654284e+01,2.885540058065492985e+01,2.952661656652486499e+01,2.915065866431751829e+01,2.904570985089537771e+01,2.843887108942772102e+01,2.938486773908118721e+01,2.895841582743076970e+01,2.833663072126631732e+01,2.912661970028335645e+01,2.929491007232275024e+01,2.771958849195300445e+01,2.837193112858921040e+01,2.863870977155374931e+01,2.734904312053873809e+01,2.875426078006819353e+01,2.852834147313734547e+01,2.873223181071608678e+01,2.974644552163960043e+01,2.982917967262648062e+01,2.921983703527348553e+01,2.914114327427296303e+01,2.952536099679099380e+01,2.915170313210029462e+01
2.853618663222698615e+01,2.836057149616254947e+01,2.896175113592693151e+01,2.966902162133311549e+01,2.895429999842428970e+01,2.933310265020395491e+01,2.800645869439711078e+01,2.954484342223241811e+01,2.894201977027137218e+01,2.941564911050670617e+01,2.849341718991206562e+01,2.880258014874078754e+01,2.855184958731751976e+01,2.864610847537500149e+01,2.850106974127572812e+01,2.862048847971590249e+01,2.845601763693889552e+01,2.823593385440352677e+01,2.966697156573934535e+01,2.929796632537693313e+01,2.832854740920589620e+01,3.000368063749874636e+01,2.838346996126347221e+01,2.929543915789054154e+01
2.834157923008854141e+01,2.803880957098652971e+01,2.963266510996061243e+01,2.768640344265503472e+01,2.852760385965535761e+01,2.768429070781286327e+01,2.883603038390629081e+01,2.825212604042366138e+01,2.836568525176693356e+01,2.774998390334798160e+01,2.836114960419848785e+01,2.859264978692829118e+01,2.856577865084892665e+01,2.816400730677395359e+01,2.833619901208686542e+01,2.858602787965799052e+01,2.911785972661181177e+01,2.847201781297087564e+01,2.877628651878467281e+01,2.963170544298623099e+01,2.910259710268519484e+01,2.860073480992019768e+01,2.843596208167076611e+01,2.777838328096100895e+01
2.922876016633279050e+01,2.916049522785868930e+01,2.818357550317108462e+01,2.906003039192574988e+01,2.920977609803418318e+01,2.965794290026309454e+01,2.965420487369556213e+01,2.943395597388109763e+01,2.880010173221802461e+01,2.924378750819664674e+01,2.876090417563329993e+01,2.930998534518442966e+01,2.908912219361843654e+01,2.948634821989782040e+01,2.894424597391815723e+01,2.899955761139051447e+01,2.953322956491979312e+01,2.948067395346470221e+01,2.896130645933027381e+01,2.969425223861270524e+01,2.904173050626474151e+01,2.930118965289176458e+01,2.922689965491554176e+01,2.884753511683555871e+01
2.888159421310410835e+01,2.859830652495253389e+01,2.974609230007280303e+01,2.890238864727814416e+01,2.924809824635536870e+01,2.896345256956504954e+01,2.990639423809960817e+01,2.883097685499899399e+01,2.872661997522857291e+01,2.895157161074848773e+01,2.845568127881961118e+01,2.953064101396256547e+01,2.984262708158121313e+01,2.955270170063045043e+01,2.905980010261930602e+01,2.947196142449939771e+01,3.007184244475519108e+01,2.869680759670615089e+01,2.924698322234195302e+01,2.944346488962992225e+01,2.927078827170845443e+01,2.936946730868885425e+01,2.905908317195667223e+01,2.867857508574502390e+01
2.899692675694421951e+01,2.918786025512991955e+01,2.864246210728521191e+01,2.898816825896204818e+01,2.881824912644134429e+01,2.857539518226144537e+01,2.725986125571847651e+01,2.887532661815095025e+01,2.886569296987647704e+01,2.817521121945316054e+01,2.873894453473798194e+01,2.952526869760032469e+01,2.868964393543916458e+01,2.820313488398380741e+01,2.839702027971867437e+01,2.915493532192630255e+01,2.940071814250876514e+01,2.936029090186184476e+01,2.838510316627048269e+01,2.868166941332486886e+01,2.880090734415148290e+01,2.939964961898033380e+01,2.810341222578199449e+01,2.952742272646213451e+01
2.791625472432366450e+01,2.819892793441965750e+01,2.919435275888309889e+01,2.830962362925174602e+01,2.913198984766404465e+01,2.846948715251096473e+01,2.849288663763280738e+01,2.795498721631798844e+01,2.947945966980375943e+01,2.887301521657946068e+01,2.914169883424108320e+01,2.805693476635747174e+01,2.906326896901600776e+01,2.896701693821688650e+01,2.909896656906266799e+01,2.879443686253290480e+01,2.917774998220829730e+01,2.819145027993255326e+01,2.890818307822922861e+01,2.813683617624502631e+01,2.864268526129944803e+01,2.864407069352256485e+01,2.879190423264765286e+01,2.907041479465897282e+01
3.021079748445527002e+01,2.840681813900090447e+01,2.947089556914374953e+01,3.046616892096528773e+01,3.023349730068440522e+01,2.948443225777566568e+01,2.902081292299436655e+01,2.911508351667669103e+01,3.027695496663335462e+01,2.985581691697018414e+01,2.962683315564714803e+01,2.921425277068902915e+01,2.947138758530292080e+01,2.822889084872537069e+01,2.928531292744384018e+01,2.968255671153235653e+01,2.950539717423106367e+01,2.938495608861455821e+01,2.853502380301546282e+01,2.955413323645603896e+01,3.004276381617353309e+01,3.016063743035937250e+01,2.961764261290130662e+01,3.028840567230139413e+01
2.981871655461230830e+01,2.899566311282245579e+01,3.069890187709881957e+01,2.984897221209592999e+01,2.914631164476503500e+01,2.978320126085435504e+01,2.921661309726732725e+01,2.931443009442466519e+01,2.936175471396273906e+01,2.890788208198426901e+01,2.958699117455728356e+01,3.000857894469885423e+01,2.906834718653766458e+01,2.992710144557395324e+01,2.946524290956119785e+01,2.987342270164077718e+01,2.954215566057803244e+01,2.945034933785757403e+01,2.948538766901509689e+01,2.923381646575074910e+01,2.943161904124423245e+01,2.899993729220432215e+01,2.973051155742592755e+01,2.934854576413147242e+01
2.983205934410148075e+01,3.001088264620966584e+01,3.009929290486900300e+01,3.077328620369956980e+01,3.076164225937418450e+01,3.088766083531692175e+01,3.236326401753768778e+01,3.129087486355166448e+01,3.228165158387730571e+01,3.109581207708129114e+01,3.100349887687366390e+01,3.141419191630546948e+01,2.990975374276132470e+01,3.035669552402617910e+01,2.927128392329120743e+01,2.856583618921251855e+01,2.904986206833109463e+01,2.885548484354120546e+01,2.869431294143964806e+01,2.948786058262936649e+01,2.902563650804120243e+01,2.982853255348845778e+01,2.958693541566520935e+01,2.865147334610486496e+01
2.985616844213768672e+01,3.048577026003596302e+01,3.048902023165607034e+01,3.034256344895413804e+01,3.167773518328078808e+01,3.121252125349445805e+01,3.145491830244077391e+01,3.196423015208222296e+01,3.264346144958193463e+01,3.182100201930580852e+01,3.216225740134262878e+01,3.058905364013190820e+01,3.251642522463919249e+01,3.024796996603470234e+01,2.926396450089742984e+01,2.894414011611945625e+01,2.896308442531153560e+01,2.831868757947904669e+01,2.850105771144603750e+01,2.782079919763646103e+01,2.907141782265472330e+01,2.926306806103121971e+01,2.975256823509187143e+01,2.969982495779004239e+01
3.002219918786875041e+01,2.921494755134250454e+01,2.913719550713858553e+01,2.946826416166942408e+01,3.120445613720784195e+01,3.162489249050622675e+01,3.126283788734036762e+01,3.254110626965240272e+01,3.167644808918583976e+01,3.257838481159762978e+01,3.255465433685469634e+01,3.294306135154124604e+01,3.159979372572877310e+01,3.083405624641704890e+01,2.874556410750830082e+01,2.987632512790759165e+01,3.037078648420555282e+01,2.858875932359552507e+01,2.893249294828996199e+01,2.956946458116999565e+01,2.921365871740727016e+01,2.952190724597426197e+01,3.035896235712033331e+01,2.833026079328232072e+01
2.858815335278700331e+01,2.810844821959636874e+01,3.046981739358051300e+01,3.019940533895965018e+01,2.971948699969334484e+01,2.927375615379565943e+01,3.079995551135743881e+01,3.083223692889640688e+01,3.109269082244532001e+01,3.078113894276492601e+01,3.160766079996665212e+01,3.163867203245223436e+01,3.175150862815303299e+01,3.032451062177557333e+01,2.946626893326481422e+01,2.900085646153866037e+01,3.040400699611581103e+01,2.922729377333354250e+01,3.003075911066406434e+01,2.925802404376918275e+01,2.885029890706078959e+01,2.983948636605902038e+01,2.980196273912707738e+01,2.901070610495662550e+01
2.915282006344523325e+01,2.915068099397348078e+01,2.984738240991146085e+01,2.881485788280326688e+01,2.863262913755869477e+01,2.933051906653145124e+01,2.892060395024162744e+01,2.901746820648673975e+01,2.886087579292762939e+01,2.947793494637414824e+01,2.981194620818871499e+01,2.885330696606996526e+01,2.870265040330968986e+01,2.917939159444540564e+01,2.888561534590547808e+01,2.897518700756097587e+01,2.837185032620669745e+01,2.954978765078806191e+01,2.963325808399042671e+01,2.828829877666424863e+01,2.902173503764191764e+01,2.933649821265356650e+01,2.923587639620325263e+01,2.864745986636523867e+01
2.908917981826226651e+01,2.875314971636299788e+01,2.866154899348208573e+01,2.815602840803063600e+01,2.877615862943605407e+01,2.812421464798489978e+01,2.936957414797825550e+01,2.847620447988197157e+01,2.899933798132229867e+01,2.871608036039702938e+01,3.004370472126885261e+01,2.987864877868042868e+01,2.962952194252636673e+01,2.915096373324917067e+01,2.922372358244581392e+01,2.870587229615694014e+01,2.904455107861821261e+01,2.939846889117376350e+01,2.819984224562591635e+01,2.856404353732852996e+01,2.915743864142967823e+01,2.822294285990301432e+01,2.836996576129723735e+01,2.905014055760432257e+01
2.877851650775005510e+01,2.894429715219820309e+01,2.851107251992078773e+01,2.865010841454517276e+01,2.863600976770476336e+01,2.875229766287117172e+01,2.957188661989340517e+01,2.853371737614759240e+01,2.946795815101916105e+01,3.009991326493252473e+01,3.016768172231394374e+01,2.859918665867985510e+01,3.055852850682907729e+01,2.990111836708803139e+01,2.917969514258771824e+01,2.853422575309309650e+01,3.000243752549187093e+01,2.968166460422241926e+01,3.002959203108537167e+01,3.070725746903008258e+01,2.806502106547992526e+01,3.006145004718689506e+01,2.945291314965692209e+01,2.949244673631665137e+01
2.978089096008363867e+01,2.792574786513290519e+01,2.886812026787436025e+01,2.963061037309768153e+01,2.884618228508975335e+01,2.933249009983211408e+01,3.018776839455966865e+01,2.891770189717641415e+01,2.937464610850395275e+01,2.867510565570410108e+01,2.925936235834342369e+01,2.992449558374238450e+01,3.092652164717355845e+01,3.101330565020867880e+01,2.911354347021847389e+01,2.901427211184090993e+01,2.816342553502215651e+01,2.935948588318302654e+01,2.985641205909138307e+01,2.975982050764582709e+01,2.954976424804266344e+01,2.864404848579494001e+01,2.890718863293295726e+01,2.967468513661162888e+01
2.842831428174298480e+01,2.938148279520294182e+01,2.887027685927921539e+01,2.863644597924383106e+01,2.943583716853135002e+01,2.836005212197676428e+01,2.996757859799254220e+01,2.969207382116519511e+01,2.841420729928148603e+01,2.853157481295966136e+01,2.888542150822746635e+01,3.033909273343942914e+01,2.992446244400377964e+01,2.890066991966398291e+01,2.880495442652204474e+01,2.950742563524346451e+01,2.840974772253593983e+01,3.092845264061418220e+01,3.132313972923219580e+01,2.888854101146375797e+01,2.962461627075987280e+01,2.930496126749858377e+01,3.001708755526362893e+01,2.834693294863387791e+01
2.708977666686968178e+01,2.815755617933348276e+01,2.771814161465209736e+01,2.853442813657329680e+01,2.780710435651241141e+01,2.921104103167442645e+01,2.900517098503877378e+01,2.810974254178523779e+01,2.842163242098348519e+01,2.870936306317912567e+01,2.967940835924520115e+01,2.929983631572940794e+01,2.992826069801162703e+01,2.901115309084832461e+01,2.913528365919484031e+01,2.970500957712096124e+01,3.023474279718413982e+01,3.003635326040887321e+01,3.112159641425790824e+01,2.994369969618145433e+01,2.899400282738844226e+01,2.729517287814314841e+01,2.878123255045937867e+01,2.903829310862840885e+01
2.938536709224013066e+01,2.929943794975827132e+01,2.904372704980909248e+01,2.824183789277816459e+01,2.888265391999618714e+01,2.819063938472550035e+01,2.937489843771498954e+01,2.954521487943827651e+01,2.975465400831569696e+01,2.965559591462471190e+01,2.905675197772751517e+01,3.199222731278365472e+01,2.954633342851093403e+01,3.103795861925112831e+01,3.050142048962032959e+01,2.975839320478235095e+01,2.983746251398611093e+01,3.034560858379211368e+01,3.208195037470869693e+01,3.195469710461367185e+01,3.005795823664112731e+01,3.033663432712376107e+01,2.864497112535804035e+01,2.951483699826945895e+01
2.758573548598303660e+01,2.827176135702222837e+01,2.930227935630693992e+01,2.997825595257523901e+01,2.849950103807805135e+01,2.861238958774600860e+01,2.965229041245709141e+01,2.907628872592840708e+01,2.875105527702629615e+01,2.929543401986353501e+01,3.008713116114353170e+01,2.970597731038816391e+01,3.019239864251596828e+01,3.108528185789174358e+01,3.032521484632303554e+01,2.981760981380443809e+01,2.990105420559439153e+01,3.001706667039155718e+01,3.215834224804183350e+01,3.176331695812336875e+01,2.935445530017886995e+01,2.900502676944358882e+01,2.965691756504742216e+01,2.906234067957223033e+01
