2.789474469599042550e+01,2.796186459632701826e+01,2.945198872431592463e+01,2.869914889766272381e+01,2.844658669458073064e+01,2.869092872345464684e+01,2.708933753663666266e+01,2.841899685987038993e+01,2.848679978979964744e+01,2.911556332485179155e+01,2.856083425033773437e+01,2.806129806261230897e+01,2.791837845371759386e+01,2.922313344744571850e+01,2.888133252961614517e+01,2.922741320811832111e+01,2.966658676402090578e+01,2.872625847113164355e+01,2.990751069929609685e+01,2.914612494221779571e+01,2.880128449899450516e+01,2.877107673239419228e+01,2.810738969711792379e+01,2.907369006399744649e+01
2.838493953862848684e+01,2.720052958252421149e+01,2.857868147677595516e+01,2.840821767644024476e+01,2.856975651139794081e+01,2.816062958050753195e+01,2.864266254799230182e+01,2.759061844588740087e+01,2.942540224857367548e+01,2.906759969120662390e+01,2.745326331264033115e+01,2.842320137669889846e+01,2.785368914069528046e+01,2.804888043109025375e+01,2.798079565136072233e+01,2.806258107223140996e+01,2.809379649459975781e+01,2.792761356992787114e+01,2.914266495601725637e+01,2.897130773137058668e+01,2.938189275589866156e+01,2.996145031038906836e+01,2.826358032769292095e+01,2.847060706058078949e+01
2.863227107220177459e+01,2.780608363733102806e+01,2.845387200476369571e+01,2.908547455456618991e+01,2.814705470154319755e+01,2.941231311994670250e+01,2.863890317687383913e+01,2.798442577302279233e+01,2.961649598774420156e+01,2.830617585923198476e+01,2.857960194153127986e+01,2.828736238623997679e+01,2.843645027659800917e+01,2.874735690499903740e+01,2.889503494883297208e+01,2.879360603950595987e+01,2.874678096722806231e+01,2.986033504077136058e+01,2.852209947100351428e+01,2.900973666066744272e+01,2.871432679279712374e+01,2.950431314389248882e+01,2.776445836692033708e+01,2.868408190724272799e+01
2.855699350208914211e+01,2.846865882739319886e+01,2.820586640305219817e+01,2.792815839365681541e+01,2.913710753683517396e+01,2.746936686025827612e+01,2.998693068406890916e+01,2.885867376512118199e+01,2.934511451350925881e+01,2.905443716687813094e+01,2.930249266706800881e+01,2.856480510706541054e+01,2.862599796544611763e+01,2.812978740831380264e+01,2.855322028787372801e+01,2.921088169354311503e+01,2.971705044736870605e+01,2.864308641301408898e+01,2.961040516537758549e+01,2.911175343793911452e+01,2.906460993684652294e+01,2.896014170216557204e+01,2.905085365994995072e+01,2.881022724722862449e+01
2.770014436919581158e+01,2.842952711773239116e+01,2.879945607497393212e+01,2.902438463079914754e+01,2.881892850293297670e+01,2.880861725116551497e+01,2.921274858167129196e+01,2.781881570230274292e+01,2.875231117296181083e+01,2.817377314441353064e+01,2.933499898738000411e+01,2.836676740684316655e+01,2.922794898513495809e+01,2.846236656515566210e+01,2.889529518556736321e+01,2.816744646305556898e+01,2.825072345400479890e+01,2.822228958037140956e+01,2.814229856305513522e+01,2.828615161493161168e+01,2.853914078220071815e+01,2.789306500533041344e+01,2.895389527844264421e+01,2.962085964569183716e+01
2.855903674674971171e+01,2.863812004066625150e+01,2.912987261068559519e+01,2.794410019920235300e+01,2.882461167422496828e+01,2.808260262138009011e+01,2.773337738665179586e+01,2.944233247340542903e+01,2.836941016597921816e+01,2.884720566143550968e+01,2.877230833800729215e+01,2.844241467078620644e+01,2.857651901335566436e+01,2.829500365816636531e+01,2.971382075524297761e+01,2.846373495223519967e+01,2.855724704876024589e+01,2.826091658090990677e+01,2.845581263039224496e+01,2.911758202841895127e+01,2.855080578686573745e+01,2.855470236979562060e+01,2.794720877466096454e+01,2.810829697038104769e+01
2.794815422132131744e+01,2.943503870246530596e+01,2.877094356331826930e+01,2.892593972416563020e+01,2.981538250362564213e+01,2.817444653896461659e+01,2.796090433582281776e+01,2.870122395726639297e+01,2.927689460411511391e+01,2.846244790410219139e+01,2.920096293848922642e+01,2.892419663313705769e+01,2.886811846458465425e+01,2.932748420857137717e+01,2.982385540343580033e+01,2.846037026897880651e+01,2.900719422971980066e+01,2.872121772275028206e+01,2.878250705969679757e+01,2.920034277355472341e+01,2.865932902826733653e+01,2.916695883325553496e+01,2.895103210876192179e+01,2.894193195135767382e+01
2.904635368753298508e+01,2.980171480841323728e+01,2.926745609983089480e+01,2.855453139692781406e+01,2.915697261165195187e+01,2.934786969204174056e+01,2.860730555244794004e+01,2.947410148413638353e+01,2.842193452479722282e+01,2.816451571920731567e+01,2.930041593306651748e+01,2.864327037767395723e+01,2.908253875497149465e+01,2.881416590252655396e+01,2.841899695235275658e+01,2.937460583484812560e+01,2.927915149597174604e+01,2.860677790591796565e+01,2.956409471341237349e+01,2.854678658245308043e+01,2.833169806358120013e+01,2.919695144341335435e+01,2.922231015337098370e+01,2.760252648705750289e+01
2.879753744578334818e+01,2.737043115037619145e+01,2.875863692036364228e+01,2.844686362523555090e+01,2.883003047795034490e+01,2.881192569155973615e+01,2.951565511391322616e+01,2.948687868931352796e+01,2.681715837004270497e+01,2.822491404149161554e+01,2.857467121964276657e+01,2.785960934505357045e+01,2.883106601202604224e+01,2.929736696611041680e+01,2.825394134812989932e+01,2.804190586068438051e+01,2.845459390264829835e+01,2.807199593906256041e+01,2.873830211859382189e+01,2.818795446996188048e+01,2.802153254361638801e+01,2.870723820673578075e+01,2.787107136446360300e+01,2.826587358517502935e+01
2.970973772390482281e+01,2.919077895781441612e+01,2.898125344741572462e+01,2.890581537214046648e+01,2.748593682060175070e+01,2.919064044608921904e+01,2.859155876463455570e+01,2.829665230741716186e+01,2.954978006587418804e+01,2.772315632858260415e+01,2.858953800705307913e+01,2.810343041408708586e+01,2.841332075764671572e+01,2.827479210283831890e+01,2.855250959118615128e+01,2.777904322824917926e+01,2.869782235560239769e+01,2.792473835566181606e+01,2.825135960378077016e+01,2.915375874283841995e+01,2.917364714806194570e+01,2.847533049695545060e+01,2.878543450179722640e+01,2.828304334878492909e+01
2.834301394870965396e+01,2.868825112779290976e+01,2.805535012451753119e+01,3.013525959193492554e+01,2.871392487366824753e+01,2.914772735317751540e+01,2.886951715791002471e+01,2.849637382166167754e+01,2.733482585172146173e+01,2.831301304083154946e+01,2.951233342729221931e+01,2.891076458085638023e+01,2.904712369997616861e+01,2.895062605070927475e+01,2.859026707448788329e+01,2.883187494916455762e+01,2.815705105334166092e+01,2.872246969060074662e+01,2.812999025497094863e+01,2.887659630538632882e+01,2.880697957367283379e+01,2.923439567740052780e+01,3.009990906226602192e+01,3.045425804701562811e+01
2.782701166425306383e+01,2.896777440009611837e+01,2.925430939862098967e+01,2.831704582923282487e+01,2.896207216690305586e+01,2.853446333496862053e+01,2.965274006373061866e+01,2.799482880108286054e+01,2.893957359014257236e+01,2.819083816189925074e+01,2.820139607483827149e+01,2.864073709844092264e+01,2.928242749283532476e+01,2.904813970108574495e+01,2.894881391916942448e+01,2.850282431293834406e+01,2.861215141273697782e+01,2.881646128535135176e+01,2.966303604937229466e+01,2.923029492146679331e+01,2.999870188498442758e+01,2.888519767442187458e+01,2.926171110201670444e+01,2.907276367785465254e+01
2.883707182737140329e+01,2.865432244483554314e+01,2.813747234731653180e+01,2.868023371255577558e+01,2.797482384854743032e+01,2.801802867078521331e+01,2.894400567014878334e+01,2.828136582095936546e+01,2.851750942942277334e+01,2.899724789115765589e+01,2.840594420767121164e+01,2.788571692415399639e+01,2.814147776875353202e+01,2.840051231557640676e+01,2.922742872028487682e+01,2.886023179846677067e+01,2.853445004480130365e+01,2.880954548503069645e+01,2.924750924549510955e+01,2.921409691246725515e+01,2.841834162318485824e+01,2.818157955400471337e+01,2.918683533670093766e+01,2.903674274786362730e+01
2.942530901773557162e+01,2.795530040415599160e+01,2.918602022419423747e+01,2.868755144761001930e+01,2.879688652842486363e+01,2.918037138396402952e+01,2.978181842741742003e+01,2.833787928087173213e+01,2.878075481623130827e+01,2.849430937378082263e+01,2.844262976863967651e+01,2.883910049952584131e+01,2.864179500856317873e+01,2.840089783952987545e+01,2.841436884676534191e+01,2.866364938171244603e+01,2.886739244651158742e+01,2.838800049032431616e+01,2.935430571129012378e+01,2.855437961687658799e+01,2.867380531706606916e+01,2.851870138280315814e+01,2.888423538816869041e+01,2.859270099274635868e+01
2.855855955999879825e+01,2.926910711465433224e+01,2.883700088033208431e+01,2.915846710639181083e+01,2.912322061193822265e+01,2.870380322339320855e+01,2.853887184519624043e+01,2.764093086646516895e+01,2.837912937909067068e+01,2.866321798619742367e+01,2.867391475331953643e+01,2.857155556586059220e+01,2.834469092198071394e+01,2.940305684684977905e+01,2.902131605283420868e+01,2.924330080205623972e+01,2.894979908222995846e+01,2.956315065046885593e+01,2.921337916954990988e+01,2.893762978293466404e+01,2.913054927723368337e+01,2.921955046965990732e+01,2.788751830851748537e+01,2.912665206865659684e+01
2.860302512129464958e+01,2.928050215880426776e+01,2.911369993951478818e+01,2.827252679354944576e+01,2.810829987898290483e+01,2.853115322656378794e+01,2.846339714432900792e+01,2.840780066888362398e+01,2.864195221520242285e+01,2.853591138740000588e+01,2.853533960996878704e+01,2.863563326093810701e+01,2.943631487459492746e+01,2.898435624492839224e+01,2.945868813497077099e+01,2.890513179008871703e+01,2.917187242047310747e+01,2.861284903884018149e+01,2.932949770377950927e+01,2.936034866618388151e+01,2.918755628818735204e+01,2.842812546473652446e+01,2.915540515194925320e+01,2.877861004204510209e+01
2.910144079548723539e+01,2.816621185462895482e+01,2.800293679569932692e+01,2.908281076380626473e+01,2.786610321066308416e+01,2.866054426589499826e+01,2.785264671362898525e+01,2.845578975259934396e+01,2.844646845750389730e+01,2.891220511411910365e+01,2.865090382894328513e+01,2.862672881509774925e+01,2.876378684906961780e+01,2.827797277502787665e+01,2.895396545366344299e+01,2.922973016693902082e+01,2.831878762721237308e+01,2.960473160463715203e+01,2.962614705207562338e+01,2.942623526568331727e+01,2.854496669087700411e+01,2.914601556665371618e+01,2.941767267578785550e+01,2.927154409346508146e+01
2.859749770273577951e+01,2.849035396178089741e+01,2.836978840332506024e+01,2.859269776339158398e+01,2.834800501315584143e+01,2.786294651771106601e+01,2.790485026140720493e+01,2.836808914301252571e+01,2.840999432198594832e+01,2.813525029676645772e+01,2.856697443838402251e+01,2.829871738171851803e+01,2.881758699542473323e+01,2.840089783952987545e+01,2.885279863737912365e+01,2.757784900698800357e+01,2.941913380340889717e+01,2.777656759367255290e+01,2.865748927185001094e+01,2.905267596334954305e+01,2.872912946805524825e+01,2.873405033043547974e+01,2.905953607876580236e+01,2.899132001583137708e+01
2.877108203804783670e+01,2.928016318114924843e+01,2.827103115973818603e+01,2.763859950555348632e+01,2.839005815256666665e+01,2.800218845590467254e+01,2.738150445395348243e+01,2.852184141819083152e+01,2.800211967815448588e+01,2.944001110599202775e+01,2.920532191859047089e+01,2.846346857865097491e+01,2.906079820026354810e+01,2.895839215902879005e+01,2.838116358011927787e+01,2.927578718757155229e+01,2.941952438138901016e+01,2.946927432045094974e+01,2.979011893298019231e+01,2.896887795682374644e+01,2.961438431151555051e+01,3.093754922940655661e+01,2.882008837032810789e+01,2.949916508210731081e+01
2.954070215425736023e+01,2.852501238721117716e+01,2.785276746169864737e+01,2.922244022356215964e+01,2.942052618905023564e+01,2.828296065189749697e+01,2.913305670945572956e+01,2.872178663041069058e+01,2.827082461970570648e+01,2.882264186000162454e+01,2.865654278920828801e+01,2.807066231283920388e+01,2.881777937944195855e+01,2.868666082382452487e+01,2.954485942200358295e+01,2.880807915122699114e+01,2.878941535970369614e+01,2.936605976475266289e+01,2.872317240025222418e+01,2.915045425589363504e+01,3.020388803271083589e+01,2.909012344443340226e+01,2.964833181809677853e+01,2.890783994010371316e+01
2.857422843064910012e+01,2.781469865971484978e+01,2.873093164000908928e+01,2.797506867246715956e+01,2.838140075753949532e+01,2.871644151654311372e+01,2.798894744112197941e+01,2.950862991376015998e+01,2.823613521385635750e+01,2.871691047503475147e+01,2.893123032004547213e+01,2.870624820654387577e+01,2.851403482057907013e+01,2.913877775373106260e+01,2.869377061035021370e+01,2.962281605312023203e+01,2.929544446808063185e+01,2.976468700604812057e+01,2.860901289383883750e+01,2.907104479115969298e+01,2.894070732263350010e+01,2.870561335772646316e+01,2.860573156103527026e+01,2.964764459995211610e+01
2.839452542595773821e+01,2.886781981811799369e+01,2.911959842193806480e+01,2.826367034639139320e+01,2.984575473024091252e+01,2.815710408855591140e+01,2.898552896135549872e+01,2.849979976627230371e+01,2.852523538842132211e+01,2.855005111143952945e+01,2.879926865801115810e+01,2.819939539934983941e+01,2.864243093549197283e+01,2.900680894012089084e+01,2.834650703245631576e+01,2.886000764815332786e+01,2.871240811307649210e+01,2.873303624525772193e+01,2.909564479469065645e+01,2.893409159284948373e+01,2.863948024574261808e+01,2.848620768113141821e+01,2.984905015356906688e+01,2.998090049868312690e+01
2.831043707790956887e+01,2.933112048407411976e+01,2.962459567941061778e+01,2.976098171425229566e+01,2.875973518738260282e+01,2.794565045579241769e+01,2.886930541377961390e+01,2.931588278914381362e+01,2.776252812310650597e+01,2.837465661722688992e+01,2.907901244868327240e+01,2.864953455875496502e+01,2.866122096121966933e+01,2.924631616484020924e+01,2.848917418631526743e+01,2.911829506162894177e+01,2.873634911432378658e+01,2.902550695384024948e+01,2.831958818634041108e+01,2.913673320478108053e+01,2.948572884922486992e+01,2.979622105441427493e+01,3.100104698320063790e+01,3.207826177854121852e+01
2.829599585721200583e+01,2.802582550509544035e+01,2.884190053531040121e+01,2.859396405761850701e+01,2.889711261787891772e+01,2.827232139873507322e+01,2.875556112463277714e+01,2.862966388997682543e+01,2.912222400107714293e+01,2.795518580911129902e+01,2.931023488916468978e+01,2.867396500147077631e+01,2.926027889610719512e+01,2.972803865050332206e+01,2.904262524351992170e+01,2.959346493556864743e+01,2.893721122769477461e+01,2.879707111458992586e+01,2.924888990908220876e+01,2.969841190357857386e+01,2.984649553582397630e+01,3.011633722513965949e+01,3.246190280878192880e+01,3.278602954018396076e+01
2.739511460370346185e+01,2.825060055263963932e+01,2.878084853549290756e+01,2.814745193103016163e+01,2.780572993651429670e+01,2.833445850194834748e+01,2.755429004612625477e+01,2.784652034730180503e+01,2.716310344547531486e+01,2.762293500567130877e+01,2.832481078580639178e+01,2.894212006120091019e+01,2.896022738377183714e+01,2.840770911807862831e+01,2.879924066657849835e+01,2.871885116037293528e+01,2.863224062695439898e+01,2.912308048539387073e+01,2.795247644341480964e+01,2.748731547315804846e+01,2.839500272308634976e+01,2.979362173649815304e+01,3.067114445883214557e+01,2.971728189825586242e+01
2.814975095878241973e+01,2.720061824386419858e+01,2.837706212608321721e+01,2.728115708819126439e+01,2.774845744502226808e+01,2.747969133196778557e+01,2.819649097922456349e+01,2.784858436054958020e+01,2.855541654374263771e+01,2.773566780895936290e+01,2.802973209258414045e+01,2.839892709948946958e+01,2.919468589515435042e+01,2.924322290443222983e+01,2.826715232650843745e+01,2.844862018563645734e+01,2.878584816601454577e+01,2.914247050776555170e+01,2.972582338012347236e+01,2.848262187586414029e+01,2.925726667796703850e+01,2.851355315330096118e+01,2.980345528821447942e+01,2.954211378829495516e+01
2.779541369023263542e+01,2.908136171711498719e+01,2.737313780768789684e+01,2.836162612805361505e+01,2.855152167404992269e+01,2.827895089001458473e+01,2.795603188395443794e+01,2.901829786257968635e+01,2.882069636446897221e+01,2.834404733479169636e+01,2.845013549918337503e+01,2.833414263759090090e+01,2.813623442317117451e+01,2.892235449655851198e+01,2.855285478450156234e+01,2.863191547688978744e+01,2.846331171954193451e+01,2.887126692939136774e+01,2.938225994035485655e+01,2.912162551780613740e+01,2.895432483973786475e+01,3.075099221808687844e+01,3.016473110454558082e+01,2.981268919927731531e+01
2.761583203925556518e+01,2.829929451961959330e+01,2.771768486345035853e+01,2.808549556630782718e+01,2.755543474182422869e+01,2.866173344337232720e+01,2.895568883282936667e+01,2.864472060964908451e+01,2.835511244302466594e+01,2.709308621044368692e+01,2.806507992148567610e+01,2.929643293518711289e+01,2.939200551756943014e+01,2.912492369881528020e+01,2.994406859135000332e+01,2.947965863026485067e+01,2.919212067908483732e+01,2.760787905891237415e+01,2.862897667464682172e+01,2.929806133957515613e+01,2.985946085617860035e+01,2.896031609795517170e+01,3.026642375647747940e+01,3.021672469167441477e+01
2.834727598754977862e+01,2.836818766879963505e+01,2.723293766365100055e+01,2.898608506794619188e+01,2.873683120586531459e+01,2.766504146197894443e+01,2.807093000579749287e+01,2.761620042966950450e+01,2.832925373600772900e+01,2.689784888253990403e+01,2.804195249799727208e+01,2.876249617678138293e+01,2.778295160927257257e+01,2.788167702010048288e+01,2.910459252323761348e+01,2.885053008462767821e+01,2.851541682124212684e+01,2.935450152319833705e+01,2.932353483162683006e+01,2.861030301516677810e+01,2.994364424798510527e+01,2.800216610698959130e+01,2.972862867517494578e+01,2.805409147739720765e+01
2.700804691257337709e+01,2.760615849824114321e+01,2.899039416474732889e+01,2.823392178914201622e+01,2.772453872078017412e+01,2.807791924613110268e+01,2.730293616287156055e+01,2.742760025329914697e+01,2.696733256685985225e+01,2.824325239872513293e+01,2.902282077701818253e+01,2.710293130702228837e+01,2.699261545494874781e+01,2.817531977377478825e+01,2.905214304591714836e+01,2.848222993819535986e+01,2.957773083787293444e+01,2.841462010369713198e+01,2.829073138649147268e+01,2.927380657970076072e+01,2.932095611632848886e+01,2.846811576221477935e+01,2.934016414941078210e+01,2.896454108112777703e+01
2.771892326306908672e+01,2.870600141020162255e+01,2.798890621240661858e+01,2.719943422371807173e+01,2.741833678344892178e+01,2.833433974984939141e+01,2.710825447732355542e+01,2.752801086809523667e+01,2.797720566620097316e+01,2.915658441354031538e+01,2.774080593275982665e+01,2.828039868514321142e+01,2.783516272522945201e+01,2.875429675017488762e+01,2.960090299179069007e+01,2.885434045630620403e+01,2.954692589320961815e+01,2.985263117618944761e+01,2.842884071849789507e+01,2.978103206495643462e+01,2.997770225168289926e+01,2.959428698035355865e+01,2.926689036018802881e+01,2.896938477067789108e+01
2.859071344366913081e+01,2.767029711573786699e+01,2.774329441949345210e+01,2.895038951563117280e+01,2.865260061309743378e+01,2.739096474690029481e+01,2.802457842365998886e+01,2.768950425768747436e+01,2.824258561826519554e+01,2.773319721118633652e+01,2.833130911695428722e+01,2.795826657680271410e+01,2.868443911647057121e+01,2.816216111375587161e+01,2.900005259868169105e+01,2.932640209441666457e+01,3.023603098173174430e+01,2.889957705511693575e+01,2.950680987717623793e+01,2.888683767927892632e+01,2.905049512523879685e+01,2.824885489081464129e+01,3.051924986149828101e+01,2.875334635516827575e+01
