2.717301348769871083e+01,2.874984783791109066e+01,2.904614676292521835e+01,2.914806311750214718e+01,2.843226404634685878e+01,2.803929514158630809e+01,2.955329399805367530e+01,2.835828480208317615e+01,2.961352297543083978e+01,3.028601479445211453e+01,2.993531577270510979e+01,2.902724980759961682e+01,2.773410084640545392e+01,2.998881890387792737e+01,2.917386963368386432e+01,2.976750461345028498e+01,2.992122777433866077e+01,2.945761736393899355e+01,2.901403850860333478e+01,3.007691954940742107e+01,2.963229479943919387e+01,2.963779478130862799e+01,2.984033726601188619e+01,3.083567914205940497e+01
2.941590599664084493e+01,2.959225404265919224e+01,2.874746769433016880e+01,2.861059586189418269e+01,2.788414225198806662e+01,2.965141927242905240e+01,2.929191051822351710e+01,2.825513862107254681e+01,2.945189011883331887e+01,2.956608667435097004e+01,2.865511692053706838e+01,2.879495720432191774e+01,2.994434599970639965e+01,2.822695842049751036e+01,2.878276484387117762e+01,2.951206937833421762e+01,3.015869375205460301e+01,2.934569779334435680e+01,2.879950099416612375e+01,2.971820802625819624e+01,2.912639559274180101e+01,2.972414070866778957e+01,2.907079797636578178e+01,2.882924335737271804e+01
2.794517809979527101e+01,2.895633100484258193e+01,2.894243828321316414e+01,2.938122493102525823e+01,2.855937971913527917e+01,2.942885349912245374e+01,2.829743968334503279e+01,2.855837021980909185e+01,2.830943358453481551e+01,2.955062282398586149e+01,2.863035142527581911e+01,2.876566274709534810e+01,2.810412721561118587e+01,2.985181129696184144e+01,2.879698402180326866e+01,2.990878935401559602e+01,2.835163033364881358e+01,2.885936570446295946e+01,2.998708966410362109e+01,2.942463037475437204e+01,2.902728124506779750e+01,3.026247732873287077e+01,2.955600849546823383e+01,3.004153356144320242e+01
2.896298666708543124e+01,2.870156922995278137e+01,2.853004254153313468e+01,2.878726131869370874e+01,2.913321853904403724e+01,2.949815851762701868e+01,2.990133982922588984e+01,2.945959115161423369e+01,2.875538590170992848e+01,2.871834892963073571e+01,2.980962019902193560e+01,2.908900455550519837e+01,2.977018647273172292e+01,2.949187060894149681e+01,2.927433253069852981e+01,2.915710120506327030e+01,3.002883948783227197e+01,2.898051610874404105e+01,2.964853437222933508e+01,3.020256723079091898e+01,3.028739252812050609e+01,2.913614514072304473e+01,2.817942097182469752e+01,2.999724672027093675e+01
2.754506777809211826e+01,2.861261196303354382e+01,2.798567858138790143e+01,2.939379376225946316e+01,2.900929122116241388e+01,2.906672250285487280e+01,2.880429722538934811e+01,2.803961522365290193e+01,2.803635900250407076e+01,2.884249385243333563e+01,2.921133926067432185e+01,2.884935605737456399e+01,3.007811470592986325e+01,2.878940848010500986e+01,2.957430455124057289e+01,2.870513142489335223e+01,2.831808546901413592e+01,2.946565582650885062e+01,2.834418027919656424e+01,3.007265515288713686e+01,2.945421810452296540e+01,2.944428182141075467e+01,2.811476202984010797e+01,2.861757180902276332e+01
2.917251497190102327e+01,2.837193200233917878e+01,2.988898241234369380e+01,2.915585602556325284e+01,2.848596389598606038e+01,2.898269372012418899e+01,2.905520363411011431e+01,2.982298792169564194e+01,2.955916734547361102e+01,2.949254047287251979e+01,2.947307737368373637e+01,2.951468693045052305e+01,2.908664033478839883e+01,2.956039651704344351e+01,2.894585830759865530e+01,2.879870385519717502e+01,2.810838831682667660e+01,2.988997506965608864e+01,3.004742709877808693e+01,2.919915393777949930e+01,2.914652396315648275e+01,2.853738389416264454e+01,2.921690841140241446e+01,2.919337332404688823e+01
2.995155872513652184e+01,2.947297543580140200e+01,2.808499497972479730e+01,2.893812587709169293e+01,2.971552791335602706e+01,2.909930518524583931e+01,2.818801730437422748e+01,2.898179981863455623e+01,2.904009285928162853e+01,2.971928964672730444e+01,2.957494111816930626e+01,2.948817199204023609e+01,2.870658480844338101e+01,2.973082663617378785e+01,2.988620409470183859e+01,2.976161469161075956e+01,2.899580763375377046e+01,2.925968550596803652e+01,2.948182320275566326e+01,2.970296736065250798e+01,2.987227470821886754e+01,2.963090187892930771e+01,2.906407878717232052e+01,3.028130080461272655e+01
2.954734723367960214e+01,2.887667085847061799e+01,3.070398911631667715e+01,2.797019578226570502e+01,2.931355379977321718e+01,2.958695779273671178e+01,2.999359085495439103e+01,3.015499455822617847e+01,2.967384045549573557e+01,2.926546952270268775e+01,3.006571322994955153e+01,2.977910573801818828e+01,2.965501897920336205e+01,2.851678754430321305e+01,2.918242045344823055e+01,2.909410805877172379e+01,2.948853172707327985e+01,2.900351041591767398e+01,2.954716149706644046e+01,2.853230581289676593e+01,2.955335070667769060e+01,2.950345145354975784e+01,3.016027668881122281e+01,3.056480974549856455e+01
2.939529463044544855e+01,2.844761377190502571e+01,2.772510342151781515e+01,2.869607770557973936e+01,2.986499859875442553e+01,2.859450562789322703e+01,2.914346022667268699e+01,2.898978872927932571e+01,2.848986891790013942e+01,2.869157412665856555e+01,2.923791924625510319e+01,2.838364200300088669e+01,2.918344016509746552e+01,2.917244086876928577e+01,2.926570453105961178e+01,2.890999053522574513e+01,2.913050400689428443e+01,2.997870809719711360e+01,2.885787140355762403e+01,2.903722593698432775e+01,2.840660522703439028e+01,2.966569548615865415e+01,2.945911711504618324e+01,2.854671764548504598e+01
2.907972679249155590e+01,2.964987189652657662e+01,2.933922720266696160e+01,2.950429912391177822e+01,2.910989145150995228e+01,2.882005372094806717e+01,2.953902213399447874e+01,2.961107225765124440e+01,2.913073636022494384e+01,2.889791688822964488e+01,2.959565136640600258e+01,3.031305041326419314e+01,2.828782388564826533e+01,2.950082600698715396e+01,2.841125716571303883e+01,2.951649919612594886e+01,2.854129350173269586e+01,2.846308648047465795e+01,2.977865334196906133e+01,2.928486124198934704e+01,2.923308858589700776e+01,2.923993171398427648e+01,2.965854944322757092e+01,2.990360455220275071e+01
2.859431741330729437e+01,2.898655300362878506e+01,2.921440965543672519e+01,3.020900833668093810e+01,2.902813255239368573e+01,2.893209387580270686e+01,2.847058247912076467e+01,2.968872035042687685e+01,3.006192978497534796e+01,2.950200338821372270e+01,2.987410223154245159e+01,2.978636649783419443e+01,2.976273014025213115e+01,2.950273466020519209e+01,2.931880172990975097e+01,2.956651598604400988e+01,2.884633319344027313e+01,3.026368979502751699e+01,2.932494977607910869e+01,2.920497314514091158e+01,3.064939891342100964e+01,3.036651555132050362e+01,2.933835550253110114e+01,2.970354783770710583e+01
2.829921249764657887e+01,2.891647519053213955e+01,3.003463535266797635e+01,2.935413361493260709e+01,3.021045317144131559e+01,2.981938782880513372e+01,3.007081122633644554e+01,2.985312057168061983e+01,2.942793489387594263e+01,2.854236116719010852e+01,2.957960724158357380e+01,3.004608048302117140e+01,2.918649226346281012e+01,2.931690872721634378e+01,2.934017138147743253e+01,2.907804811771541154e+01,2.984041056221349208e+01,2.870171184065372927e+01,2.911979763020707423e+01,2.922088477446914112e+01,3.013768532618814788e+01,3.008273044516874961e+01,2.962538288403078468e+01,2.983949654143742691e+01
2.903075927111808596e+01,2.834754067836524882e+01,2.881411914653386930e+01,2.849648383979496202e+01,2.908332578214088926e+01,2.936079959555786445e+01,2.842003678071097283e+01,2.866940391060262527e+01,2.905481258446195625e+01,3.024640624890554363e+01,2.963675019544547240e+01,2.931825512911512988e+01,2.878261383078194058e+01,2.890386145477299351e+01,2.920010693080359943e+01,3.016213701524412727e+01,3.045770278662138253e+01,3.058606094651986496e+01,2.996881909799071764e+01,2.962660299310908840e+01,3.028803920330750543e+01,3.025148504866075427e+01,2.961799511608319335e+01,3.056874781548168585e+01
2.882244820611538216e+01,2.970584836544355767e+01,3.008656336700488509e+01,2.851354691990678702e+01,2.886380742885512518e+01,2.944626992062705995e+01,2.905970869201786400e+01,2.833481833609107525e+01,2.901356443253064299e+01,2.857544846097090385e+01,2.833462502663252280e+01,2.958910601122079242e+01,2.896036663242142595e+01,2.970730043017960043e+01,2.935877409322910125e+01,2.995249288973667490e+01,3.045692411180868930e+01,3.014121016979862588e+01,3.110317718228026251e+01,2.997381394785622888e+01,2.987165619480595069e+01,3.005616113317643112e+01,3.056591012077086589e+01,3.115904451638817818e+01
2.949823571829887214e+01,2.985695439905072135e+01,2.857612040809510745e+01,3.004502912048127428e+01,2.937038051734720057e+01,2.985653317285806452e+01,2.884418544773751591e+01,2.986443529159748778e+01,2.892880241511340955e+01,2.806453446128006135e+01,2.861008600411014413e+01,2.917460794169107885e+01,2.943809742293052523e+01,2.968771912485851772e+01,2.995623995024027408e+01,3.001561074812258312e+01,3.118056362375756407e+01,3.147700285859093583e+01,3.042735577624665666e+01,3.099228601106841552e+01,3.013970486324063813e+01,3.092546146278453989e+01,3.062440075687760555e+01,3.044800662363746824e+01
2.895026077041899271e+01,2.871935476137701926e+01,2.887117025555511418e+01,2.861888927623652989e+01,3.029856421433879632e+01,2.986113762698727214e+01,2.930724071159465893e+01,2.945998227118087698e+01,3.004769627431102208e+01,2.913057691402048022e+01,2.962622416692352090e+01,2.959382011762716047e+01,3.023176795241835180e+01,2.978926242662220147e+01,3.026265119199950959e+01,3.133702196168411547e+01,3.155890538319704319e+01,3.070226521107133522e+01,3.139555119579455322e+01,3.110237900123615873e+01,3.123158376860317276e+01,3.186330105989173944e+01,3.098743402974474748e+01,3.064909545866686358e+01
2.894781119688929039e+01,2.940633122430779167e+01,2.851276675067276756e+01,2.929041973854424441e+01,2.904298746455862101e+01,2.917703425710055853e+01,2.856112004787320302e+01,2.868678188748378943e+01,2.919054600737234750e+01,2.936535023941837608e+01,2.957648856381564428e+01,2.991478664082939076e+01,2.891396119689773059e+01,3.024044615683959591e+01,3.120387380174440750e+01,2.958514128281495914e+01,2.957173428941871407e+01,2.972696306057116544e+01,3.004125247328084924e+01,2.953417513617574741e+01,2.976066067981173546e+01,2.865942362976500135e+01,2.847588797387271597e+01,2.960065788624194738e+01
2.902667778559793987e+01,2.819980905499244273e+01,2.942423894823519959e+01,2.965644727284558257e+01,2.897673217606592289e+01,2.954827278318651906e+01,2.895854472729536155e+01,2.929148278069061462e+01,2.868948478404928437e+01,2.908874243499622025e+01,2.901509666930280673e+01,2.908874243499622025e+01,3.059110895699245702e+01,3.193225262857339430e+01,3.222667071879902778e+01,3.113041799121072017e+01,2.954972308240354550e+01,2.888097858531494921e+01,2.906632848150337622e+01,2.914012449769501245e+01,2.891222959015112792e+01,2.959394472689592703e+01,2.950714239379789205e+01,2.927469268153231496e+01
2.853884652130545874e+01,3.006445068953803457e+01,2.986267456749885696e+01,2.961302930499624608e+01,2.969154550100739698e+01,2.897877876839282862e+01,2.908658188192850957e+01,2.921160752485729972e+01,2.989180986392551631e+01,2.949362237177103907e+01,2.958335610452314768e+01,3.019582955521485701e+01,3.337265976501407749e+01,3.421126054414804685e+01,3.399023171245784170e+01,3.342768792685404833e+01,3.064827843363855209e+01,3.052811143456852960e+01,2.985554333598776111e+01,2.968538084527193632e+01,3.026861624094510717e+01,3.005206185281969056e+01,3.031368930501639625e+01,3.011255277091748894e+01
2.847964318095284852e+01,2.930821479108828953e+01,2.928497948598328549e+01,2.885411442119209369e+01,2.962199688696631483e+01,2.995105340702889407e+01,2.911238079154537672e+01,2.959482127932136564e+01,2.916122527593762470e+01,2.939771143252812635e+01,2.933846767191454319e+01,2.996781113629333504e+01,3.268762899385285436e+01,3.336567622313526726e+01,3.465558421576412229e+01,3.490589474133065551e+01,3.085402898609498834e+01,2.961053337951449294e+01,2.907662662948536081e+01,2.970114246523695556e+01,3.121896789844788600e+01,3.081372197281785930e+01,3.020733441859192681e+01,3.040820077083031947e+01
2.912342835004221797e+01,2.901156983575640425e+01,2.942237735410071764e+01,2.871174369826121620e+01,2.860965626728892630e+01,2.829044863281461630e+01,3.002290113979296393e+01,2.863379451979886881e+01,2.929719794306987524e+01,2.848284061254923927e+01,2.916393035648025034e+01,2.930309695729232544e+01,3.269459002536927983e+01,3.379093359248298611e+01,3.366300287341192643e+01,3.363315165582775990e+01,3.070585006460993327e+01,2.904386040260175150e+01,2.934040128018426685e+01,2.882287829509175481e+01,3.029297863354383935e+01,2.903028373980924925e+01,2.937119227498311602e+01,2.935532859252714388e+01
2.932886517099285584e+01,2.866256567235831199e+01,2.868327064174746965e+01,2.841626124827524791e+01,2.937255115116693105e+01,2.983522630955565091e+01,2.931204217910658372e+01,2.831514858246777067e+01,2.887409539113980372e+01,3.026974826672778818e+01,2.886666588971820602e+01,2.928647008522773376e+01,3.236922904542689139e+01,3.448615519361175075e+01,3.385783592757383076e+01,3.386085565385218388e+01,3.013787708844824920e+01,2.949368756684822301e+01,3.031749607633139476e+01,3.014895423270110086e+01,2.912463447599412802e+01,2.914198837033006839e+01,2.987768994014419377e+01,3.021173990216357197e+01
2.936755633029827095e+01,2.843970057161862997e+01,2.848591717583667560e+01,2.945171689660099901e+01,2.872224584493204702e+01,2.957935354843914411e+01,2.997624254138571587e+01,2.954732062139459003e+01,2.979180955758960181e+01,2.935682175413410278e+01,2.956404186845304594e+01,2.949159409119818065e+01,3.121645637956606834e+01,3.311849875768916718e+01,3.371059329542521255e+01,3.301430134710795983e+01,3.281682294698708802e+01,3.124707274478021191e+01,3.104703280034442514e+01,3.030112879385694669e+01,3.025328782996052723e+01,2.968684867612466860e+01,2.951747532557715203e+01,2.990137032693706942e+01
2.933017120029728630e+01,2.828417684305520652e+01,2.959580508109939956e+01,2.997679765827814435e+01,2.918830030443393753e+01,2.934863128104041152e+01,2.950555186318280221e+01,3.082430576822775947e+01,3.029457716124636590e+01,2.896931721096848378e+01,3.100386906998630820e+01,3.038279818868284110e+01,3.231878413304855258e+01,3.379974730345543321e+01,3.343425816656440475e+01,3.412728760908942149e+01,3.251486463671358251e+01,3.169810637389963404e+01,3.214050945168224871e+01,3.157316612828157076e+01,3.095474297348278014e+01,2.998813734602248360e+01,3.040194936908193313e+01,3.057546821648259083e+01
3.010438073957993765e+01,2.831790583509217640e+01,2.893533720091744499e+01,2.796043888885162687e+01,2.849309043611935977e+01,2.888509161611438003e+01,2.992898636992629235e+01,2.896540276598778973e+01,2.955257363203116938e+01,3.037258020372058809e+01,3.209455130708124670e+01,3.150459109384757994e+01,3.117827286922886287e+01,3.133818460266769534e+01,3.119106950683107016e+01,3.280912761940589917e+01,3.322744206578346393e+01,3.238604662798536538e+01,3.261657464028223785e+01,3.042886624236587068e+01,3.059596350265695719e+01,3.057807251509518665e+01,2.880437635658927320e+01,2.940196514357995738e+01
2.935560146725964614e+01,2.885568069965006543e+01,2.910020811861687662e+01,2.843198033986374185e+01,2.858866428689600525e+01,2.910028369957711902e+01,2.948714180682054575e+01,3.022396977450603117e+01,3.002349763934734028e+01,3.100441810789249075e+01,3.233393910590518772e+01,3.216578461501904940e+01,3.208162115110792456e+01,3.230862306111998805e+01,3.187135991095419740e+01,3.204010084390398561e+01,3.255189289003794784e+01,3.340410127120037487e+01,3.314629711995274874e+01,3.209834643721472958e+01,2.979787405354608154e+01,2.977670698640804403e+01,3.006399125208849910e+01,3.076382296979124931e+01
2.981836117364190386e+01,2.958282544880870546e+01,2.861136000328781392e+01,2.941746527458451510e+01,2.888751384287792234e+01,2.884220135358594916e+01,2.894806101778738139e+01,3.021983313682721928e+01,3.059694419591397718e+01,3.270704935217946741e+01,3.295567993742918134e+01,3.247974098925851649e+01,3.157405124587938872e+01,3.163387867169598167e+01,3.181942616410913161e+01,3.225254120906993194e+01,3.315323741800938251e+01,3.372757223964975992e+01,3.264198813128592747e+01,3.221932320532931726e+01,3.071990792474616683e+01,3.116069284476520806e+01,3.069526476134575432e+01,2.977394167725293528e+01
2.960006088450290918e+01,3.077142608723812600e+01,2.870139643123906126e+01,2.891060995968564384e+01,2.947732315226261335e+01,2.961331996602115169e+01,2.955402109234154295e+01,3.060696567060966800e+01,3.144668669705117736e+01,3.367359999377555368e+01,3.315406171665097190e+01,3.238743089934212094e+01,3.264142572361549810e+01,3.185994227578817117e+01,3.174655592087503919e+01,3.167071776056673116e+01,3.317099506866895808e+01,3.291895793539202941e+01,3.247575991559500608e+01,3.240742289726648551e+01,3.100647377128223070e+01,3.111207535720865280e+01,3.091800446427487259e+01,3.027821095698556064e+01
2.959665248426739481e+01,2.851037279465401753e+01,2.949617620994382605e+01,3.040666233000553120e+01,3.020802769288360423e+01,2.896734084619760097e+01,3.119106303064558006e+01,2.895910037143897853e+01,3.313987564805495367e+01,3.343266871500514981e+01,3.335789014124350160e+01,3.205075856038268967e+01,3.254891957091911081e+01,3.191813380769463038e+01,3.142823355046476763e+01,3.214697700675424130e+01,3.161928866039107788e+01,3.227264562661179070e+01,3.204118087808467408e+01,3.135123579761801693e+01,3.105986294102751799e+01,3.014476872231227844e+01,3.096329031397590370e+01,2.997031078847572871e+01
2.973124227112231210e+01,3.030795087233855156e+01,2.966523714690566749e+01,3.049961071777011057e+01,2.936235684040718752e+01,3.099822863789728444e+01,3.022810028705089280e+01,3.133964617020927790e+01,3.200941507921959328e+01,3.247663284856918153e+01,3.399178612310788594e+01,3.452974967833608844e+01,3.292865395589529953e+01,3.220401855534822744e+01,3.102160519312451470e+01,3.177118584091073217e+01,3.191500984966108945e+01,3.266003606855974795e+01,3.238734068400015076e+01,3.139981440776932686e+01,3.000511007044138978e+01,3.077857449208454454e+01,2.971866661679291610e+01,3.168201308252918125e+01
2.959211990378565815e+01,2.956379883687196752e+01,2.920859425221408401e+01,2.916979588269765600e+01,2.965470073938604401e+01,3.301999571010208001e+01,3.218298351189099549e+01,3.341127641182043817e+01,3.318810453648637804e+01,3.329203734738047160e+01,3.186827829618795249e+01,3.379567256846053169e+01,3.530647945086712980e+01,3.422810204096651887e+01,3.390802767873867651e+01,3.318502855508228322e+01,3.387938446156380223e+01,3.417141671025217420e+01,3.446472335343884197e+01,3.372689470056138816e+01,3.048585411577886362e+01,3.052993697867952960e+01,3.171874226412154485e+01,3.098551910817542421e+01
3.018993516229846819e+01,3.009529640134417150e+01,3.114613927748541755e+01,3.021190777924903159e+01,3.225694125658230860e+01,3.345610195680484367e+01,3.419197376176623493e+01,3.465096289642804095e+01,3.283994916409523057e+01,3.214601217901906693e+01,3.290033829373061280e+01,3.354402998934591551e+01,3.498119792218881230e+01,3.469574195021749574e+01,3.354204111730814475e+01,3.326949071652421708e+01,3.333052456357523852e+01,3.387955829635046712e+01,3.454945853457047633e+01,3.311403066570261444e+01,3.174400190777987518e+01,3.165856831736908816e+01,3.016533465353523980e+01,3.242771292513134540e+01
