2.466361937863962339e+01,2.449160329434010919e+01,2.507444995689735379e+01,2.511895756489201403e+01,2.342457870216043148e+01,2.545612187154506501e+01,2.460424223851049419e+01,2.502041700666615043e+01,2.560584174169053995e+01,2.418515113286878204e+01,2.568906064078538520e+01,2.449750669872196340e+01,2.390822162920528626e+01,2.547125351815628846e+01,2.511375131749304046e+01,2.455335532885970906e+01,2.428008093723559568e+01,2.582175684157670048e+01,2.424065536883506411e+01,2.504950071918528920e+01,2.560274621702922104e+01,2.600309956376133869e+01,2.453159985947928590e+01,2.470371401763406993e+01
2.437087674154770411e+01,2.377552165890870128e+01,2.425355496359594554e+01,2.489374326000682913e+01,2.584228144322395337e+01,2.640806009669762489e+01,2.505928051711185844e+01,2.423992502798660098e+01,2.451011801966473058e+01,2.463749740521870990e+01,2.484020000838421538e+01,2.364115503930241857e+01,2.439876968060519857e+01,2.460970488528596434e+01,2.494281404414658709e+01,2.524243922605631951e+01,2.525021404214322729e+01,2.462720891233578868e+01,2.496445380624840027e+01,2.409176734256061536e+01,2.554994699399230740e+01,2.398699681113168936e+01,2.527532181905166908e+01,2.494552318850526262e+01
2.318388263940005345e+01,2.448955258293256065e+01,2.547543421961228205e+01,2.493264861055661186e+01,2.502786370365248558e+01,2.452831097627927193e+01,2.472372191849291312e+01,2.494214808516949233e+01,2.471453734331089436e+01,2.508367183427537839e+01,2.436396660881734988e+01,2.469544776723284940e+01,2.340153998882300357e+01,2.393457838656337344e+01,2.410937454875880803e+01,2.420193536541177082e+01,2.513402643302742945e+01,2.435632803949539493e+01,2.380600549645561159e+01,2.449264781320778184e+01,2.541932464901054800e+01,2.437199174464262796e+01,2.363242969365018098e+01,2.450812736185588392e+01
2.577239251371275941e+01,2.498085544926652801e+01,2.502152869175722572e+01,2.453462423275277615e+01,2.536976317849598672e+01,2.415456100043763854e+01,2.547284231054584325e+01,2.628519307809364136e+01,2.472528496395398179e+01,2.465620150071373473e+01,2.391012415331090324e+01,2.543420543593811090e+01,2.491559901647798370e+01,2.562227644911632751e+01,2.582842779864944305e+01,2.406124713140332005e+01,2.475418055428923481e+01,2.507697050472688716e+01,2.560308109315263891e+01,2.485013239785621408e+01,2.495878451749462101e+01,2.590227579788950152e+01,2.457625033947221027e+01,2.543083100739471547e+01
2.378180842970385811e+01,2.597986023933128763e+01,2.486363360588046589e+01,2.491746327739235767e+01,2.435397046543062061e+01,2.437792763509088445e+01,2.393196289870263627e+01,2.492481057000645706e+01,2.455336420995905655e+01,2.493549576503016851e+01,2.417776215141077500e+01,2.589130861627290869e+01,2.506855779036879994e+01,2.561365011138855152e+01,2.438322108621423467e+01,2.569741229035122387e+01,2.578160530986048116e+01,2.533858711368810646e+01,2.524591206243275110e+01,2.455829224586585724e+01,2.497404870593896931e+01,2.633442720171456131e+01,2.488539920838439912e+01,2.615321487951473500e+01
2.540893920612489865e+01,2.552846389090581170e+01,2.366319688918270003e+01,2.427311201031511700e+01,2.588557041109345391e+01,2.535845056653988649e+01,2.398447342360464063e+01,2.416994855848855650e+01,2.628797473110648752e+01,2.542487221732312719e+01,2.446451103158062779e+01,2.508487112425450505e+01,2.539320808596295365e+01,2.491483496077478321e+01,2.503935294023131064e+01,2.393676900775108152e+01,2.495778856395514822e+01,2.501871152151016986e+01,2.539343531878944304e+01,2.428797005545254706e+01,2.545324415497645987e+01,2.462631870358961805e+01,2.492894649557985076e+01,2.548034029971199743e+01
2.575500637194346609e+01,2.367088361448747946e+01,2.296046385613391294e+01,2.428059081903495553e+01,2.488483581755406249e+01,2.364426400105679704e+01,2.432387569180787068e+01,2.432418739711039279e+01,2.477839256483110830e+01,2.470777001288251995e+01,2.401766054410734341e+01,2.410648075920317979e+01,2.387284701160291434e+01,2.398830969485663900e+01,2.508543510838103430e+01,2.457338649808087894e+01,2.434349518423039171e+01,2.497313430041094762e+01,2.464337650734876206e+01,2.465812704881722084e+01,2.521822521845643905e+01,2.569576225780411960e+01,2.560010962491969622e+01,2.491204783396534594e+01
2.599740183607565314e+01,2.464336773421649696e+01,2.415674431566685598e+01,2.497820313662367653e+01,2.389442312022970327e+01,2.454584345119093314e+01,2.402285626041100386e+01,2.419012676070423140e+01,2.543924916040293738e+01,2.443763590757544080e+01,2.434794793049042028e+01,2.442253161405363926e+01,2.486596406085760691e+01,2.311352500716179748e+01,2.490918768155626140e+01,2.425868324357685424e+01,2.540451847321145351e+01,2.471329723365556674e+01,2.471382456008836925e+01,2.457951130814745966e+01,2.489553717231314067e+01,2.518102020098797311e+01,2.427175931812183762e+01,2.563604076929692610e+01
2.474710281951070101e+01,2.416623410864713151e+01,2.386534517707565328e+01,2.419268397936485826e+01,2.428556695757731632e+01,2.333244630541128117e+01,2.432490045038059634e+01,2.469029943257032755e+01,2.366447391237454667e+01,2.474106021453212634e+01,2.337340936928819701e+01,2.423751680627799487e+01,2.438814980196980287e+01,2.503160992876507862e+01,2.393059013089958853e+01,2.511718033696479324e+01,2.468058016275807631e+01,2.479467279755988329e+01,2.474808318119050909e+01,2.487481419639152591e+01,2.484933146651843572e+01,2.514469909625830724e+01,2.400568759904746230e+01,2.376554840881578912e+01
2.461408520981507309e+01,2.416855514763886958e+01,2.490934110690778880e+01,2.408694027457755737e+01,2.408838663457811435e+01,2.400189966077789450e+01,2.418362113748924003e+01,2.410228524890004564e+01,2.432455241047466643e+01,2.353487029933609165e+01,2.498515451467801540e+01,2.414624398434006025e+01,2.417047191777390935e+01,2.403863239601594159e+01,2.481921939896312779e+01,2.488843483038732529e+01,2.460309507011868391e+01,2.397601876696489853e+01,2.549803510449743271e+01,2.516855729017203203e+01,2.401178678381137388e+01,2.363591243922633112e+01,2.401898371843969926e+01,2.502107363922283412e+01
2.414385508523525914e+01,2.516079853148488610e+01,2.438583341315165853e+01,2.441584906601895000e+01,2.304204564799056243e+01,2.430802099911710457e+01,2.330918214797850396e+01,2.436926729254179236e+01,2.406508715479321836e+01,2.381834899733797783e+01,2.316608355857772494e+01,2.360199595377093829e+01,2.394620066115419377e+01,2.401452606126042610e+01,2.366321054006709801e+01,2.460011966121714977e+01,2.526366785329031472e+01,2.530158355478573640e+01,2.540077122621403305e+01,2.455271467582906553e+01,2.458030235313447065e+01,2.352275893356943470e+01,2.352504786476254139e+01,2.363313100150878654e+01
2.424913514177762863e+01,2.467337649794040999e+01,2.426234882825258410e+01,2.393340682364157601e+01,2.410711881348618135e+01,2.389066939845531579e+01,2.383388970166566878e+01,2.415401463197053999e+01,2.393710798272871898e+01,2.336691133826872147e+01,2.359190975058817230e+01,2.284710613774848298e+01,2.406933907431596253e+01,2.452345755205766409e+01,2.384925876092177077e+01,2.392611231837310015e+01,2.574350379508632614e+01,2.646062506324716423e+01,2.572073870507409765e+01,2.543356272283392627e+01,2.426142981297067536e+01,2.397716673704155710e+01,2.497030828208482944e+01,2.342128960335014654e+01
2.498967623642403169e+01,2.483654956428244986e+01,2.437728105500326592e+01,2.495691945345595286e+01,2.447493912635587776e+01,2.452793667780269971e+01,2.433116662814796882e+01,2.400468738896626064e+01,2.356580412047873097e+01,2.372767009788157111e+01,2.331040608701823658e+01,2.381828195263778980e+01,2.416461775961209923e+01,2.343547399373915141e+01,2.408351291946269157e+01,2.385790212467315996e+01,2.484462925866534988e+01,2.579451770042805947e+01,2.536211832292696045e+01,2.564967630150670175e+01,2.406813750234141480e+01,2.377896402539141718e+01,2.294849568854937161e+01,2.329927630444484521e+01
2.535809234115441768e+01,2.586679916861214679e+01,2.472006734848093856e+01,2.387553269413461976e+01,2.531995727321498180e+01,2.393543988286938884e+01,2.461273942566975848e+01,2.509614123344380232e+01,2.439481462399288603e+01,2.361627725854799564e+01,2.421842996185870334e+01,2.360137024925967353e+01,2.401121610711049925e+01,2.327146222656710961e+01,2.458339507536169322e+01,2.484644516415977478e+01,2.534517263023809619e+01,2.467989250504871279e+01,2.549489979175945109e+01,2.535036521452133229e+01,2.434460529729199152e+01,2.417405472601797101e+01,2.428969961532715161e+01,2.396695947790925629e+01
2.426712025610072487e+01,2.445310906719180366e+01,2.376938126058280432e+01,2.394904708494772194e+01,2.309435547477130513e+01,2.470550209845566769e+01,2.352163020802765914e+01,2.473197051844914540e+01,2.363482292648149041e+01,2.462122292117118150e+01,2.364398719137915350e+01,2.319064769160058859e+01,2.295690348127203606e+01,2.440579903569658882e+01,2.435091120996253267e+01,2.422961424507565198e+01,2.508276635903354190e+01,2.449413911776059649e+01,2.513935645399510577e+01,2.483456710961553426e+01,2.370448407097620702e+01,2.340524425597874369e+01,2.378630151875762522e+01,2.352798484620797126e+01
2.550590676345672136e+01,2.367142945352111383e+01,2.423183131241319188e+01,2.435922847581423412e+01,2.389773924051729637e+01,2.419314622524706238e+01,2.399520287114353323e+01,2.379527975431824416e+01,2.337832363400627855e+01,2.348077434556989829e+01,2.368265680520983096e+01,2.414480828420403213e+01,2.430179039840106725e+01,2.451707321968791575e+01,2.517317128317120023e+01,2.510080909702730878e+01,2.432199919472031979e+01,2.543790159395229011e+01,2.545893429433465371e+01,2.531688056587802294e+01,2.399297791813853564e+01,2.372489439061467920e+01,2.341247428413356602e+01,2.411503156881587984e+01
2.449377356533631200e+01,2.435127285938705199e+01,2.443592615408044821e+01,2.500747858276548641e+01,2.280838060340761331e+01,2.348693505856186903e+01,2.566900597264918815e+01,2.661818764092902256e+01,2.526891937190993076e+01,2.388019678510420363e+01,2.362525422721267887e+01,2.428884632128745125e+01,2.513722673534948626e+01,2.414389456357895369e+01,2.467692595849928239e+01,2.411938844060290421e+01,2.478404055440262255e+01,2.472208651580103833e+01,2.475956107273594853e+01,2.383911504820184746e+01,2.353205160399772922e+01,2.342107778015679287e+01,2.471819124670588508e+01,2.362245807879759241e+01
2.456008824472064589e+01,2.431648600729681675e+01,2.459443004204933914e+01,2.314417615112199655e+01,2.361392163424926594e+01,2.441144287123472623e+01,2.623791940381357790e+01,2.736613327944121465e+01,2.723754000821878662e+01,2.446485327803685550e+01,2.354947011759958286e+01,2.362006903817905368e+01,2.436555027152132880e+01,2.410620599067323155e+01,2.321407279926847878e+01,2.391259067807317251e+01,2.441315289580415993e+01,2.423793523293966246e+01,2.426615067851042795e+01,2.466610787514343883e+01,2.424616463385240195e+01,2.370021283092302156e+01,2.432317415442429365e+01,2.367537471290057738e+01
2.307280139106484285e+01,2.427423785631503961e+01,2.391609198016897153e+01,2.443864966694218310e+01,2.473457473633118298e+01,2.506578229920347667e+01,2.949621168456502573e+01,2.906104878188170915e+01,2.820531731606052972e+01,2.539823285360523641e+01,2.550059107097899869e+01,2.525980589892924399e+01,2.441708860359261735e+01,2.380066770091514172e+01,2.369155361789427161e+01,2.394505854804697265e+01,2.417117295715843284e+01,2.506999559634999741e+01,2.487954970386084597e+01,2.453500225920868161e+01,2.314017884629987520e+01,2.358299856094834013e+01,2.325545976099544987e+01,2.356380710875845352e+01
2.442298149240838256e+01,2.363996858543197277e+01,2.462823258232504031e+01,2.476273543741564254e+01,2.684336231110938797e+01,2.838251484213202502e+01,2.985530002557845819e+01,2.925438783136087295e+01,2.676477930968280816e+01,2.597294236289263836e+01,2.543402186270782295e+01,2.518518029715039575e+01,2.511263397655437757e+01,2.532835815587759498e+01,2.298938514932234511e+01,2.427458591172756996e+01,2.454295189775700692e+01,2.426350300847116159e+01,2.460846374495258715e+01,2.433506550717038408e+01,2.396425772666219700e+01,2.276746528696094174e+01,2.407017300018316064e+01,2.441000271717399528e+01
2.283036413379846863e+01,2.432131698479378201e+01,2.554937238356336593e+01,2.553244670377290504e+01,2.884606696752950938e+01,3.000857242901446398e+01,3.030429720803203963e+01,3.006206332665874470e+01,2.673997890626441176e+01,2.569760068862916569e+01,2.625294461650014455e+01,2.585318555066487534e+01,2.585099707764948107e+01,2.531071810818303902e+01,2.536482529130591956e+01,2.496416806231508190e+01,2.457233391911364606e+01,2.538601541068510414e+01,2.454599064583129575e+01,2.396348161043357550e+01,2.331669886573587291e+01,2.360658623723077199e+01,2.395489914394329389e+01,2.274962927131662127e+01
2.322214335989798428e+01,2.339881263645440868e+01,2.401649441115705486e+01,2.414684217429254431e+01,2.853108902523700863e+01,2.999174161603406219e+01,3.039640031271278531e+01,2.871330945842981919e+01,2.719083242078585272e+01,2.635807332238385925e+01,2.730209948165770584e+01,2.585153840816758475e+01,2.628773872113924881e+01,2.632678426978446851e+01,2.548030868693399498e+01,2.532831170859384429e+01,2.568782709627112126e+01,2.520243131707525208e+01,2.464567689325002675e+01,2.552145298802003026e+01,2.373177376246292170e+01,2.320639305762995264e+01,2.408991949849695402e+01,2.209929517895221807e+01
2.493230657558387975e+01,2.478254747934084889e+01,2.482792038132396328e+01,2.421982320637965813e+01,2.763201488414642881e+01,2.952672588771480378e+01,3.058348433932263788e+01,2.763911225358060619e+01,2.750243144144172902e+01,2.809767438739606860e+01,2.671708552468152220e+01,2.610106872147377999e+01,2.647790705080933549e+01,2.672144824101764016e+01,2.681780153884039919e+01,2.518848209221971501e+01,2.618325839075896511e+01,2.521728513784154302e+01,2.429139928721417618e+01,2.401343444414760597e+01,2.322545588346821432e+01,2.295212021155333559e+01,2.332839834211819152e+01,2.249893164072443597e+01
2.463027771175677572e+01,2.378498539325585170e+01,2.515467181440124023e+01,2.493877938889301049e+01,2.869870716413367973e+01,2.915247680600685953e+01,2.904725469876308352e+01,2.766266556236433871e+01,2.917850355156156184e+01,2.783582988901275712e+01,2.711268773763890749e+01,2.682222767012098075e+01,2.652303950827536028e+01,2.753007611560695977e+01,2.580443576282982576e+01,2.655290086650308012e+01,2.530143466179015377e+01,2.569618593191000855e+01,2.523437699841935000e+01,2.461642353129963112e+01,2.373222122683228008e+01,2.342610654870048847e+01,2.245842731014226956e+01,2.296494487883938973e+01
2.523883003934292901e+01,2.590092477391044667e+01,2.547249847921528954e+01,2.702421308199495797e+01,2.980542933839166153e+01,3.151799625967277052e+01,2.860925396794863218e+01,2.760766750648690504e+01,2.905262092863051748e+01,2.947423327050074704e+01,2.840884221467001680e+01,2.813636937515281033e+01,2.780745921852405900e+01,2.860912831830427194e+01,2.729657954973293954e+01,2.633604670317703267e+01,2.554478042026244111e+01,2.638350430206025976e+01,2.498518297642954167e+01,2.558948401348652624e+01,2.391155871260616550e+01,2.344191674825879090e+01,2.291837298204023909e+01,2.345311856173555043e+01
2.531367426354404415e+01,2.482124204332126283e+01,2.603791429671639435e+01,2.655501719404549021e+01,2.868960452864735089e+01,2.967950870671069197e+01,2.994095063513464083e+01,2.724621049311224397e+01,2.849444482298366665e+01,2.926483795780944774e+01,2.880899562457648244e+01,2.847034899560134136e+01,2.822517594954291553e+01,2.738412223557332936e+01,2.710265545321419722e+01,2.711100836588286711e+01,2.656452824545584690e+01,2.568195225012863148e+01,2.622826772695054842e+01,2.476662196810190153e+01,2.283099096280625417e+01,2.395932401520263966e+01,2.284504060475842380e+01,2.293370315293248041e+01
2.581581143736934791e+01,2.511587443785259666e+01,2.585340915852771104e+01,2.621791118139890386e+01,2.843390801635712251e+01,2.833276560922820408e+01,2.837467478962702216e+01,2.694025703059412535e+01,2.863916540427129576e+01,2.926256390244952854e+01,2.949655084013448914e+01,2.918586281187026543e+01,2.970213821345629412e+01,2.795784590380145573e+01,2.831174552191697558e+01,2.637842644914906032e+01,2.602658249587614137e+01,2.568298058530956496e+01,2.634670625202846850e+01,2.605383926651671800e+01,2.526407192577642036e+01,2.407962516686097842e+01,2.335236827810763316e+01,2.331104203481436343e+01
2.465763930622784983e+01,2.562317705119335187e+01,2.444384812843469490e+01,2.570952998917999821e+01,2.540904867781739540e+01,2.734425922692537370e+01,2.860067595378433225e+01,2.789752425492270049e+01,2.890556926574106456e+01,2.894112798086911198e+01,2.785147862902101679e+01,2.814594261644162998e+01,2.843500440548712049e+01,2.960738951795065077e+01,2.658920035508026558e+01,2.666754997691708695e+01,2.580284478386386127e+01,2.550094178073106832e+01,2.495581495038476305e+01,2.582734810334812892e+01,2.474243768350925166e+01,2.438940200092326904e+01,2.454478141009883529e+01,2.465804048792415415e+01
2.413239453292374037e+01,2.420703902959155585e+01,2.411395503882482672e+01,2.592298140051667588e+01,2.764280155696945940e+01,2.716684757186158095e+01,2.736829347727933737e+01,2.628891207397100516e+01,2.720565428879825731e+01,2.634133348043894784e+01,2.634018822502275725e+01,2.667192765120171316e+01,2.664350598103987977e+01,2.616336507964058455e+01,2.584940525973399872e+01,2.616215734496955747e+01,2.622931772137877715e+01,2.533858711368810646e+01,2.464093775455353352e+01,2.427589359734440677e+01,2.494071512023003834e+01,2.499522944758678022e+01,2.389897420028466968e+01,2.276919239804709605e+01
2.519595066948539852e+01,2.461726775318470573e+01,2.448222737207777300e+01,2.558189009666295988e+01,2.856527168986229981e+01,2.866284238733197753e+01,2.597786063880181473e+01,2.528763049498957116e+01,2.760269959791378369e+01,2.749600243443728687e+01,2.692033107995871433e+01,2.576625176641039161e+01,2.622985848430334954e+01,2.646034866540958319e+01,2.578467426613502766e+01,2.461811297445052560e+01,2.511352650772397510e+01,2.471264900272478826e+01,2.493638204232951239e+01,2.430833374297526461e+01,2.465680694967880981e+01,2.481816765063570074e+01,2.475429123470871673e+01,2.277856524897430290e+01
2.401059852123341898e+01,2.427405938180169187e+01,2.522333648774434778e+01,2.517179211480532786e+01,2.774696759297262361e+01,2.725410534797913442e+01,2.602753671557809412e+01,2.510993338680759734e+01,2.645402658587624956e+01,2.699849899081516469e+01,2.663914322748433960e+01,2.550011586497822691e+01,2.651765694406378771e+01,2.599399394149907039e+01,2.557736742825267129e+01,2.457894922838704588e+01,2.483296328909705153e+01,2.450673822032717908e+01,2.428164547646076699e+01,2.411486005807574884e+01,2.393454735764964880e+01,2.324252665031139031e+01,2.343053691375217795e+01,2.279390602407841016e+01
2.427335561181172352e+01,2.341275159851585386e+01,2.442468418953768605e+01,2.595445342446555514e+01,2.663709184897282967e+01,2.560988501416522922e+01,2.625333955934883079e+01,2.702940237072596119e+01,2.670185638019069074e+01,2.661111884173681119e+01,2.764146040586672370e+01,2.620802433733911130e+01,2.631846197087827477e+01,2.598929498446415209e+01,2.555321803456109819e+01,2.525555608124381024e+01,2.531982049346805752e+01,2.435735916352035701e+01,2.597156904159538726e+01,2.555651995923881259e+01,2.450923736637082584e+01,2.435930277777106312e+01,2.438240880123413490e+01,2.300401413636956249e+01
