2.953037116772719628e+01,2.937754778632961461e+01,2.857599799770406435e+01,3.041101890505524352e+01,2.853416612608299374e+01,2.909675046826941980e+01,2.990714390039954651e+01,2.990137248484666088e+01,2.936539409488062802e+01,3.005788583464180874e+01,3.051206751762481417e+01,2.855839077404249338e+01,2.855297643593416979e+01,3.012757738360278381e+01,3.014918254402431330e+01,3.013878813724465999e+01,2.964381359562941043e+01,3.032744828621116540e+01,2.966557301051938111e+01,2.944509300319509748e+01,2.952186272455725202e+01,3.051042362383293494e+01,2.989291832763598222e+01,3.070572454103268001e+01
2.982015523210600350e+01,2.922690382753194172e+01,2.981147922703132735e+01,2.972255590095977595e+01,2.970171141292138373e+01,2.915251622787127417e+01,2.920305479385126546e+01,3.002717745239897340e+01,2.995020317242534702e+01,2.990607108763975930e+01,2.877930362502030448e+01,2.919566578473961727e+01,2.911679151576703362e+01,2.942504330793525469e+01,3.031841339559719017e+01,2.903613240433963938e+01,3.006612467607578765e+01,2.937734055276393974e+01,2.984006827435206333e+01,2.826929637126579564e+01,3.083060751847523306e+01,2.972219171599363108e+01,2.913014727550176985e+01,2.920653706734111665e+01
2.827228048501194735e+01,3.003955740663059260e+01,2.949172847700731381e+01,3.111164131994956961e+01,2.860437700409215722e+01,2.927491744074984581e+01,2.966135634271978461e+01,3.032192583606575909e+01,2.933430890960909210e+01,3.077898141960878320e+01,2.786079911002985909e+01,2.966066348607773762e+01,2.852172800870357605e+01,2.989537925312941979e+01,2.816862336293229419e+01,2.973024442491578156e+01,2.864863020154632522e+01,2.963373134534799647e+01,2.925653571478420645e+01,2.962088514581034815e+01,2.952856073430615425e+01,2.932292675204087118e+01,2.959194055453605188e+01,3.036523341175012547e+01
2.979318900634973488e+01,3.046991192019953587e+01,3.021624702232401205e+01,2.885542940462528350e+01,2.989344796626608058e+01,2.941497685885138935e+01,3.002300337620278015e+01,3.064961993724597278e+01,3.014175412337363014e+01,2.954247209451420986e+01,3.044409579584936409e+01,2.922372299478269042e+01,2.934005989247350499e+01,2.971474337709850033e+01,2.949113627755929201e+01,2.985294800490453326e+01,2.966964357809331432e+01,3.048032546269308796e+01,3.020074517103267908e+01,2.981436615290687087e+01,2.971194031070081110e+01,2.993515019830016399e+01,2.934748375470417159e+01,3.030973476762443397e+01
2.983957978992026483e+01,2.945006803917635807e+01,2.984130104535819328e+01,2.925969843421154337e+01,2.894504465010646754e+01,2.919373094990550044e+01,2.886771135712820069e+01,3.001502706999195880e+01,2.763165183352373333e+01,2.842567168462369409e+01,2.972008037366566668e+01,3.047792739094347780e+01,2.903880037678288772e+01,3.089528750717408911e+01,2.961512003260020265e+01,2.984923504142756201e+01,2.919994453625054120e+01,2.941188729812114389e+01,2.990027913523755387e+01,3.010946875498507325e+01,2.999942612630314898e+01,3.023021716481645171e+01,2.968538138003293625e+01,3.020355330206234612e+01
3.005568514658199319e+01,2.908995687504909711e+01,2.917512275202722094e+01,2.830091602177770937e+01,2.959971391178891054e+01,2.935240566384953809e+01,2.946448062701108483e+01,2.909537469797760423e+01,2.903524604059975900e+01,3.053053349125104887e+01,2.900141682677929111e+01,2.896185509576531558e+01,2.917536647378585712e+01,2.972298475345615998e+01,2.920849631331827823e+01,2.953576460616204713e+01,2.972574832851353221e+01,2.936051843533056172e+01,2.967162062221262886e+01,2.987197134670435616e+01,3.038450968181257394e+01,2.878752509996365916e+01,2.939092898911263774e+01,2.904070278627932566e+01
2.929184005325259932e+01,2.950851783820894525e+01,2.911729453132880963e+01,2.912267141023596650e+01,2.949637929643807865e+01,2.929058790235245624e+01,2.930728118618463895e+01,2.895457929088757965e+01,2.980853782599484703e+01,2.995449604332679883e+01,2.916214404162889196e+01,2.894043433478339011e+01,2.900445116477584406e+01,2.968643060865656480e+01,2.870607703804665789e+01,2.988116877254611836e+01,2.861204606480941948e+01,2.911050200587936843e+01,2.876110188542901369e+01,3.052376528716479243e+01,2.866488914940805444e+01,3.073168250523895040e+01,2.841952193528385351e+01,3.007008842368207979e+01
2.975751400644213618e+01,2.952833570658850704e+01,2.886220431628169081e+01,2.946597085483284673e+01,2.909222498414180791e+01,2.917549260116385312e+01,3.018215460618790758e+01,2.927736756094031989e+01,3.009101571044118373e+01,2.920702801710240237e+01,2.966087520441789138e+01,2.893577280952871433e+01,2.944992304125349847e+01,2.910801088962591621e+01,2.878462899199286085e+01,2.948489034122917474e+01,2.947246509781581381e+01,2.980329589951765001e+01,3.049911664525666311e+01,3.015223562842902538e+01,2.970868886892202454e+01,2.992787575177311510e+01,3.033040869126023154e+01,3.079596304895284220e+01
2.851330269819970908e+01,2.959815473743844905e+01,2.958623433290341609e+01,2.929363312798614061e+01,2.975453574989086292e+01,2.940410658415038370e+01,2.966382809925437414e+01,3.002989607794813764e+01,2.924233278756508980e+01,2.977258429426001385e+01,2.951280736082406975e+01,2.968516046048574708e+01,3.007483270628000582e+01,2.973587924201098076e+01,2.953423103881539191e+01,2.902233397293792905e+01,2.989078794317327947e+01,2.938508538701904627e+01,2.900374822535451358e+01,2.953479416685399883e+01,2.923261683872999583e+01,2.852748204553586220e+01,2.921207237290406056e+01,3.059501668670708341e+01
2.888691731309535271e+01,2.928574554830862553e+01,2.910919639536638215e+01,2.912303464899758865e+01,2.991357625193370495e+01,2.861624193194620602e+01,3.018287313833667440e+01,2.875812501392925924e+01,2.918833322451416734e+01,2.868350364866478230e+01,2.958704916994099676e+01,2.903969882051251261e+01,2.885320933391659537e+01,2.981647126534846848e+01,2.983453205123242924e+01,2.884244383564077907e+01,2.864734431767641354e+01,2.866093003993654520e+01,2.874799840901988546e+01,2.958409858425397942e+01,2.935325629038425177e+01,2.842049483142164945e+01,3.013275585182879013e+01,2.883047609793578658e+01
2.823909659901715941e+01,2.864573908344709707e+01,2.924782590799736681e+01,2.946467095106885381e+01,2.943437653590990521e+01,2.954914431052276313e+01,2.878917007977713638e+01,2.930426882085663465e+01,2.863518383532061762e+01,2.912704201260248738e+01,2.957482957298191195e+01,2.985579353171448247e+01,2.910248776366682932e+01,2.971585525910882097e+01,2.913836849817846542e+01,2.974956076984818765e+01,2.991814911984238279e+01,2.934948868948885092e+01,2.837817162960567430e+01,2.917284540737210818e+01,3.015340006407296869e+01,2.922683062673991117e+01,2.934248222999696054e+01,3.065450986146549894e+01
2.980367579508219933e+01,3.018647058395737304e+01,2.992303537927693924e+01,2.961832881860095767e+01,2.918620431742073151e+01,2.938960448100601752e+01,3.000301956056421204e+01,2.879994841513996562e+01,2.958730102465113987e+01,2.876720206198598362e+01,2.998541243071417739e+01,2.967846156142707059e+01,2.871463021970953378e+01,2.940344844634745414e+01,2.888150468941444160e+01,2.953652241459394645e+01,2.888151229487988303e+01,2.902990580441905877e+01,2.996635996591112416e+01,2.930268441876233965e+01,2.910596804783500602e+01,2.948099210508274837e+01,2.892476609529052212e+01,2.973888301412046076e+01
2.887341260753942151e+01,2.985496355938732904e+01,2.959507656804686349e+01,2.996846501011850705e+01,2.952713447132242663e+01,2.905566281716124877e+01,2.952471003000363226e+01,2.939211827079157047e+01,2.924924249442688051e+01,2.942001639055041551e+01,2.961682847522200746e+01,2.896166339685953517e+01,2.847390937544616918e+01,2.923983572354501348e+01,2.875834833427450121e+01,2.939366488666865962e+01,2.954704814425519999e+01,2.968699558380023973e+01,2.963162427706066637e+01,2.946824529745589416e+01,2.971146583415492159e+01,2.884086205517587587e+01,2.929730078738430166e+01,3.006249248052000667e+01
2.954361828189979633e+01,2.894082949636441526e+01,2.794819700446669231e+01,2.954176448934589416e+01,2.914989290001017253e+01,2.823888164174434223e+01,2.889549358975978066e+01,2.874986965062294075e+01,2.937320660883131040e+01,2.853158283791680105e+01,2.936920653403564074e+01,2.904093663062451469e+01,2.917678181326630238e+01,2.919679809363526601e+01,2.864678739349227499e+01,2.899556087422155315e+01,2.976867315884805976e+01,2.875150958503598986e+01,2.910744927240261859e+01,2.941504932001475936e+01,2.948904605358228537e+01,2.945397957329288374e+01,3.045120181428251271e+01,2.940448179887522429e+01
2.822231870241336082e+01,2.918294172318957180e+01,2.882995028014732952e+01,2.810821850266097499e+01,2.941419132758096566e+01,2.938327207637092897e+01,2.828435807524419943e+01,2.930396526623150066e+01,2.876600723749083954e+01,2.941082783622215402e+01,2.870421040141127378e+01,2.897116940791244133e+01,2.919421996329100466e+01,2.995408813641404322e+01,2.888413651731082155e+01,2.931122592744867461e+01,2.965256972558358939e+01,2.964070169828016788e+01,2.943966120569973555e+01,2.988480382680552339e+01,2.990408789817826118e+01,3.089684732104865361e+01,2.962142053417881016e+01,2.965060596361735179e+01
2.892916306800935899e+01,2.911806474223209307e+01,2.989378182506527537e+01,2.914847318732546455e+01,2.898459862763962747e+01,2.966343265617393854e+01,2.944231509007829573e+01,2.930355050479653300e+01,2.906692234836953048e+01,2.906040132657909680e+01,2.893821702122755823e+01,2.864876002932879828e+01,2.981395077547057326e+01,3.011128707426007622e+01,3.014827947035882971e+01,2.938116578864816120e+01,2.957768645054073886e+01,2.961042730845161941e+01,2.974815701082167152e+01,2.923134723845220151e+01,3.066995692365946979e+01,3.120718367132047888e+01,3.057911859587784420e+01,3.083589611451390056e+01
2.855316132922911265e+01,2.841890198247375565e+01,2.926695461426032807e+01,2.981835589167189937e+01,2.933082124124877055e+01,2.929573851656408578e+01,2.992174114591045964e+01,3.004214368843480543e+01,2.881842272631911328e+01,2.963405251561579234e+01,2.949921123302743808e+01,2.949825824663525964e+01,2.909607136905378866e+01,2.942833359458239784e+01,2.975600511544195115e+01,3.005829994316496823e+01,2.951232204264516668e+01,2.967366901934309453e+01,2.966336762948338901e+01,2.999138820179450704e+01,2.945684522717721165e+01,2.874362614968759999e+01,3.002869498341885901e+01,3.008912392378516643e+01
2.944502411109874629e+01,2.886263080894156019e+01,2.971360709676906708e+01,2.820606974574997139e+01,2.937836516025663514e+01,2.882312559691882825e+01,2.934246075580659863e+01,2.807138860020796756e+01,2.962641898313410138e+01,2.847787850538560406e+01,2.912591810138781057e+01,2.896419452905701064e+01,2.886815531776318267e+01,2.919679809363526601e+01,3.017447068408893074e+01,2.918996662990377899e+01,2.850663631225404515e+01,2.944128885980643417e+01,2.907856833056621326e+01,2.892027131551390084e+01,3.003210349093359355e+01,2.897349149644617228e+01,2.991542101175423340e+01,3.013025379656158975e+01
2.920830469053032630e+01,2.938108455916250250e+01,2.901217192241807652e+01,2.897811317487884253e+01,2.886323670313493039e+01,2.990125985954244925e+01,2.918425163953378387e+01,2.915012384808477464e+01,2.941315652416483317e+01,2.953812657733504921e+01,2.909407279011509218e+01,2.955512095488131763e+01,2.940058545973352011e+01,2.949954855968127276e+01,2.905900901583913765e+01,2.933577011431304982e+01,2.996314013729374892e+01,2.856472131990796015e+01,2.833091625853467121e+01,2.990295094438585011e+01,2.970030445278860043e+01,3.038013216208400991e+01,2.947291709978009067e+01,2.877125835437851720e+01
2.889563686142957977e+01,2.894432678201212639e+01,2.919972861801863928e+01,2.882520784628286492e+01,2.926090904977780838e+01,2.910767034204616266e+01,2.875511076387527964e+01,2.945715655203889582e+01,3.004018258842421574e+01,2.853170771545160278e+01,2.979203267110722209e+01,3.030777413752525717e+01,3.006275804689181541e+01,2.938205206496968458e+01,2.945421097693616730e+01,2.849767686411752265e+01,3.038213095440147526e+01,3.023234475923391074e+01,2.951616513221091509e+01,2.987683441790255756e+01,3.049996548431874999e+01,2.984451906972503821e+01,2.984495929451423990e+01,3.010190485315467868e+01
3.018246440474030123e+01,2.868443312324006911e+01,2.834704656699824454e+01,2.945493033809907502e+01,2.903758530199178267e+01,2.887604643764473167e+01,2.981558693373148117e+01,2.963860566982947375e+01,2.928748925954181459e+01,2.945429602572755812e+01,2.930941841482518839e+01,2.993892327922753793e+01,2.870833487395333350e+01,2.935874669417040650e+01,2.985850622085763462e+01,3.080590053902511727e+01,3.243309701099116182e+01,3.227266807211367450e+01,2.948643419326151616e+01,2.997893653969049410e+01,3.006451692412923649e+01,2.987340940253545796e+01,2.944746706182911566e+01,2.910209310237223690e+01
2.873075285754492825e+01,2.813326538052820069e+01,2.880504298964837062e+01,2.968805812531218180e+01,2.931971963286349592e+01,2.984242037695202043e+01,2.912077834821627675e+01,2.908551496812498272e+01,2.915935287802841458e+01,2.912147632602591329e+01,2.938920545329330025e+01,2.873140319869764880e+01,2.907250819619372351e+01,2.921065976900609940e+01,3.074097486404866686e+01,3.247471956272323723e+01,3.284765220201256852e+01,3.201297729902222500e+01,3.021187510696023537e+01,2.983653447696138983e+01,2.947283775958703700e+01,2.909199630203579545e+01,3.039833429085217631e+01,2.938122413984808645e+01
2.923020431439397271e+01,2.967583936138760237e+01,2.927314241878389112e+01,2.983845198394487852e+01,2.910328163542391167e+01,2.888586275712822271e+01,2.882543336381615973e+01,2.914354605001193477e+01,2.927479785943427260e+01,2.905246290662745423e+01,2.882183204426792145e+01,3.014032794063524534e+01,2.990753156678334790e+01,3.019029699402869937e+01,3.321503901167562844e+01,3.319599786452175749e+01,3.371976644562704450e+01,3.287891735011476158e+01,3.103128236695363285e+01,3.119297160090098942e+01,3.153349473835942263e+01,3.084183667258162131e+01,2.952028873768205131e+01,2.919439793131459737e+01
2.975661463040944454e+01,2.852838112729455133e+01,2.915711144003807931e+01,2.975328249045213624e+01,2.914316251568283178e+01,2.916218664631401225e+01,2.930723361817405248e+01,2.910407664660789351e+01,2.943779867744399326e+01,2.855518903406738218e+01,3.030062394293082662e+01,3.010752827210518490e+01,3.010187226551221329e+01,3.132084995671357319e+01,3.381250859885761884e+01,3.393017112018412718e+01,3.383156303782993746e+01,3.396142325222848513e+01,3.385358491657638069e+01,3.352931138043533110e+01,3.267302258515070434e+01,3.217571448946864621e+01,3.032151009416037368e+01,3.001552578221929934e+01
2.856854775793772205e+01,2.842724493184846324e+01,2.903108502152406345e+01,2.998595927725619958e+01,2.816267926485585349e+01,2.818276102406690597e+01,2.898037263715951894e+01,2.948454935302027025e+01,2.942160111215986262e+01,2.850370960115367325e+01,2.930283582659359354e+01,2.978041796195873303e+01,3.207781550234255974e+01,3.289249167661978390e+01,3.390393216279414901e+01,3.368568808134182291e+01,3.441125069850590990e+01,3.423684514855756333e+01,3.361261192166767842e+01,3.425067035213373856e+01,3.432632970028686259e+01,3.296835730732254888e+01,3.291380500184391167e+01,3.223189615796184171e+01
2.903836929438637071e+01,2.921390465869950503e+01,2.872659671897793032e+01,2.851524243129404113e+01,2.876335817252419247e+01,2.932153572866150171e+01,2.840158934031819626e+01,2.906678816754407535e+01,2.928993212496703791e+01,2.963890733660167598e+01,2.941755806828734876e+01,2.971469864631808377e+01,3.365079866234708561e+01,3.396129309010518682e+01,3.352269096375709978e+01,3.396142325222848513e+01,3.419351099440774533e+01,3.447866734572824043e+01,3.473967358258408922e+01,3.435080719727261567e+01,3.322566901315593668e+01,3.282507668816919022e+01,3.374422342834509436e+01,3.232834903231048429e+01
2.913332585071185576e+01,3.022528018395018989e+01,2.834783973257651724e+01,2.998372033516483270e+01,2.861217689727038760e+01,3.013877875202592804e+01,2.912866045565294826e+01,2.891005544520135118e+01,3.012641847727383038e+01,2.933812932081804092e+01,3.004779415355858418e+01,3.122813182809630916e+01,3.340196756739402417e+01,3.436316340798242663e+01,3.361963836213135437e+01,3.407898651603062490e+01,3.412393260338558321e+01,3.388776584053067609e+01,3.506261644790095033e+01,3.398607463932495421e+01,3.277037113688942327e+01,3.404058143425987737e+01,3.408404124822999393e+01,3.305719936872571907e+01
2.891704896190918817e+01,2.941313439710984312e+01,2.924087048198794037e+01,2.842024674197489276e+01,3.010297565075370585e+01,2.890605747789533098e+01,2.847946919737103144e+01,2.960281614749118262e+01,3.009439015454597666e+01,2.968556211981990600e+01,3.049924639902928902e+01,3.212233368017001567e+01,3.423610372280751335e+01,3.456783058462423242e+01,3.318981462690834405e+01,3.388869249026441821e+01,3.355393814210867731e+01,3.479246885890319163e+01,3.466980948093595316e+01,3.395494550675084611e+01,3.379433553978236660e+01,3.419025396476564538e+01,3.424396438623693939e+01,3.352664943832706967e+01
2.912255141717162132e+01,2.942938547845903940e+01,2.963701132481548939e+01,2.750914135661565751e+01,2.863861305711975547e+01,2.904967561293574363e+01,3.035381856350022645e+01,2.954543676306360567e+01,2.913224075158956339e+01,2.948956054698152229e+01,3.233223284090564675e+01,3.322396018390406880e+01,3.381500258757233723e+01,3.375947781517169233e+01,3.361633976938418300e+01,3.360252777069177910e+01,3.312768875595895679e+01,3.199769692691046430e+01,3.182695806130499250e+01,3.197262671113122678e+01,3.411851633317382948e+01,3.410085831368917297e+01,3.354357771921604581e+01,3.321421262485728221e+01
2.935710752586442140e+01,2.905212375032601813e+01,3.019143494637461345e+01,2.863934551297188591e+01,2.967943611836278706e+01,2.967108792120723137e+01,2.867969272552875282e+01,2.927590430323800774e+01,3.055984746790261397e+01,2.921826855027785541e+01,3.286272373805104507e+01,3.405784866964137336e+01,3.502529169031856782e+01,3.476304262807980194e+01,3.468882426868589164e+01,3.242562413426645662e+01,3.231452953109055670e+01,3.261332607883633727e+01,3.134755164683616613e+01,3.242663959785005545e+01,3.445275706430493301e+01,3.458761198423269434e+01,3.553795876782356800e+01,3.409798981135423901e+01
2.974642288147157387e+01,2.899126395381529164e+01,2.904288075941542502e+01,2.928564056143090966e+01,3.017469939078824837e+01,2.976464141786755135e+01,3.010681661069452275e+01,3.117539826498824596e+01,3.166887586831455792e+01,3.101448861566842652e+01,3.267277668361151655e+01,3.304861782219774113e+01,3.465116131935820931e+01,3.440528664566625139e+01,3.449530597476547200e+01,3.483908250830626230e+01,3.512242723491260676e+01,3.427663715168620229e+01,3.395829102196324811e+01,3.453106210907958484e+01,3.548238176743871009e+01,3.483618402024274019e+01,3.536816785088501547e+01,3.389416123178949647e+01
2.865820272755860287e+01,2.939950159567871424e+01,2.992487477370156057e+01,2.994943986578283557e+01,3.015732632563930338e+01,2.943329096987287130e+01,2.963283105001778495e+01,3.001913766086892110e+01,3.079743204350688757e+01,3.120236223354470440e+01,3.346899189769482064e+01,3.338443272659600325e+01,3.482226895236493647e+01,3.403107740671487136e+01,3.545514398207723161e+01,3.424896705239501671e+01,3.546147384491405319e+01,3.447859065473613782e+01,3.563187106245447922e+01,3.495571792205259953e+01,3.503231454279767831e+01,3.396934956821786500e+01,3.544235591313861278e+01,3.499491329565785236e+01
