2.430586182466601031e+01,2.230138183066480906e+01,2.386923384066676590e+01,2.378460654933377327e+01,2.424474609402562919e+01,2.289326316998727862e+01,2.389609428169268313e+01,2.275737079658881612e+01,2.489064329430067346e+01,2.402422517617139874e+01,2.405000511870656510e+01,2.432552746508241626e+01,2.364282236385099623e+01,2.394568405076626050e+01,2.370827129535888389e+01,2.370376047426486821e+01,2.448265461440075796e+01,2.383399610019949932e+01,2.469621520359658007e+01,2.398008225616661093e+01,2.443382785196178020e+01,2.637786335101736768e+01,2.561658069787574732e+01,2.517136408221051624e+01
2.273806930218336220e+01,2.419890007646523600e+01,2.447209799916896600e+01,2.420811118629950442e+01,2.379062619466441220e+01,2.499248404679406121e+01,2.375266478289847782e+01,2.398889283632826164e+01,2.458128218290454470e+01,2.482357160881042546e+01,2.309901235398069730e+01,2.378958012110251730e+01,2.265947005921782420e+01,2.235979563278499427e+01,2.231453968610179572e+01,2.342502917160987863e+01,2.394935694042129626e+01,2.435194454554721233e+01,2.411212719279961902e+01,2.314893999904148814e+01,2.447780400337654783e+01,2.470207026164536046e+01,2.493481208290961604e+01,2.450708112801021343e+01
2.541269746185224676e+01,2.239674420079279571e+01,2.378898800702370409e+01,2.339022294426706594e+01,2.547244263179231893e+01,2.484378701223658936e+01,2.444206117277241219e+01,2.431731982395768910e+01,2.419965751370574480e+01,2.402141679709041000e+01,2.404169132442933687e+01,2.384140129832775301e+01,2.349484669060495889e+01,2.474171249197280531e+01,2.377935989251830051e+01,2.272109632669730672e+01,2.397297920656365022e+01,2.308129794989201855e+01,2.457963854028622563e+01,2.408716809530267255e+01,2.448176768035762052e+01,2.467482908777060402e+01,2.552568145343411743e+01,2.441256908615463317e+01
2.471963077439210110e+01,2.553321407888819294e+01,2.396078617976735359e+01,2.429139636664586988e+01,2.499641870929178822e+01,2.411334277334259468e+01,2.418981680928288824e+01,2.469193097303275408e+01,2.429235632791460375e+01,2.453912831653036619e+01,2.387345720684817252e+01,2.489232957215006081e+01,2.424753156459644288e+01,2.507288567732530282e+01,2.557533044502605435e+01,2.372463662943221152e+01,2.305543241962033107e+01,2.412310385646094346e+01,2.517040959068731354e+01,2.432532302400716162e+01,2.389111147967548732e+01,2.452165900212725091e+01,2.397157652764610702e+01,2.495545036295567343e+01
2.356390973121756360e+01,2.420899039163191446e+01,2.458912342997797396e+01,2.515407499516521739e+01,2.468899283501673381e+01,2.498549075746700510e+01,2.378260780154829490e+01,2.384770219995266416e+01,2.496710773406863382e+01,2.308036875156068390e+01,2.478042403374189462e+01,2.364855914708408591e+01,2.411278613579980856e+01,2.453522926584190600e+01,2.304564706393631468e+01,2.385968303797602630e+01,2.346568236455806300e+01,2.288837479415025200e+01,2.489397619303656484e+01,2.327710833051742156e+01,2.402976829819220939e+01,2.339917496282185994e+01,2.394450354228746392e+01,2.466291422072066553e+01
2.433959560431702585e+01,2.412208070244656710e+01,2.481370993880602782e+01,2.441502455208677702e+01,2.502242645052291437e+01,2.482117831888820092e+01,2.555934594554838668e+01,2.561997286815534380e+01,2.463105027830016525e+01,2.505279398578284145e+01,2.489966701369803559e+01,2.375700583805343058e+01,2.431699786928834328e+01,2.414883932484309526e+01,2.452719495745088807e+01,2.412433588884550772e+01,2.368190829551929255e+01,2.425458223818509396e+01,2.372468335503583603e+01,2.431749499843624562e+01,2.357347997056098166e+01,2.327548479384557822e+01,2.320378931023151381e+01,2.475747242381095248e+01
2.618535115715707207e+01,2.510935700121325453e+01,2.548234636276697529e+01,2.533498746684239222e+01,2.577854018414257098e+01,2.581727322714675665e+01,2.551589503949821847e+01,2.594721963247974372e+01,2.590381055553848455e+01,2.552187018976911759e+01,2.621380686856048214e+01,2.489565411474183065e+01,2.477304158283493507e+01,2.421586708048818082e+01,2.631500080186168589e+01,2.424473567313032163e+01,2.563817636666982480e+01,2.485008406464146447e+01,2.445161066117390192e+01,2.550589826899766877e+01,2.466126677981117155e+01,2.443971443850824699e+01,2.466051718878861720e+01,2.427354723685562021e+01
2.359045429305314201e+01,2.479107927388105281e+01,2.587499476467860404e+01,2.423868855039796699e+01,2.603141493856560373e+01,2.594053213812645708e+01,2.392735041223511416e+01,2.533836662966530184e+01,2.549306324900425125e+01,2.644226655117739710e+01,2.565758561920301872e+01,2.510877701806373352e+01,2.581052468892107754e+01,2.509909202658820959e+01,2.566657009188907068e+01,2.531280332458914017e+01,2.488768247724243565e+01,2.597092569669450768e+01,2.514852785534037594e+01,2.513758351697532589e+01,2.479329008616798546e+01,2.596618504548013107e+01,2.544711804347878115e+01,2.550908052035350693e+01
2.444334793435291431e+01,2.372164154633816224e+01,2.493007069033717471e+01,2.369959961924280378e+01,2.448067764134998470e+01,2.472716355595076720e+01,2.579372394298968629e+01,2.490314518521876153e+01,2.579519203253505566e+01,2.527782763406332833e+01,2.472450697907135009e+01,2.561424257900182511e+01,2.569783296770714287e+01,2.516910066230838083e+01,2.474732469361146059e+01,2.491797780433944354e+01,2.565698423305400411e+01,2.512280295935573804e+01,2.540491781139951399e+01,2.504986207156900946e+01,2.592886039331062875e+01,2.536827921494818838e+01,2.501903600187438315e+01,2.603261561459595441e+01
2.482826905529282158e+01,2.489845967876635768e+01,2.444211902595122865e+01,2.451917158274432040e+01,2.395886995618565152e+01,2.491827968211703137e+01,2.493847942660812578e+01,2.387358779245442975e+01,2.611633907216412354e+01,2.526127695880188639e+01,2.426163188583012698e+01,2.478341420195732780e+01,2.516344813772951738e+01,2.515154066909838093e+01,2.478256970926537406e+01,2.479906478824159421e+01,2.457460685161328229e+01,2.494309826997726987e+01,2.477667136733282405e+01,2.600116477818488647e+01,2.477797103875866469e+01,2.619854347472090694e+01,2.486819858202352407e+01,2.543290867041315551e+01
2.465817531007184016e+01,2.306729393448307519e+01,2.521791274224750623e+01,2.510140105214759387e+01,2.495106328644942550e+01,2.512238653590412696e+01,2.485363209086273173e+01,2.418057296193620687e+01,2.470557757591041081e+01,2.451828392308254934e+01,2.570561685130815022e+01,2.497500372199328922e+01,2.523944866878395032e+01,2.467881528890734444e+01,2.546278518076860564e+01,2.542057205393678032e+01,2.518187218097187952e+01,2.528828844791974007e+01,2.426996619021872448e+01,2.561128680607060915e+01,2.527397802578104802e+01,2.540454362969211388e+01,2.580669428655062347e+01,2.676133099317058850e+01
2.443128582369001833e+01,2.513711356294868438e+01,2.458056299605487993e+01,2.432937344472139785e+01,2.473508968890297410e+01,2.497959328560085623e+01,2.441043188658539975e+01,2.517952341853214193e+01,2.604207815433977657e+01,2.416782647173124587e+01,2.529847553219514111e+01,2.465789329868124469e+01,2.505120483178285440e+01,2.593526036473195973e+01,2.553545897349027882e+01,2.520173895512726858e+01,2.553155750571795579e+01,2.568452468395838650e+01,2.553454784417084511e+01,2.659513163222567300e+01,2.569090550327729261e+01,2.535431140878438327e+01,2.595740446181542893e+01,2.585749625767226689e+01
2.423687119227781750e+01,2.336435368122477030e+01,2.399224680066862447e+01,2.443884092407824937e+01,2.406762891838690166e+01,2.470879372959177545e+01,2.460296862538194773e+01,2.483282643258536382e+01,2.469433817227917416e+01,2.523030809761780802e+01,2.442176754460547272e+01,2.495500896933396007e+01,2.552545736273316379e+01,2.401687012409513500e+01,2.496931461854410372e+01,2.478688098353683245e+01,2.574199386751672591e+01,2.471501818017543428e+01,2.509838841887204808e+01,2.543364721678443630e+01,2.561290181714036862e+01,2.539818280098018022e+01,2.475650533739951697e+01,2.461810640206391554e+01
2.428488013802206069e+01,2.472462155133473516e+01,2.401907170932582858e+01,2.366691221316648353e+01,2.497161486145915887e+01,2.478970008608337139e+01,2.442423623497404606e+01,2.448840720233346246e+01,2.468980905477349097e+01,2.385689218449329019e+01,2.382595563202085032e+01,2.435884268444118561e+01,2.393125857251931166e+01,2.529445944682379377e+01,2.468101008903067850e+01,2.388801142756972240e+01,2.460447217438405687e+01,2.508819295931084525e+01,2.458579719754965254e+01,2.542284157446704285e+01,2.539211727762881310e+01,2.447259859783281399e+01,2.503878042262113013e+01,2.449594687110618452e+01
2.391893455838516047e+01,2.477535757888625767e+01,2.415314203014656869e+01,2.420136759324930154e+01,2.470104686799987803e+01,2.525263713796687171e+01,2.398803934297416163e+01,2.541405735304783775e+01,2.457525122074179080e+01,2.440508147527594929e+01,2.438198505594675680e+01,2.466776654197968810e+01,2.522574508045261155e+01,2.468553956052369358e+01,2.524731315043459290e+01,2.434569128728765008e+01,2.412381220923418823e+01,2.462294443586245052e+01,2.574456646163321238e+01,2.516580645247455550e+01,2.454615670531734395e+01,2.539902138850186475e+01,2.524184794058345460e+01,2.451523918077816688e+01
2.444314077750794922e+01,2.470400146370803895e+01,2.581687136841770780e+01,2.471696372053941104e+01,2.464543374826899935e+01,2.573993148053835966e+01,2.486145864382746140e+01,2.509638449600493004e+01,2.437225150288674058e+01,2.456883639830124366e+01,2.430484084951564228e+01,2.552571375073131321e+01,2.556450360558704915e+01,2.571883122044528136e+01,2.493026484224935757e+01,2.513289563610442201e+01,2.494941121269351925e+01,2.499016956344900109e+01,2.609434030606644228e+01,2.539314092101915321e+01,2.575229344683100408e+01,2.577938443424091020e+01,2.512733645900846113e+01,2.520337408033782367e+01
2.412565614993957297e+01,2.384494237498006441e+01,2.498655171764653460e+01,2.373302502365908140e+01,2.452812249540153289e+01,2.434793754452527992e+01,2.453555198174660745e+01,2.382918109245633786e+01,2.481664365260621707e+01,2.516645196026689746e+01,2.503577888673248708e+01,2.404335138825285867e+01,2.450722236822224431e+01,2.503757469601583807e+01,2.454394210095966855e+01,2.502153618350070019e+01,2.484303590372934423e+01,2.482897370307392748e+01,2.499917957684448311e+01,2.464666336325586826e+01,2.451401304061772635e+01,2.481651043051948591e+01,2.573937311298453778e+01,2.507435255610079139e+01
2.466492967442576401e+01,2.394487447268113556e+01,2.409086183597031550e+01,2.484699412480881620e+01,2.452605343594467513e+01,2.381384686528582506e+01,2.431380089213752171e+01,2.388025684069577892e+01,2.397765907727500689e+01,2.417692360694474019e+01,2.399330499444658926e+01,2.350240657205057460e+01,2.461438571580157486e+01,2.447203157944323948e+01,2.529636585213825128e+01,2.411991959467724200e+01,2.468353830650136160e+01,2.447011937597687847e+01,2.490407183891773002e+01,2.508278595168530956e+01,2.492844516017299838e+01,2.540659789206154073e+01,2.452102029499292257e+01,2.510063779359512637e+01
2.494608889083554004e+01,2.439746944078763136e+01,2.488052049575486535e+01,2.469881188671911332e+01,2.505030933103392954e+01,2.453517165555712154e+01,2.474358892176417157e+01,2.456877835608185023e+01,2.503107826741114650e+01,2.484510832202130359e+01,2.505833946362366760e+01,2.555927038438852605e+01,2.446319216937678220e+01,2.440970304026717486e+01,2.509700626201794194e+01,2.405607348853686744e+01,2.511198643631445293e+01,2.452211418081486727e+01,2.478490116354794282e+01,2.520531613507961310e+01,2.594913824295048244e+01,2.539435260223120849e+01,2.544716329230891461e+01,2.509345767587780074e+01
2.376567216054303344e+01,2.488587691909725663e+01,2.431977609884239655e+01,2.474264523182745279e+01,2.431244542283013743e+01,2.546695793154401599e+01,2.519212215189230619e+01,2.489028899201582590e+01,2.449485557777899203e+01,2.433334102243497910e+01,2.454006933603028529e+01,2.474913830713666130e+01,2.455232655349340121e+01,2.488363824154163240e+01,2.430610714708922160e+01,2.483786969585833049e+01,2.450766868957572342e+01,2.347366630345595695e+01,2.476386783980080963e+01,2.460660662572303181e+01,2.503109579975676979e+01,2.592316505656748404e+01,2.506076842427302154e+01,2.514109590187052845e+01
2.350619777192611082e+01,2.442764137128887114e+01,2.421241551239006640e+01,2.350825554690021590e+01,2.538995942717104981e+01,2.434207991747285860e+01,2.464621490942244009e+01,2.483848222994146226e+01,2.407062213478405965e+01,2.410256803043660057e+01,2.477741686551513567e+01,2.595791221117394798e+01,2.506186525677742338e+01,2.456352027879177058e+01,2.457427706519513322e+01,2.438591087824164561e+01,2.360474189683452551e+01,2.412628050426098980e+01,2.548041556153987131e+01,2.546605379193869112e+01,2.595334371011881558e+01,2.610969402255506111e+01,2.559289439838022417e+01,2.485481565837892504e+01
2.338000377189740675e+01,2.405685366827094640e+01,2.351601145748469435e+01,2.357190482771011375e+01,2.476389835881087720e+01,2.388957969568571116e+01,2.393894682621441916e+01,2.499949909611694920e+01,2.454796800628633946e+01,2.453569461571356669e+01,2.453538305891379423e+01,2.387294824324283127e+01,2.486840204794873443e+01,2.435042206236465745e+01,2.405602935359070216e+01,2.522758714854313666e+01,2.426738631245575561e+01,2.459082901497572493e+01,2.531276751845405215e+01,2.613866234904344310e+01,2.623212424072153226e+01,2.602753306754084406e+01,2.599703042728970104e+01,2.530868260606234799e+01
2.482514990227576845e+01,2.494879379065173453e+01,2.446940584655828843e+01,2.451845994490514613e+01,2.406134836371336405e+01,2.406680886776638317e+01,2.551417916478459347e+01,2.513368414984410038e+01,2.440423102435772762e+01,2.329436150165952313e+01,2.488176475772689855e+01,2.397607946060810491e+01,2.535115843021179671e+01,2.427311169499819243e+01,2.376981834473519939e+01,2.464005333844926326e+01,2.469799199882970697e+01,2.414499239229684235e+01,2.568750757969513643e+01,2.602278038050417308e+01,2.686652058024770895e+01,2.686178181788744723e+01,2.617629649610154274e+01,2.732551615561908420e+01
2.334318938229472451e+01,2.346497579636616138e+01,2.469491567901684448e+01,2.437952258839413844e+01,2.444454884003130246e+01,2.450117037214897664e+01,2.490137004708128643e+01,2.454072652539184674e+01,2.353294914460025211e+01,2.390080982581781655e+01,2.569822093395123375e+01,2.446949992259573037e+01,2.438154865013149220e+01,2.517671221560573258e+01,2.420731069946413072e+01,2.421144482187082758e+01,2.494834241200732095e+01,2.492608623927554845e+01,2.561159229927790193e+01,2.653447708416780415e+01,2.674300349304786550e+01,2.711657033824616292e+01,2.734523708226146255e+01,2.944085373411417095e+01
2.428609830652430901e+01,2.419298708305802847e+01,2.451255738119061789e+01,2.496250441268654185e+01,2.363995351510624232e+01,2.425115560354970512e+01,2.508386983581391405e+01,2.488314329445097428e+01,2.413905235752486078e+01,2.338544039905110594e+01,2.442772454477449173e+01,2.404373149463452819e+01,2.457514355693058405e+01,2.440075862167793730e+01,2.493946962418937119e+01,2.455496331891151840e+01,2.564672534876513055e+01,2.530252616429964974e+01,2.530171849921498506e+01,2.487666970447162385e+01,2.684373984857580808e+01,2.719476150854944763e+01,3.032489769940360702e+01,2.923071502443747249e+01
2.402663313392429245e+01,2.452651907357608252e+01,2.434796112415438074e+01,2.399927409669913914e+01,2.419818188349620414e+01,2.443886909713091882e+01,2.449110767467675487e+01,2.427427269095056772e+01,2.451306840758479666e+01,2.435490606982426698e+01,2.543952447495405522e+01,2.414799568380101391e+01,2.410811425475344549e+01,2.500636759694145894e+01,2.460776181988040889e+01,2.438898370546769456e+01,2.513602815128280099e+01,2.616331682098507372e+01,2.497262408816965262e+01,2.638754138980641528e+01,2.833564994002961157e+01,2.809639104912463381e+01,3.025611005965271261e+01,3.048437073695833988e+01
2.441074162167228678e+01,2.473143460087550238e+01,2.469066929289073187e+01,2.473761587142530516e+01,2.529621091260423782e+01,2.390652329282852406e+01,2.491158306956737079e+01,2.569016901354018501e+01,2.484265018257462998e+01,2.501169062240325047e+01,2.413169997358096452e+01,2.483663591390535430e+01,2.512781355834044916e+01,2.470438285436847536e+01,2.553954824858533357e+01,2.475901551921191412e+01,2.507902763281435909e+01,2.704451544732506818e+01,2.995496806449955329e+01,2.994327112782559652e+01,3.034619190371523700e+01,3.087542141015268271e+01,3.107511500289996320e+01,3.097747574006098148e+01
2.408256757743203025e+01,2.491434307846964202e+01,2.470499189128992157e+01,2.390141685592624299e+01,2.434399595981409448e+01,2.480183928642281899e+01,2.461151687197951787e+01,2.560938753451654293e+01,2.520276427567074506e+01,2.423528185242577138e+01,2.548271611701352413e+01,2.572242129897352925e+01,2.514759791837155944e+01,2.573551184031657613e+01,2.477510157196144291e+01,2.571959877937911187e+01,2.681085924611949167e+01,2.774170715640383378e+01,2.968963506203778024e+01,3.174573934333739089e+01,3.156568106969751852e+01,3.233466861622309807e+01,3.177426634742050737e+01,3.163354612555724543e+01
2.466772314168918001e+01,2.504948292514853847e+01,2.476115918277400851e+01,2.350419864213381516e+01,2.439530609042549258e+01,2.403087631929287227e+01,2.498242573493479313e+01,2.398527082852734793e+01,2.507393763328173009e+01,2.447897835481984430e+01,2.616237892560144473e+01,2.540727063987191059e+01,2.626271350796645265e+01,2.603779329261419662e+01,2.781942719477552828e+01,2.970288170934696836e+01,3.000253611557712929e+01,2.977042006083553360e+01,3.071661220781351176e+01,3.066737818139938554e+01,3.029372766789538218e+01,2.905820281519152104e+01,2.770858611936722582e+01,2.840103829036763727e+01
2.511951725525659640e+01,2.416368554749982422e+01,2.341541524900304694e+01,2.486851620811421526e+01,2.425327203215960026e+01,2.410070893191402774e+01,2.387676833437768664e+01,2.434182831108461187e+01,2.436888437698951293e+01,2.401046559736130348e+01,2.526598880041484563e+01,2.501859550377940877e+01,2.650980779416977384e+01,2.704710970112455470e+01,2.781458974754821156e+01,2.889296195684596569e+01,2.854708352099009971e+01,2.770861624128303902e+01,2.749280386262825004e+01,2.860788486779574669e+01,2.755838251081780754e+01,2.704705742067579877e+01,2.696383383195592387e+01,2.628110603420913094e+01
2.524896182293224456e+01,2.534252334482391689e+01,2.527769365180591876e+01,2.558043340718700165e+01,2.447813804264728788e+01,2.482141886230044747e+01,2.508237465001957389e+01,2.448345689749459098e+01,2.507133573817719707e+01,2.465234968001590232e+01,2.652695956595869120e+01,2.527135692294160663e+01,2.618857307593486894e+01,2.596265092663139740e+01,2.589434781394777474e+01,2.730915262225295237e+01,2.688052661623083850e+01,2.769554692539128382e+01,2.746109848011809618e+01,2.741432930709476068e+01,2.729971583736465846e+01,2.700512722806507782e+01,2.751769798542733270e+01,2.683267690476276357e+01
2.489085344433686942e+01,2.465144044803628276e+01,2.465325595906648459e+01,2.453445988043893067e+01,2.558981788906731936e+01,2.583887019006141372e+01,2.610370065734753098e+01,2.654067158924107162e+01,2.477725336371679532e+01,2.588678649835634360e+01,2.638234442936646929e+01,2.654777637460097139e+01,2.693056184166925959e+01,2.629868806920859470e+01,2.514102011744523679e+01,2.747965819685532551e+01,2.619339209529726986e+01,2.684030187801118927e+01,2.800390283166029803e+01,2.640201432800665771e+01,2.714823368389875213e+01,2.689904929040676507e+01,2.697278128688088827e+01,2.697176409150125664e+01
