2.680699463565338192e+01,2.760456023867379827e+01,2.825156376842215877e+01,2.966628038965984615e+01,2.816395280458135630e+01,2.761537704600846155e+01,2.811047124028442568e+01,3.002589980662236258e+01,2.979752516361440939e+01,2.860113237857433433e+01,3.004993392164817578e+01,2.906252794595081923e+01,2.765064961145134248e+01,2.823912638098147454e+01,2.924156374850281281e+01,2.846313654022344508e+01,2.852118033941218300e+01,2.952600615463671829e+01,2.898604125014855981e+01,2.931641978803361326e+01,2.886938316692550188e+01,2.762841502983314967e+01,2.853411232059733038e+01,2.920520428954938552e+01
2.912691533846015091e+01,2.789111551449332183e+01,2.932529065582230032e+01,2.741396492986905287e+01,3.035758468279226463e+01,2.805436681207845595e+01,2.865049677708776699e+01,2.892170549682339242e+01,2.894262234428862257e+01,2.944061882918549600e+01,3.008735483761103069e+01,2.869838730730413090e+01,2.809220858089355488e+01,2.850889172409796402e+01,2.867318555844644834e+01,2.811234651871728829e+01,2.968870425435414973e+01,2.910381152081004075e+01,2.839232500533216808e+01,2.822699875444362760e+01,2.915421595355945783e+01,2.926908802517709773e+01,2.836172113758112800e+01,2.924852707255831774e+01
2.820960985665226417e+01,2.783253087754189892e+01,2.768133883212743740e+01,2.827123034919918609e+01,2.772152329047651165e+01,2.937237964141854718e+01,2.812109449679780937e+01,2.868248971907098621e+01,2.904767810676554518e+01,2.935674714893048076e+01,2.815181240036747568e+01,2.903782340542426255e+01,2.798948368354183458e+01,2.906950848248970942e+01,2.882635122175759079e+01,2.988580488231366417e+01,2.935722046802362684e+01,2.881592546702216850e+01,2.853614294702549614e+01,2.942471027827889429e+01,2.840237176313240752e+01,2.873324410244094906e+01,2.869994058167640105e+01,2.889180711589074235e+01
2.732938697942188355e+01,2.794375608506663866e+01,2.784000750231672328e+01,2.751334700969476899e+01,2.801086305050165493e+01,2.786784769215398683e+01,2.859565174130057130e+01,2.932197129025070126e+01,2.933167380513464195e+01,2.840942254316428262e+01,2.922491462813388807e+01,2.926862591032397631e+01,2.908765000505832177e+01,2.857275101013647145e+01,2.885811910559010585e+01,2.910611019033882485e+01,3.002624226534544505e+01,2.854508209799712404e+01,2.938405006936761765e+01,2.825911093093128557e+01,2.869505668957765465e+01,2.836943043567993072e+01,2.877896323126043399e+01,2.916870490992454279e+01
2.920558500116112555e+01,2.821875461530544271e+01,2.873184515270696693e+01,2.845226766898025517e+01,2.782343481561844101e+01,2.796421883231499805e+01,2.694371711836078020e+01,2.821874714657604954e+01,2.819368830834258688e+01,2.868514909622177811e+01,2.895528046665089050e+01,2.962054015996045564e+01,2.900668865048538692e+01,2.930238754236540899e+01,2.865667367654498321e+01,2.879695550611955923e+01,2.842933878737130726e+01,2.985213697986074521e+01,2.952111582962214698e+01,3.039652546393614330e+01,2.965256161556658299e+01,2.997975186472422138e+01,2.937535425979160664e+01,2.977873194744438479e+01
2.951330965508998361e+01,2.775793734741500884e+01,2.901687499173755214e+01,2.844110500908254835e+01,2.817546233043395887e+01,2.901510677632165880e+01,2.745024828418542029e+01,2.795378595598242555e+01,2.894657820294099793e+01,2.883118871858630428e+01,2.868983140890833283e+01,2.890229677187858215e+01,2.850070772675451281e+01,2.820814105145211670e+01,2.889435297816004322e+01,2.801744375224649275e+01,2.868339965509665035e+01,2.857137407559685016e+01,2.900789893843494838e+01,2.965500852159783562e+01,2.780960103407534234e+01,2.938455454792347155e+01,2.856944843388691879e+01,2.892039862607788336e+01
2.929717173979503286e+01,2.851015374205985609e+01,2.862415168256927700e+01,2.790439449558698470e+01,2.777267908121643814e+01,2.768182614671388819e+01,2.873630261014460530e+01,2.847499202935813400e+01,2.866440082228967867e+01,2.873484092487490216e+01,2.873007285202976391e+01,2.896764825397497134e+01,2.838958113042468767e+01,2.864210591610822121e+01,2.931818341192104072e+01,2.936551907468088984e+01,2.890902077770107326e+01,2.860894690156163733e+01,2.815856418678333739e+01,2.875368264263028095e+01,2.920512130838841358e+01,2.893752976137915311e+01,2.847344936576109831e+01,2.962568025512860004e+01
2.788857342849411225e+01,2.777698408648274153e+01,2.908911169233778082e+01,2.854480028631871846e+01,2.787831961810525172e+01,2.784041341283091242e+01,2.803335244012617977e+01,2.757202069606637451e+01,2.887746438604284549e+01,2.787330699565995928e+01,2.843900251105714005e+01,2.918656252616034408e+01,2.876427547699552179e+01,2.812753917053959185e+01,2.915408462772097664e+01,2.938061260848331813e+01,2.949515795483273450e+01,2.864830172094701766e+01,2.928046598398356082e+01,2.917454872793871345e+01,2.941334347620778544e+01,2.969648574754887704e+01,2.949780227299930857e+01,2.885770062104825229e+01
2.843223931296842011e+01,2.776017999781356593e+01,2.787234161391268117e+01,2.786910223112630547e+01,2.842847486679079339e+01,2.817310710745135793e+01,2.815617493010915950e+01,2.826639758959441906e+01,2.914055779038926630e+01,2.854339678230843447e+01,2.835718606769933103e+01,2.896389264774609273e+01,2.875043863893051821e+01,2.799846431000634084e+01,2.871778939431828803e+01,2.847008964387407559e+01,2.856396262464301117e+01,2.866057409950815327e+01,2.853491085045237696e+01,2.812370918683086529e+01,2.950169066639455195e+01,2.925909954910110855e+01,2.900604368050613857e+01,2.897786546371389704e+01
2.828221857955560381e+01,2.815960871463789772e+01,2.808411929015227315e+01,2.855724290604456428e+01,2.796389180271876285e+01,2.908940505335544913e+01,2.843685899250419880e+01,2.865384274498194372e+01,2.969606008042535450e+01,2.890127191947209440e+01,2.853762687018030419e+01,2.805408484800005908e+01,2.813023424110809856e+01,2.865914849962484823e+01,2.828028921415221930e+01,2.950891255547736591e+01,2.724985785324821563e+01,2.833466582928053867e+01,2.907355117201444727e+01,2.859371759033990656e+01,2.776525560378337332e+01,2.922025259852443924e+01,2.816284876978050988e+01,2.897245972532147107e+01
2.812406383777391738e+01,2.861575303850275986e+01,2.772924073903249109e+01,2.767590116851494031e+01,2.865618207952570629e+01,2.833463129611300246e+01,2.849546449004043325e+01,2.808196111256285121e+01,2.816657975931923374e+01,2.858556675580939554e+01,2.824743823720939417e+01,2.846896911302070521e+01,2.844258130924112038e+01,2.832860246890305689e+01,2.814059052528244820e+01,2.819667901099779783e+01,2.842168252435698150e+01,2.914043360300263430e+01,2.840911467540138347e+01,2.811747357260458102e+01,3.004908278902496477e+01,2.923567735833995584e+01,2.946477054671242968e+01,2.942111431764021745e+01
2.838677323465884683e+01,2.905921189787034109e+01,2.661232760926822039e+01,2.791438385266303612e+01,2.796691367969600606e+01,2.859593274362504189e+01,2.826190086006289448e+01,2.851324461284394829e+01,2.871174630590286370e+01,2.895445146871128372e+01,2.776730783416371651e+01,2.868048051121741082e+01,2.815632717932487594e+01,2.807117954136242588e+01,2.931892749479470694e+01,2.870098216800516866e+01,2.915603904273172020e+01,2.852858937750352197e+01,2.874498465970935968e+01,2.864582376302837474e+01,2.925742988228182639e+01,2.847979569193051930e+01,2.914364961106588225e+01,2.928636574651420688e+01
2.869587177018985358e+01,2.844341958398604220e+01,2.808880541960576238e+01,2.802431692126259577e+01,2.802789209076064481e+01,2.869670691161411469e+01,2.820267794908164660e+01,2.832928943161260804e+01,2.808923722642242637e+01,2.868826298562538568e+01,2.795886917397172056e+01,2.871798705584234312e+01,2.842802633296145132e+01,2.737154229548514195e+01,2.888391131235880493e+01,2.848429413759134832e+01,2.919478098814977329e+01,2.878123222885847099e+01,2.896900209067456444e+01,2.789696412623800370e+01,2.889561163282604639e+01,2.950296913813735955e+01,2.901739870401394228e+01,2.846879477911824097e+01
2.812604502201219248e+01,2.856440973895706747e+01,2.835974985354982891e+01,2.785814345554706506e+01,2.863036402529309044e+01,2.778495136652162500e+01,2.818768466715391696e+01,2.860525184847256241e+01,2.815151599660885040e+01,2.900944575015375904e+01,2.880956117707114572e+01,2.803858536791932465e+01,2.891486611832721110e+01,2.818280325807523923e+01,2.823498604558079705e+01,2.830669707485009212e+01,2.952510120384221182e+01,2.840448234067912381e+01,2.886875463442430600e+01,2.939644141765705854e+01,2.928368854486211603e+01,2.828759473762414700e+01,2.869954702238408117e+01,2.911728512866125129e+01
2.806348719354036803e+01,2.758223377696185707e+01,2.806023977340430520e+01,2.743354027907594173e+01,2.790897868448683994e+01,2.833579633286348098e+01,2.798848798998301390e+01,2.739979541371815230e+01,2.710377341119391303e+01,2.818963090441394570e+01,2.851945289674608830e+01,2.807447152733305984e+01,2.770065477759072792e+01,2.857345736210703535e+01,2.869571231639201869e+01,2.792468204203908044e+01,2.832433311152738042e+01,2.824606398292576159e+01,2.928288189219290416e+01,2.866326259914075081e+01,2.874021546151624307e+01,2.863831556987258864e+01,2.828556976146222723e+01,2.912589147189601135e+01
2.790248721730932857e+01,2.778940814817894989e+01,2.831206982129191374e+01,2.691045320147173925e+01,2.776413442839492518e+01,2.677422620419258692e+01,2.702967063425006700e+01,2.729715897668080515e+01,2.817405197404480077e+01,2.854907663471101387e+01,2.804503794652157467e+01,2.731194092581102950e+01,2.810870566569974471e+01,2.846354352487554706e+01,2.812621564347205094e+01,2.788021796889574944e+01,2.770414816552346338e+01,2.844044680893910026e+01,2.935067456154007459e+01,2.905430728778867433e+01,2.911271504025216927e+01,2.851533096108880727e+01,2.935902690969277273e+01,2.878128268159463232e+01
2.740864518311246911e+01,2.849018056943799593e+01,2.775455869270717812e+01,2.750977926545425589e+01,2.783116033273199719e+01,2.755972512446714973e+01,2.809649455002073637e+01,2.698879300988517116e+01,2.715561728107820727e+01,2.709197446009591204e+01,2.735291465254204013e+01,2.778203282424522058e+01,2.776691813051093050e+01,2.691609707127906859e+01,2.730583395966380067e+01,2.787291473800314634e+01,2.801488858476653832e+01,2.694332744856427553e+01,2.816933446283303510e+01,2.793336861924547065e+01,2.980539805630837691e+01,2.784394828690028589e+01,2.904497547201685848e+01,2.867729802528350547e+01
2.803051626329232704e+01,2.696901114482471939e+01,2.904213383428958650e+01,2.705602134710011342e+01,2.798110250192752346e+01,2.749397083001076680e+01,2.678666441177040269e+01,2.722961503241094761e+01,2.658908364210299169e+01,2.795489980586086176e+01,2.773922561428048539e+01,2.746655666229088411e+01,2.699706849892976379e+01,2.802305621940314495e+01,2.718395745034376887e+01,2.656194029776435173e+01,2.710794552117107514e+01,2.761457525740183883e+01,2.851548407406352226e+01,2.857461895064307100e+01,2.897449235501602516e+01,2.967348568198264047e+01,2.904129078321273028e+01,2.861570270050657427e+01
2.749134055683794031e+01,2.643587112623163193e+01,2.731252753235258979e+01,2.609638553725631027e+01,2.718172554813548913e+01,2.728763672338476454e+01,2.699413261816204113e+01,2.707604132174600409e+01,2.724060053982492491e+01,2.731315601181034936e+01,2.793245963512322305e+01,2.733419777952991581e+01,2.742115438484910328e+01,2.681395546179248868e+01,2.756365421725041642e+01,2.696942560615946149e+01,2.797015508686359908e+01,2.716765944506533970e+01,2.916559611423934939e+01,2.784287885351909608e+01,2.854150416955934588e+01,2.880702703468580239e+01,2.901982262927958800e+01,2.860041993005842187e+01
2.747485072774367154e+01,2.760575529884221169e+01,2.760253639333433284e+01,2.712281928409663578e+01,2.678060633325623030e+01,2.724010667604670743e+01,2.753317387166219987e+01,2.625106208723912005e+01,2.748225617137103427e+01,2.769482051039972248e+01,2.790038942101961084e+01,2.695962355713436409e+01,2.768272824378692576e+01,2.705221792669777869e+01,2.740798600856317080e+01,2.681908954798257128e+01,2.799731993420328990e+01,2.739038761373984698e+01,2.862971533326765439e+01,2.802693916641982241e+01,2.910980431492544085e+01,2.867152654619582108e+01,2.933782836671406358e+01,2.946710777022963157e+01
2.689668171408413855e+01,2.628469766181143541e+01,2.756497167872601040e+01,2.713194467607837623e+01,2.788480463142155941e+01,2.886584293084069941e+01,2.831850652302881599e+01,2.823885396708567441e+01,2.712120145514899150e+01,2.772878983781532725e+01,2.847627494034003348e+01,2.805230039243156170e+01,2.770434268549433909e+01,2.714597714850100374e+01,2.755176026554198643e+01,2.779786650788616953e+01,2.800122878008096450e+01,2.726950970854295520e+01,2.915057589980921193e+01,2.791525198083195392e+01,2.941899420673644272e+01,2.846541641024214186e+01,2.846406659096822978e+01,2.839569079612590485e+01
2.710381681784355123e+01,2.718567899186501791e+01,2.757658625870550395e+01,2.671934689695723364e+01,2.756160287024562194e+01,2.851218259057111482e+01,2.789034807705695584e+01,2.740767303199362459e+01,2.758758723976370675e+01,2.846399282729299784e+01,2.750082896607096927e+01,2.805670320969278464e+01,2.750676903487055824e+01,2.787591991343833797e+01,2.720185488676810337e+01,2.755833435160366207e+01,2.722834943296442134e+01,2.792045021962394458e+01,2.865026206536504105e+01,2.917602612196196787e+01,2.824140251011874625e+01,2.896129372592383788e+01,2.845247985415454650e+01,2.928712701463842905e+01
2.790186347419381718e+01,2.725826342999857843e+01,2.737069414640262721e+01,2.710639966407268275e+01,2.795431853212039641e+01,2.674858962659374129e+01,2.731207537284205955e+01,2.738532120354932431e+01,2.776956007230603518e+01,2.712905666745962208e+01,2.696867703900772995e+01,2.755611319244962942e+01,2.722476306902183296e+01,2.711635627132409354e+01,2.722322205708815090e+01,2.731412488395488936e+01,2.818398169339201331e+01,2.670731382141013910e+01,2.744056709677016670e+01,2.927815001132222505e+01,3.038828585558917439e+01,2.979150626138738289e+01,2.873256618243561888e+01,2.923586689338372935e+01
2.748572513941485340e+01,2.677423436057347317e+01,2.774071132340975510e+01,2.650182393059787955e+01,2.792222312419460195e+01,2.690571211595357681e+01,2.826029286030137655e+01,2.669465100546864278e+01,2.751864065364515000e+01,2.686872813958012784e+01,2.735860160087594295e+01,2.775385551800314943e+01,2.836087622492220817e+01,2.759826219645572110e+01,2.793682957462704053e+01,2.712778733721131630e+01,2.785813154735183161e+01,2.806666400940235917e+01,2.888110848447513490e+01,2.843970900394202772e+01,3.129019571368507968e+01,3.066870350315588212e+01,2.946606694826664352e+01,2.903218588810028677e+01
2.743795132357809052e+01,2.739156749866435803e+01,2.749405486319142256e+01,2.721292520971326212e+01,2.774941249021344447e+01,2.657550113513264023e+01,2.764295115642318024e+01,2.717159961079971708e+01,2.737763828015636136e+01,2.673417324643190796e+01,2.761731806718063353e+01,2.768257797061204428e+01,2.804639592286844163e+01,2.779974981458360617e+01,2.684571206703901680e+01,2.726076706057546062e+01,2.754300977045033960e+01,2.799462641836214516e+01,2.919655967726345125e+01,2.907726412945493166e+01,3.284646302106142457e+01,3.296207441851220210e+01,3.270618669303837578e+01,3.100376153805910917e+01
2.759298866384904159e+01,2.788119175291649299e+01,2.808926023743634914e+01,2.697375867002165251e+01,2.772164797336762376e+01,2.724180023906899351e+01,2.734622873095395335e+01,2.754846670369397543e+01,2.680122918541712806e+01,2.812783650039824579e+01,2.713089532713701146e+01,2.785748346442676393e+01,2.796174276569172434e+01,2.818466407814793229e+01,2.822528643763826040e+01,2.824009842469615705e+01,2.717319183816687200e+01,2.806667319742308564e+01,2.955706064391318932e+01,3.045260850295761657e+01,3.307117058728630354e+01,3.274854442658858034e+01,3.181178691553191129e+01,3.301479340771550142e+01
2.756922393080742495e+01,2.813507750598995472e+01,2.658303707616693146e+01,2.773874928172472210e+01,2.786702898081534840e+01,2.775677876887561979e+01,2.702715325104134081e+01,2.730458632678397635e+01,2.805302967486068155e+01,2.867145836112069901e+01,2.853953744480850219e+01,2.640098976597505498e+01,2.802734546108985114e+01,2.698952045649014053e+01,2.716244236995038364e+01,2.740497069253007112e+01,2.745929859720502009e+01,2.785858529290351271e+01,3.122255937050942975e+01,3.057820430264956713e+01,3.107277905431391218e+01,3.095021194606522386e+01,3.239147695107942582e+01,3.182567710162675212e+01
2.699320761113017397e+01,2.784498752397468024e+01,2.886421036733111123e+01,2.874507060653502322e+01,2.848079893991882727e+01,2.795709277288023031e+01,2.821133157084233289e+01,2.750562002560536712e+01,2.812624509819903551e+01,2.686163221851933258e+01,2.762351065481863088e+01,2.772579516494562313e+01,2.801791044858163104e+01,2.681697972731706159e+01,2.710106427883044944e+01,2.754252903031647293e+01,2.745065953799627323e+01,2.826339357007600483e+01,3.126535260207134570e+01,3.078486622826329722e+01,3.145272902706574314e+01,3.038307857441634496e+01,3.244670859690251064e+01,3.219048525497930768e+01
2.825616620313701333e+01,2.702348406146552406e+01,2.741880853823795405e+01,2.756960221032534264e+01,2.771051782505861638e+01,2.700623581746970103e+01,2.821925160518270559e+01,2.771541809895330744e+01,2.759706884631168577e+01,2.748853158178701506e+01,2.822950612998215547e+01,2.814755284510965794e+01,2.755763413957703278e+01,2.687760130438209671e+01,2.817771980286653388e+01,2.750422046312195334e+01,2.735483942336736618e+01,2.779570405945685252e+01,3.011927505753965306e+01,2.960123134271196932e+01,3.105055570591355263e+01,3.151870430256747113e+01,3.120849809158175958e+01,3.116924182431631607e+01
2.835325250636481087e+01,2.817113083794953354e+01,2.874257517865851241e+01,2.706856404646651981e+01,2.738329393349550855e+01,2.853986770703016873e+01,2.683953082287678171e+01,2.773614335594095337e+01,2.662977467963293066e+01,2.768549106244552149e+01,2.729747648982032615e+01,2.769895163763936807e+01,2.773767882535918261e+01,2.720415357480720786e+01,2.693780408863688081e+01,2.733804826689453193e+01,2.688739796867292853e+01,2.767368766714338335e+01,2.992894097990580349e+01,3.032970778408673596e+01,3.167157117305265501e+01,3.008341701962052639e+01,3.001643021460472482e+01,3.091383364473927031e+01
2.787898062216015660e+01,2.801639282015577237e+01,2.696907093808192712e+01,2.781979883282946275e+01,2.724313660265300996e+01,2.830879935731434216e+01,2.769380735945594552e+01,2.761441941118209797e+01,2.761875113803745307e+01,2.665752430840825582e+01,2.732444449510234108e+01,2.762494364582335038e+01,2.739136689986429474e+01,2.807841709348031145e+01,2.794772553265426041e+01,2.697153993319841447e+01,2.894427814581069924e+01,2.839669202255942082e+01,3.141289509713703865e+01,2.960810357522916547e+01,3.184543526414898906e+01,3.040065302841668426e+01,3.183343352210124522e+01,2.970696955912580961e+01
2.714240362894031477e+01,2.830531736474188165e+01,2.796599026929220599e+01,2.692681076791711803e+01,2.777165049534659147e+01,2.831122474801912858e+01,2.751640042912470108e+01,2.693924572353949998e+01,2.787988401851077924e+01,2.839791515709822534e+01,2.751695093730558028e+01,2.797658100590894037e+01,2.741894444224641347e+01,2.729171148738856800e+01,2.754744278203111207e+01,2.785514844209819785e+01,2.858296830685378609e+01,2.888764032765834600e+01,3.255833458502337407e+01,2.919465060609269358e+01,2.968936296035678879e+01,3.176444451731515528e+01,3.219073502944684151e+01,3.137646800300734640e+01
