2.486103905236927858e+01,2.493750862318779582e+01,2.416470659703605861e+01,2.395342062714155418e+01,2.430069262685225340e+01,2.407723506039144468e+01,2.540992353322241115e+01,2.368029412542551881e+01,2.521754410061925000e+01,2.561813418310379120e+01,2.415306322981149378e+01,2.432840067654007044e+01,2.488413424844941346e+01,2.530403008905841489e+01,2.540414124678949293e+01,2.347997582995839139e+01,2.550153853238833790e+01,2.497968569022373231e+01,2.663821970370344161e+01,2.536905753865391944e+01,2.570993791499978443e+01,2.563209428684564273e+01,2.642578360913711322e+01,2.711767755819658987e+01
2.426178035965125446e+01,2.502504169280433644e+01,2.489061289291936419e+01,2.425892531646161387e+01,2.397299677176994237e+01,2.482177949042016962e+01,2.372593988582980273e+01,2.546185967538798423e+01,2.525689464417445151e+01,2.470317310834286673e+01,2.355495632686307772e+01,2.456941806066657819e+01,2.442909265183419620e+01,2.508619924833220693e+01,2.497697458048105545e+01,2.550728278672318083e+01,2.595376153465326752e+01,2.402159682278215769e+01,2.456665235595340846e+01,2.461804707339297238e+01,2.562324473988502405e+01,2.573549960232315925e+01,2.561337475699042443e+01,2.434017699149961800e+01
2.518156585687188453e+01,2.281450227602584846e+01,2.484185454726480202e+01,2.479549832360481787e+01,2.510192090638895479e+01,2.414514027520687023e+01,2.521684517043422602e+01,2.389721991978984761e+01,2.301292590391932436e+01,2.426658338205572818e+01,2.480975627930348537e+01,2.346858560326825227e+01,2.447237988175584178e+01,2.458914077520205410e+01,2.392385176929133195e+01,2.319437903067375828e+01,2.474444564814865544e+01,2.397649118317565353e+01,2.492359179488204290e+01,2.519452735845646885e+01,2.503987796053019110e+01,2.535862284027365376e+01,2.538170492003712297e+01,2.415316936554592075e+01
2.487865568660618010e+01,2.459744059694872931e+01,2.415102239958230257e+01,2.625110609785394900e+01,2.474935706716411232e+01,2.556813855405255254e+01,2.442024748038375037e+01,2.567956733910085632e+01,2.454043483125690273e+01,2.551236004105226129e+01,2.475508765561204427e+01,2.422110896209750308e+01,2.512257375014087302e+01,2.562922983096694907e+01,2.502450472442910723e+01,2.570961874168614258e+01,2.456455902019536097e+01,2.530302397732140207e+01,2.436362633670108835e+01,2.510130690881953797e+01,2.434981506249249605e+01,2.464709626992595304e+01,2.465027293386725660e+01,2.437502895653869928e+01
2.603797146329895895e+01,2.512043505777091923e+01,2.514271058325135755e+01,2.539214054685692190e+01,2.566703028072441839e+01,2.502990418318722732e+01,2.633653013418290811e+01,2.412809878392789642e+01,2.571249449015448363e+01,2.395486336914342473e+01,2.494735189622588223e+01,2.491062365602323325e+01,2.543881779326318338e+01,2.483167990253292601e+01,2.475113481399637294e+01,2.416091268583608098e+01,2.499963099522193488e+01,2.318196691768218898e+01,2.485562020788762538e+01,2.476673717140977260e+01,2.500134356068468833e+01,2.346144573197545924e+01,2.493326285761611416e+01,2.470791551945501396e+01
2.501346828915507103e+01,2.606249792458498860e+01,2.460108788999519902e+01,2.518644681161254084e+01,2.465434367244472469e+01,2.578217603922234957e+01,2.480844793101914547e+01,2.517944939194336484e+01,2.510577416470619028e+01,2.502863531841376243e+01,2.519273903906753276e+01,2.506512845520450128e+01,2.536533838677729591e+01,2.527205515213387343e+01,2.482228592372393905e+01,2.449411909505909080e+01,2.435951508108826147e+01,2.539209392448429981e+01,2.518547304996593539e+01,2.527181239727212869e+01,2.465412605846483984e+01,2.525258453814166160e+01,2.431736889176295335e+01,2.510867580329392013e+01
2.467456727175346032e+01,2.510136078575419560e+01,2.560512647644122808e+01,2.620818593275157582e+01,2.632791844572960827e+01,2.568113452582934997e+01,2.702612609586645931e+01,2.527853459906441458e+01,2.626782968530557127e+01,2.581628177195324270e+01,2.658122003337877004e+01,2.519677855867411154e+01,2.495896875852236008e+01,2.525592567660009991e+01,2.614356468558162305e+01,2.583151293981683239e+01,2.563382348707477831e+01,2.496120943771364864e+01,2.576288502334602981e+01,2.541926884885253912e+01,2.579815190676424663e+01,2.512087631173574209e+01,2.542290573403482767e+01,2.495979749271816672e+01
2.560787452264565900e+01,2.599527798638411014e+01,2.569163712110167808e+01,2.583740710406539165e+01,2.550395056094993151e+01,2.610573681353031361e+01,2.479198881624660089e+01,2.645953243870900451e+01,2.485212315226050350e+01,2.662794299133543063e+01,2.686599110286977066e+01,2.656551776780543150e+01,2.538247307084571958e+01,2.673768859369653228e+01,2.487469965557011164e+01,2.568703195306562748e+01,2.592535492968426070e+01,2.634196797460526795e+01,2.581828580276254570e+01,2.588491477776057081e+01,2.546547347713715226e+01,2.614204035907096113e+01,2.611807043748933665e+01,2.505676576895973540e+01
2.563867079325530085e+01,2.481992761168896777e+01,2.568183466209825383e+01,2.516570064571556031e+01,2.522807848376555739e+01,2.634036698483487271e+01,2.560452764412184479e+01,2.667474907768990988e+01,2.598768503507983496e+01,2.612828260389801471e+01,2.545540604626540926e+01,2.558867437387510790e+01,2.607705871520761320e+01,2.532310201562279417e+01,2.652831592162101515e+01,2.629234448239702715e+01,2.551114067263495144e+01,2.492119595121437214e+01,2.613547140885822273e+01,2.572758238832693678e+01,2.574907610102377475e+01,2.641381614005047140e+01,2.576847226616439457e+01,2.535221764978274450e+01
2.571181772014494982e+01,2.545180085579431761e+01,2.410570347370253330e+01,2.507361026307341945e+01,2.482062902461944986e+01,2.565633237049098625e+01,2.506086606784242576e+01,2.622714084657701505e+01,2.571456438281643386e+01,2.546200449882803696e+01,2.616531249064598796e+01,2.690356785971084719e+01,2.634174443702505641e+01,2.587394395400167468e+01,2.527887471432114808e+01,2.621325176707262017e+01,2.524476269817415641e+01,2.549954503861391686e+01,2.633659869771764761e+01,2.620138503240258387e+01,2.581730654499415323e+01,2.675166211146029127e+01,2.668251334093719151e+01,2.560754250186334957e+01
2.458601798790664361e+01,2.476985553699569209e+01,2.517817077865464626e+01,2.518933204462155118e+01,2.607034766612633803e+01,2.560065925364676787e+01,2.593463321662318322e+01,2.449994332551898424e+01,2.561018383950238331e+01,2.553923410568938834e+01,2.556666859341891040e+01,2.564356367660786873e+01,2.579272881322339117e+01,2.534883070906829516e+01,2.567470676984476086e+01,2.506494809978715921e+01,2.625543604265459408e+01,2.630385002425481389e+01,2.587900249995499280e+01,2.610506988525992256e+01,2.672999115050981800e+01,2.589358651502919884e+01,2.654629390412395651e+01,2.668680518108897104e+01
2.468668429540161924e+01,2.568951886471643320e+01,2.544078949188730121e+01,2.641559106473579277e+01,2.483981314958964504e+01,2.553523465912303436e+01,2.544138398480606611e+01,2.591285469055486601e+01,2.618169475166757820e+01,2.680507081845968287e+01,2.596280115164501012e+01,2.538546682228042073e+01,2.520739405742642703e+01,2.648775070999130321e+01,2.534787922771300828e+01,2.660285767607808793e+01,2.602815686506352222e+01,2.657877574989782943e+01,2.602681450926104390e+01,2.645051604556869052e+01,2.653506167853032593e+01,2.573633513307703424e+01,2.588493605765967231e+01,2.697035517461682730e+01
2.479148358703008626e+01,2.443270238335162503e+01,2.530511625021927102e+01,2.548327961831057564e+01,2.589979755887151214e+01,2.466146592635504931e+01,2.533055460984621732e+01,2.585038950844210603e+01,2.507643744009038755e+01,2.453048605245066938e+01,2.600129883043183554e+01,2.477872464741460590e+01,2.640504141643879166e+01,2.534963376236311206e+01,2.585570527401824847e+01,2.546172478406259643e+01,2.629594257510944999e+01,2.589425142930360835e+01,2.684801687610013232e+01,2.593711580492959001e+01,2.581289495565152947e+01,2.607478722610983368e+01,2.585605645454319301e+01,2.620853787654613143e+01
2.535728282437315784e+01,2.625409895186567155e+01,2.393805602130220223e+01,2.533549988530836572e+01,2.545917118794068301e+01,2.534305083784352064e+01,2.562480254082743159e+01,2.556964932091699438e+01,2.501711372206347050e+01,2.627078999158817396e+01,2.535433774442509502e+01,2.474584560473107331e+01,2.460329348081864964e+01,2.486481920786673072e+01,2.501569601871227633e+01,2.610811413909021894e+01,2.544683750341221184e+01,2.598151217029891313e+01,2.525922838686960858e+01,2.631570010147856920e+01,2.482928533869699095e+01,2.644020624678290687e+01,2.571260410923059680e+01,2.632528510787022924e+01
2.507759705384523841e+01,2.485124211296982821e+01,2.546194764551404432e+01,2.486942179407367348e+01,2.452845506689232025e+01,2.520507005820712720e+01,2.542636696114294637e+01,2.503428814990542151e+01,2.495714630721573712e+01,2.473425367760455629e+01,2.510679634778972513e+01,2.483224771421276955e+01,2.443041380899848036e+01,2.535507725187994765e+01,2.596765185000998599e+01,2.484854188600962743e+01,2.655204274803440967e+01,2.563858708458496949e+01,2.543457649973186108e+01,2.548918416821163646e+01,2.528378856115210738e+01,2.607350418311392559e+01,2.579646935603813063e+01,2.519671609726731276e+01
2.430600551617004612e+01,2.565013187689146434e+01,2.497580224222804191e+01,2.489808996531900220e+01,2.440832406199160687e+01,2.540500008647256891e+01,2.517846160496071661e+01,2.530679144303968542e+01,2.452925329073667626e+01,2.563205823787626514e+01,2.597760078974772568e+01,2.624444968724901628e+01,2.473615238453760412e+01,2.577815546235075317e+01,2.526844407851388041e+01,2.503129883867427452e+01,2.544733066007808020e+01,2.604780294498118565e+01,2.557276419207374829e+01,2.577817001200264713e+01,2.554463223265668148e+01,2.598768818491657839e+01,2.524766256654254448e+01,2.539813435559318577e+01
2.448616783947431941e+01,2.490849358973616745e+01,2.535298128679028196e+01,2.533992117475770556e+01,2.490665942188411464e+01,2.466860009917479601e+01,2.405042060266396220e+01,2.536087322390039844e+01,2.537102579133249947e+01,2.516557080212675146e+01,2.491595437948319613e+01,2.555539234869252141e+01,2.489690268474913637e+01,2.439613502913721277e+01,2.493430296295071003e+01,2.536642177011316335e+01,2.505969585478197814e+01,2.482603494202817274e+01,2.555357361277879136e+01,2.498273501551807385e+01,2.559695660289048647e+01,2.566919355787183576e+01,2.682270497732162085e+01,2.503915382353261521e+01
2.514107145762636719e+01,2.565108889519098057e+01,2.514406956304827645e+01,2.464833417703550822e+01,2.519656320667127147e+01,2.579094446087100323e+01,2.325327780430586699e+01,2.511987992744775511e+01,2.549607850276413501e+01,2.523666539498140082e+01,2.466523037823520781e+01,2.590162977648901688e+01,2.429024703742214797e+01,2.519390930268792772e+01,2.447908351991475229e+01,2.599635408481350396e+01,2.552415109244043379e+01,2.502801645211479808e+01,2.506259857670369229e+01,2.529899559727391534e+01,2.560186360971368913e+01,2.613671972029078461e+01,2.627021634429615915e+01,2.708814125991284527e+01
2.509913180066115501e+01,2.427642932712933543e+01,2.447784802365646328e+01,2.536480398112979628e+01,2.542144668353250836e+01,2.520507005820712720e+01,2.494639501139511140e+01,2.488953940741419046e+01,2.541229904130437944e+01,2.551361916434410659e+01,2.561209370841299915e+01,2.503184638954462571e+01,2.535278434579475970e+01,2.508043265902614394e+01,2.548366689632979387e+01,2.472876559696908316e+01,2.600744431921657451e+01,2.467572159082112648e+01,2.585816883489007978e+01,2.483925517322603582e+01,2.789947387335979556e+01,2.956105535437342269e+01,3.116852175251534618e+01,3.094920545255934030e+01
2.464201778702351930e+01,2.603469620252730010e+01,2.442129141038759599e+01,2.659569505939094824e+01,2.461189377438608972e+01,2.511509014536500217e+01,2.515695004577037253e+01,2.509885036121676194e+01,2.482122232135554896e+01,2.540363927234312769e+01,2.538172170212118317e+01,2.582322708291599156e+01,2.470982221837357429e+01,2.509979867000851073e+01,2.698938983884897880e+01,2.539746645320326479e+01,2.500717650188983043e+01,2.593499653974828334e+01,2.526088126061563344e+01,2.638299359966401880e+01,2.985177087594928480e+01,3.161653967045657510e+01,3.255417426448832430e+01,3.128740869952696357e+01
2.507742167109705633e+01,2.311302127084081803e+01,2.476939523908987439e+01,2.418754421131774279e+01,2.521646181778714890e+01,2.465590410247460795e+01,2.484460234358562047e+01,2.515849098217620394e+01,2.497188402641467064e+01,2.579666207442687664e+01,2.635653461660996300e+01,2.476369393473913760e+01,2.561572886716595576e+01,2.490319754943828912e+01,2.580060962190577811e+01,2.489384715437972773e+01,2.621899269307698432e+01,2.785011429891261514e+01,3.102085956572108216e+01,3.144892872063849154e+01,3.202013940401172931e+01,3.193741237682280598e+01,3.219720446763250266e+01,3.232779384571335868e+01
2.405740918861346245e+01,2.520984159796989843e+01,2.533783614278434015e+01,2.431823062774725486e+01,2.470268490086561997e+01,2.426717125556876908e+01,2.514782283684809272e+01,2.555520130915988375e+01,2.504611073818279010e+01,2.630649121143591174e+01,2.520568363410086477e+01,2.562255719741170878e+01,2.485333107716826362e+01,2.507956711410963635e+01,2.507418944765527158e+01,2.476108107210859544e+01,2.846601575345556512e+01,3.045171084943314099e+01,3.236694552507145772e+01,3.173734432074195411e+01,3.188242069203448636e+01,3.258076203473086707e+01,3.239212417567904367e+01,3.304347727592454476e+01
2.621079696681738369e+01,2.500582952249203572e+01,2.443084658317150115e+01,2.382243166596020956e+01,2.537268367154075577e+01,2.398872166908540748e+01,2.478051852599634231e+01,2.452274571129004244e+01,2.514060629611572040e+01,2.469090476284992519e+01,2.490516599903025963e+01,2.500189332421439303e+01,2.573100187456890353e+01,2.563835639998433180e+01,2.880854664944200749e+01,3.058026581833229329e+01,3.230385239128162311e+01,3.323160784308612392e+01,3.282409771365126971e+01,3.225456380272424894e+01,3.403830801850079979e+01,3.382338640945260977e+01,3.428546829782021632e+01,3.269332306528815479e+01
2.445602911814290792e+01,2.591074346940638407e+01,2.476373573757632585e+01,2.513433342070482013e+01,2.473172248947344087e+01,2.505887243786190766e+01,2.483408834638402141e+01,2.418066247335656271e+01,2.492593996737952011e+01,2.516951193890503191e+01,2.548427563520664307e+01,2.572977827639050474e+01,2.576977215375706010e+01,2.920207326355381383e+01,3.119834981930557660e+01,3.236790418357134058e+01,3.218878151409114707e+01,3.387417359221478819e+01,3.304611384813620134e+01,3.361141618765486783e+01,3.393089140149635341e+01,3.401862391577469680e+01,3.293499855532451193e+01,3.395626230515694033e+01
2.355059540940305851e+01,2.466159753826923406e+01,2.647827615683377189e+01,2.543837020361058876e+01,2.533689443754553849e+01,2.417544304040984571e+01,2.545418529722201129e+01,2.481672331127521147e+01,2.542788328161390154e+01,2.569947506782438040e+01,2.641876646762727887e+01,2.738271026867619184e+01,3.165080830217800667e+01,3.124505010204228483e+01,3.298487053403607661e+01,3.303840568951733303e+01,3.398580973043493714e+01,3.293287570498915784e+01,3.387043297145180532e+01,3.309867981867574827e+01,3.391697349679111539e+01,3.284014700195353953e+01,3.344618781584625822e+01,3.269897946584973170e+01
2.514356154615160222e+01,2.593511362003471277e+01,2.461355982493876127e+01,2.596653223724302961e+01,2.390121042893957792e+01,2.518752096882150227e+01,2.423180368233420268e+01,2.557253571674942805e+01,2.425789712144018040e+01,2.600833715697672233e+01,2.788477525203751384e+01,2.998807448253899111e+01,3.250148432933883669e+01,3.236910049709985060e+01,3.287721533294825349e+01,3.271375418811635427e+01,3.288343444558518058e+01,3.406313874857698920e+01,3.290513701296731597e+01,3.326332278527718245e+01,3.433023218284108680e+01,3.401391792896623656e+01,3.364859798046666128e+01,3.412904589239138886e+01
2.542796549913646231e+01,2.405035375227294026e+01,2.503214325018819864e+01,2.413823986835478763e+01,2.463520402644064689e+01,2.577977579182731915e+01,2.546648163745601323e+01,2.480995064193228927e+01,2.880572655483604194e+01,3.089196157737245585e+01,3.230351028185759787e+01,3.199244902334083918e+01,3.333998984937460364e+01,3.286805826039619660e+01,3.338196003506624265e+01,3.257793236971400574e+01,3.424071560062157005e+01,3.342700716014377349e+01,3.359861166528656895e+01,3.262207270256106995e+01,3.423417310892256182e+01,3.340480329845001961e+01,3.390703696118265498e+01,3.395334085467044360e+01
2.427878978132594057e+01,2.639039213237100512e+01,2.537550359005047085e+01,2.553694293716591801e+01,2.460720545690651306e+01,2.515785931523384988e+01,2.488885019440857604e+01,2.789211861060914543e+01,2.999948398055335019e+01,3.236815418632738783e+01,3.236931546462119513e+01,3.242282233122892876e+01,3.307266680150945604e+01,3.294721781528818383e+01,3.360249490645435344e+01,3.383322362932028682e+01,3.273803929043930339e+01,3.386725146261841246e+01,3.385276932399563066e+01,3.429416301877887463e+01,3.390751754727915568e+01,3.419031467942562585e+01,3.380711394861418739e+01,3.475052226015458245e+01
2.473434692141802316e+01,2.453384174270979656e+01,2.576858002125709390e+01,2.485904437423624813e+01,2.537439697289971718e+01,2.512358125206293380e+01,2.919065769901362728e+01,3.123033864663102577e+01,3.215140575518927335e+01,3.293967170111011455e+01,3.339209397793683820e+01,3.329512377943251522e+01,3.359531768689612363e+01,3.329117695563758161e+01,3.414440124579738267e+01,3.332247980878571525e+01,3.327486020153128266e+01,3.316418386624621917e+01,3.404957017071780001e+01,3.301595822947524539e+01,3.508635439844999837e+01,3.268334430864172191e+01,3.239113897895089167e+01,3.094060295318683984e+01
2.506132020669031135e+01,2.616567859466493928e+01,2.708247309335354203e+01,2.809624333948175945e+01,2.558751197173711489e+01,2.573928961737192367e+01,3.100516819823781134e+01,3.162760141510943868e+01,3.198869008413731763e+01,3.349074206420567634e+01,3.350421003853034563e+01,3.421772751114775701e+01,3.276338060923131934e+01,3.330266179080621214e+01,3.259030097953541372e+01,3.404652804684201328e+01,3.166842304766544203e+01,3.353015235004920669e+01,3.318225284377115258e+01,3.395444440203499425e+01,3.085566529652726331e+01,3.166865312590522308e+01,3.039099327815904417e+01,2.982912380396123808e+01
2.872527216952715889e+01,3.063482037486073750e+01,3.090987725377584638e+01,3.144418454362204329e+01,3.231302322732540233e+01,3.283358387116243193e+01,3.272516547755338934e+01,3.157272617253323688e+01,3.375810825843012708e+01,3.360394901654973410e+01,3.270633236103816444e+01,3.299445452901255749e+01,3.390003747598171913e+01,3.202733390610654851e+01,3.394001454276843788e+01,3.302551656762244647e+01,3.217532067348173541e+01,3.103294288873610185e+01,2.949123058281480780e+01,2.893309484089860462e+01,2.895625951429173028e+01,2.857081073460165044e+01,2.922586238823049598e+01,2.845212734164988433e+01
2.882236280841101461e+01,3.196928857145030634e+01,3.311808721901218178e+01,3.268634426111316316e+01,3.289780238312317806e+01,3.200794138430649127e+01,3.307756842698233868e+01,3.388566535558049964e+01,3.222916257585967514e+01,3.309532436580360582e+01,3.283425244248235231e+01,3.343420042164359529e+01,3.341198884280356651e+01,3.386343066033816740e+01,3.223939341993076368e+01,3.150618592371779414e+01,2.958482667630755714e+01,3.030228768510255577e+01,2.889097851327636590e+01,2.892662822741385753e+01,2.849420133924252241e+01,2.948648578374678664e+01,2.788856896204674740e+01,2.800942841560669194e+01
