2.421146208012169154e+01,2.480247119443322390e+01,2.504694542797363965e+01,2.451409091093154302e+01,2.382994126106234489e+01,2.480496578431962007e+01,2.466748365641126384e+01,2.386736950826696102e+01,2.376510623171390080e+01,2.574294532196483942e+01,2.475487427210907754e+01,2.353943025951832624e+01,2.411552975205887606e+01,2.383674098222479643e+01,2.440174406145177954e+01,2.495286880501657834e+01,2.496343030812960251e+01,2.419049668226188032e+01,2.564412353509743525e+01,2.527782188055192591e+01,2.543962413797351019e+01,2.485583231701718887e+01,2.569355695639990245e+01,2.585761680875805268e+01
2.497608065884992357e+01,2.595370221676938627e+01,2.417683070286199154e+01,2.455382060144597745e+01,2.373247473488743253e+01,2.457309050845520915e+01,2.366926653433586125e+01,2.447643008803828479e+01,2.494635947353600613e+01,2.506178011806031236e+01,2.409814796869744669e+01,2.377893023677711426e+01,2.406286221894782784e+01,2.429832662012086075e+01,2.374745505927586464e+01,2.406460921967249078e+01,2.384152066770946021e+01,2.278330086989717529e+01,2.333010558305119275e+01,2.383459436933458164e+01,2.462562371638017567e+01,2.425759762928578311e+01,2.558975344172421273e+01,2.455403752144235341e+01
2.370085917793443286e+01,2.314412583145292501e+01,2.535763795603486415e+01,2.551484399784499146e+01,2.458469564366271243e+01,2.406787641903946451e+01,2.444792973382607215e+01,2.463849062153570912e+01,2.462142269253439508e+01,2.454327775771707820e+01,2.316492141772312152e+01,2.454162382091760719e+01,2.324804331395455392e+01,2.522020622855916372e+01,2.269397742095094372e+01,2.362130361013385027e+01,2.287599656639719115e+01,2.423535604134258392e+01,2.369830987457373794e+01,2.331184730170519970e+01,2.515357352089415599e+01,2.523773466100777796e+01,2.509244187015934813e+01,2.502526088834628126e+01
2.493784087268505800e+01,2.362607543561637158e+01,2.580756464175635756e+01,2.503528928103713724e+01,2.536360339351585935e+01,2.547732141849172649e+01,2.561440005306076273e+01,2.446079765798350536e+01,2.458932066118688908e+01,2.408378228998213899e+01,2.456395758261709261e+01,2.422876190823598108e+01,2.349338993702326661e+01,2.360607230986011018e+01,2.400581051612755346e+01,2.222564291070619902e+01,2.312742998488823787e+01,2.282428711720444880e+01,2.440919117867872501e+01,2.322097323152939907e+01,2.399440988959423748e+01,2.295655284229002291e+01,2.456337692108746751e+01,2.427233754526207576e+01
2.338436571825997135e+01,2.436013671363713229e+01,2.415393734065304443e+01,2.416707755182778783e+01,2.445945070894060791e+01,2.464625160275170401e+01,2.492861501496599885e+01,2.527004338419300211e+01,2.450523190976127808e+01,2.485030404382445113e+01,2.528665539649932725e+01,2.484007419765583791e+01,2.575610806725421753e+01,2.474590354214251420e+01,2.315205906951121051e+01,2.349271206613207141e+01,2.260133505288547440e+01,2.311457800471384871e+01,2.363232810534572081e+01,2.352075673404061718e+01,2.356874989575436530e+01,2.283217833130578356e+01,2.283935040688032814e+01,2.300856562163329500e+01
2.637194125726904304e+01,2.577303427774859301e+01,2.470756413566840592e+01,2.570011996274541843e+01,2.468348948281470712e+01,2.579535043958566121e+01,2.399725625089581627e+01,2.496102786914900662e+01,2.506284816563555751e+01,2.650795900213756795e+01,2.510705429265101429e+01,2.572010579564602040e+01,2.433892207814318454e+01,2.480492466512515648e+01,2.454704693701830820e+01,2.459687308650399018e+01,2.370909046034370249e+01,2.492965175515303144e+01,2.435103586769957928e+01,2.443067009211239338e+01,2.301730940687644988e+01,2.341530857187746051e+01,2.329436344522389390e+01,2.514832232759283670e+01
2.689393415778886265e+01,2.501375161284056503e+01,2.482752485356496663e+01,2.542040179280462553e+01,2.694988256339917143e+01,2.607371717181422355e+01,2.583007923726262334e+01,2.654177380509008799e+01,2.637515768395547866e+01,2.646513234072494924e+01,2.519255804892543438e+01,2.636727026878457991e+01,2.577269452562484275e+01,2.640955033752379677e+01,2.584282865586055777e+01,2.607028039354105431e+01,2.553939944960808361e+01,2.597626718677076951e+01,2.586600021321112308e+01,2.608942949260409705e+01,2.438691852051044862e+01,2.679469666050664500e+01,2.584065932450914715e+01,2.598229287146989464e+01
2.550823039716061658e+01,2.478648912327673770e+01,2.617872618224180314e+01,2.441914793545112161e+01,2.588841234644968381e+01,2.702332128989246485e+01,2.627580027849705857e+01,2.675813179522253904e+01,2.569495395851890862e+01,2.615471308056822863e+01,2.656350112547136177e+01,2.625772255153384549e+01,2.563324033197045537e+01,2.516738688578652727e+01,2.711060104736219500e+01,2.519688299557947175e+01,2.581239216017576155e+01,2.604272511494013997e+01,2.609518964708161093e+01,2.503527228722811060e+01,2.559075831763351516e+01,2.549077449582512145e+01,2.570578061351682209e+01,2.544221953275211945e+01
2.443043520830775606e+01,2.401525982594330344e+01,2.487573603992836979e+01,2.530888788898198527e+01,2.535599783204901314e+01,2.587407107541810092e+01,2.661761321978389105e+01,2.655454042944256798e+01,2.639816677155999969e+01,2.508803286125220211e+01,2.547787508641118848e+01,2.611075536776615991e+01,2.642504078663165501e+01,2.565862517037112411e+01,2.549893751232519890e+01,2.594466145732252471e+01,2.500170092973581859e+01,2.579569762814844580e+01,2.581252389536842884e+01,2.503059369132324719e+01,2.582105668571000479e+01,2.555082885256854297e+01,2.591014891224733674e+01,2.605601956256276708e+01
2.492177817797102080e+01,2.465727094180022050e+01,2.489917328714591349e+01,2.464824592445989992e+01,2.529883613364438588e+01,2.500501941667766914e+01,2.584666736406830978e+01,2.502295759874613168e+01,2.610801503381577504e+01,2.548894799797102451e+01,2.618444763229700811e+01,2.622558465968700148e+01,2.547649315605082165e+01,2.670295846670046558e+01,2.630173373815017612e+01,2.670866357436307226e+01,2.507324558797273539e+01,2.583795935107019659e+01,2.512061144734428808e+01,2.551879463212162591e+01,2.587383501112771000e+01,2.608493115234568904e+01,2.584353545030347732e+01,2.629171874923383712e+01
2.441847059257196406e+01,2.457990688583845440e+01,2.396777261175463991e+01,2.455463629917238677e+01,2.429340088827797217e+01,2.569730490571902237e+01,2.473147495055962963e+01,2.556292060203327310e+01,2.405011086940123732e+01,2.537689878782839514e+01,2.608732326154802195e+01,2.632304493137013424e+01,2.578657187294948017e+01,2.533651946081391770e+01,2.616995881344104191e+01,2.690709080820158761e+01,2.643199749722396064e+01,2.561216748333458781e+01,2.519366056212049898e+01,2.646125608446038768e+01,2.660362474415325096e+01,2.666423689021104337e+01,2.608437381666749388e+01,2.564217542335859434e+01
2.388357501662130744e+01,2.528380217985483114e+01,2.521358878574358187e+01,2.463110963207964232e+01,2.550082565120607114e+01,2.561196886132279360e+01,2.495748866319161152e+01,2.470070267343760406e+01,2.532712780734783564e+01,2.490588890274602818e+01,2.544424745869645221e+01,2.519667464124069056e+01,2.620054545131529267e+01,2.477263643153867179e+01,2.601503722754250703e+01,2.573344799937910921e+01,2.550081149934106861e+01,2.485313342089858679e+01,2.674177695938067245e+01,2.487620512505259285e+01,2.673083475060371939e+01,2.592966064110180469e+01,2.633582009977226335e+01,2.518540540412010387e+01
2.496688894094859279e+01,2.398739368599120780e+01,2.409642007606879588e+01,2.463814066217270238e+01,2.542543965846948595e+01,2.488091243043976419e+01,2.517169881105292006e+01,2.376130364404428974e+01,2.542039583314254969e+01,2.519611138845226606e+01,2.341738195573594794e+01,2.491636590161891718e+01,2.454013604328389420e+01,2.412985431778974998e+01,2.514670762770276724e+01,2.423587743561256502e+01,2.525382115168014252e+01,2.500687205609489183e+01,2.615651116344980665e+01,2.522599295929819618e+01,2.619041629704304341e+01,2.555684757058241985e+01,2.445891330192415580e+01,2.515172176987084640e+01
2.393691980558065779e+01,2.524403770211984011e+01,2.346974300683439196e+01,2.375196631572998740e+01,2.406146421151362347e+01,2.467313332210369481e+01,2.458950508121449730e+01,2.592382432419680072e+01,2.465862089301379001e+01,2.489868707022390026e+01,2.414042269898214954e+01,2.540141489246764195e+01,2.454901218336675583e+01,2.447067612143979431e+01,2.463879827776753473e+01,2.539276868838658174e+01,2.490697603931482718e+01,2.510601165990999561e+01,2.489103582876174414e+01,2.544115210409790961e+01,2.642179133100404442e+01,2.575308777729645726e+01,2.557660447607077003e+01,2.473964344730569564e+01
2.366400630691828155e+01,2.560536784478568961e+01,2.425972823297843206e+01,2.384356308883764086e+01,2.567491659584538866e+01,2.542281470414206979e+01,2.527831763693626499e+01,2.539287218368912136e+01,2.512049184754329190e+01,2.572866848736714473e+01,2.490733435764940396e+01,2.445855054067402534e+01,2.440127707049748551e+01,2.481157284345499647e+01,2.459131825425077977e+01,2.430450911866734032e+01,2.483650546394386538e+01,2.678710538879550995e+01,2.526184047611707228e+01,2.531156507699836311e+01,2.566583814425882792e+01,2.661886848133212879e+01,2.513103364160474484e+01,2.634573854847525354e+01
2.530303907307268219e+01,2.444013053688365744e+01,2.432994878139959383e+01,2.424600494394405814e+01,2.446264164050722911e+01,2.508658382243714868e+01,2.431742328160078159e+01,2.495635199813631289e+01,2.519410245222286449e+01,2.458763451925563004e+01,2.477111346246874746e+01,2.470164730881384685e+01,2.535226118815472773e+01,2.372987198061963454e+01,2.471640114720855763e+01,2.463479027078892614e+01,2.491232393949434254e+01,2.550384412951552804e+01,2.605888861906333887e+01,2.473166474523776515e+01,2.538181641104182518e+01,2.528942810924911555e+01,2.567941343214420158e+01,2.415977316993343038e+01
2.484232648597912885e+01,2.270624612634702544e+01,2.508298891010969101e+01,2.374350532429139093e+01,2.546204885140537044e+01,2.450414455709994854e+01,2.474383533175955563e+01,2.465906280727807598e+01,2.501100797872248904e+01,2.343163173348170858e+01,2.522322511017682700e+01,2.366161163943678503e+01,2.451525756401241551e+01,2.448895268886201393e+01,2.405174168923849720e+01,2.480193527860103586e+01,2.486555609483434637e+01,2.410456412045493835e+01,2.451200560005986517e+01,2.374945233759916619e+01,2.507719379473314802e+01,2.478866041966182365e+01,2.526046350038484434e+01,2.397568491167692173e+01
2.411618357840637827e+01,2.366965695641135881e+01,2.449725306650458378e+01,2.400000967892333392e+01,2.379811002499883443e+01,2.422733141565578308e+01,2.359598403854437265e+01,2.458240635531166163e+01,2.376777582918572307e+01,2.435442860154120126e+01,2.445815671500582766e+01,2.435442860154120126e+01,2.456553527528438963e+01,2.447067612143979431e+01,2.408665863374568517e+01,2.412106378912767468e+01,2.379564956037745560e+01,2.346524890205705560e+01,2.401482473804657047e+01,2.441976458736797895e+01,2.472955509573529298e+01,2.614238560867863725e+01,2.469570437565465681e+01,2.551429156270791054e+01
2.388760088636792034e+01,2.483638576808840526e+01,2.384105502675561183e+01,2.453228362703333687e+01,2.457782719373989266e+01,2.470769411997582665e+01,2.479208655455738608e+01,2.437207550602482797e+01,2.437489797538108860e+01,2.447143255078930224e+01,2.457529953043842852e+01,2.501536876105950569e+01,2.447539685079271976e+01,2.469807204828623526e+01,2.511147332561233725e+01,2.418046559853911504e+01,2.565408923992094969e+01,2.483650911590336818e+01,2.498616198957489587e+01,2.569026418843480997e+01,2.493776397045263593e+01,2.590872180262948632e+01,2.515065941949558237e+01,2.581700043502200970e+01
2.383023412627130710e+01,2.402322507665269313e+01,2.529088918519880735e+01,2.482912433161675381e+01,2.579161896962239098e+01,2.462665562348939829e+01,2.429643361010812441e+01,2.405485532818136107e+01,2.411996934588887598e+01,2.297795558981965769e+01,2.452020905789197514e+01,2.373862797612628128e+01,2.383224729989683510e+01,2.405149271603499983e+01,2.409735849112769301e+01,2.315058945294344994e+01,2.465035552444942368e+01,2.557051177990410906e+01,2.543649482297229270e+01,2.481328582314722553e+01,2.624318422867872869e+01,2.525765778606432832e+01,2.543966353084834964e+01,2.594732631947630352e+01
2.365717558314128155e+01,2.347703672200128722e+01,2.450277187223292685e+01,2.464810913344661003e+01,2.491731804731671218e+01,2.469601532772031760e+01,2.434688145804017267e+01,2.464412262310253254e+01,2.392987741173334371e+01,2.389399852317490058e+01,2.480599309121311080e+01,2.353583618620189100e+01,2.457428496447005273e+01,2.401257435806212470e+01,2.391538148617422621e+01,2.450914231878982719e+01,2.517855693070168854e+01,2.528332554850288716e+01,2.533657959306356133e+01,2.559774471833264897e+01,2.740990448148670566e+01,2.696747121922078350e+01,2.511489440741218004e+01,2.631993330555258126e+01
2.385263026185725721e+01,2.399500067736147457e+01,2.526029264473260127e+01,2.553840215336083475e+01,2.403290342435866478e+01,2.486137615082014918e+01,2.551819063997180592e+01,2.398567730299987488e+01,2.435085181118250830e+01,2.404854445027137899e+01,2.450339222178166665e+01,2.440695075176165574e+01,2.397427255061785445e+01,2.454572897280087318e+01,2.402184447315613625e+01,2.473757474187038952e+01,2.371614445177641528e+01,2.494837862094220782e+01,2.545907498402880265e+01,2.634318222360735717e+01,2.639118082943082300e+01,2.730178726570562731e+01,2.655298476938406793e+01,2.758302742154899079e+01
2.437775938158512190e+01,2.643363036045013814e+01,2.499520860760958385e+01,2.552251589943534782e+01,2.472516941879536034e+01,2.501354714235850452e+01,2.686494700015839499e+01,2.477059704769811788e+01,2.356252545053985159e+01,2.454997390372989230e+01,2.422427268061079531e+01,2.501821743507315432e+01,2.382000100861449710e+01,2.407360835228837459e+01,2.363705790283495389e+01,2.461291933150471323e+01,2.510679007011452768e+01,2.607808628648996319e+01,2.646072144708313090e+01,2.707747055644711054e+01,2.889510342546697075e+01,3.109926645321758087e+01,2.902743969345362984e+01,2.843482815061429392e+01
2.537796716926584395e+01,2.511034080000638369e+01,2.494816746601344448e+01,2.450404780813960315e+01,2.599078236865926783e+01,2.402698205183730806e+01,2.582512445165559711e+01,2.570353587768079251e+01,2.424064400504784089e+01,2.323473917200527694e+01,2.444342538012085697e+01,2.451371432348099688e+01,2.526875476255219155e+01,2.415623735039685016e+01,2.418649596219603382e+01,2.389743817315843444e+01,2.618004959744604321e+01,2.586462515249240823e+01,2.649677411925955539e+01,2.675955592570346653e+01,3.120485856241049305e+01,3.110978390087586831e+01,3.067865549996196251e+01,3.007096766951184463e+01
2.554817811305451869e+01,2.510681413426215158e+01,2.506539909222976803e+01,2.461156806697619004e+01,2.525800834991287047e+01,2.426396203147146480e+01,2.591134672043449427e+01,2.488940489235835685e+01,2.494191452744036042e+01,2.411445800482238155e+01,2.412835041073122966e+01,2.367221603473524283e+01,2.391326324366838207e+01,2.313348899854332785e+01,2.480969303645218815e+01,2.435659655662971090e+01,2.569220147949084776e+01,2.510070318307651860e+01,2.716017809065124311e+01,2.985344178641628332e+01,3.171722132580407560e+01,3.165038468940031180e+01,3.080668316082238789e+01,3.076131236116026457e+01
2.435689261255362226e+01,2.557667547810001452e+01,2.400022107496948820e+01,2.474894236929191038e+01,2.538592357883055683e+01,2.491915734602082466e+01,2.561423999521292671e+01,2.472464941917223769e+01,2.377810797737430448e+01,2.442676090415687895e+01,2.471079345542494821e+01,2.420617497072015567e+01,2.392369417457484815e+01,2.542683895534798921e+01,2.423601306157053159e+01,2.515535946421016433e+01,2.512317665456242821e+01,2.621341847486030474e+01,2.822599082763787237e+01,3.123460157675509663e+01,3.175691831862957315e+01,3.053956305337283084e+01,2.972253901338808646e+01,2.983491753307123417e+01
2.535800112583996224e+01,2.597194162673065421e+01,2.616799550551121456e+01,2.628843704690632421e+01,2.604846169557242774e+01,2.615295028435207314e+01,2.659289816846387566e+01,2.514484694061241044e+01,2.629448793394709583e+01,2.617876015515753352e+01,2.459816433704094152e+01,2.577415393751942929e+01,2.428323679985248873e+01,2.396911529190327883e+01,2.376208690915859734e+01,2.623231088939945721e+01,2.591195411355312217e+01,2.594562696878267616e+01,3.005773683392141038e+01,3.070468640302243557e+01,3.158705300289477691e+01,3.071764768247675192e+01,3.101696138448858164e+01,3.062624613737295931e+01
2.496045584969959918e+01,2.517118588955889891e+01,2.589800641129130554e+01,2.559964376190367830e+01,2.746026835994990734e+01,2.654387702612223165e+01,2.544612360899645864e+01,2.533733327506092792e+01,2.580272979885700124e+01,2.566855889789030698e+01,2.474470527371397566e+01,2.411683492376261029e+01,2.478701300542235231e+01,2.356523697343715185e+01,2.441362332058224638e+01,2.430029722339412501e+01,2.570301665555632553e+01,2.633693435686018347e+01,2.934230959034437092e+01,3.054370252636795158e+01,3.103432341086357837e+01,3.073369627712685315e+01,3.084045132515984733e+01,2.996722393570092891e+01
2.571374575201184598e+01,2.473231252930196433e+01,2.455154918884710469e+01,2.406904406064302293e+01,2.521248588092595355e+01,2.535075432071846535e+01,2.576381593966789296e+01,2.527293468606001170e+01,2.421167291771593000e+01,2.372625761858546412e+01,2.473370908657000200e+01,2.466309070952650018e+01,2.541424891576713208e+01,2.491744738290236683e+01,2.542134723302683597e+01,2.590507862316036380e+01,2.519565567970113307e+01,2.525599292321498979e+01,2.699213818195607928e+01,2.820520767673986029e+01,2.824987480883328317e+01,2.831061770107305620e+01,2.789847359331832877e+01,2.657524738602455727e+01
2.455963968065128711e+01,2.518138686405950466e+01,2.471773082123343102e+01,2.510354370764389387e+01,2.567609197468664206e+01,2.601897494963958479e+01,2.415601134473621414e+01,2.428806731715309297e+01,2.361582739223644012e+01,2.452982296241066251e+01,2.589080529960034482e+01,2.611152968386335260e+01,2.615430163579088685e+01,2.638986067907268307e+01,2.533573876572984318e+01,2.594284883163612676e+01,2.547105165816776662e+01,2.607636854094505452e+01,2.574519448581190773e+01,2.716013736070624418e+01,2.762735711292430096e+01,2.700913505322876063e+01,2.748790707693763125e+01,2.734253732221498012e+01
2.539352668936680857e+01,2.557875262807488070e+01,2.411439091191886064e+01,2.478632728409326091e+01,2.452137926860547168e+01,2.541809766581070562e+01,2.486700594409359155e+01,2.612320158088476774e+01,2.549149950203570825e+01,2.538872223161098418e+01,2.524660872831100278e+01,2.596866945449733066e+01,2.490604819915807866e+01,2.582337277379582474e+01,2.565355015567138253e+01,2.529436472678810333e+01,2.579581443322280165e+01,2.630704718277513621e+01,2.594218747339590436e+01,2.643367419837198895e+01,2.574003403177403015e+01,2.690181103003970975e+01,2.615121682937001424e+01,2.627183800623294019e+01
2.543018041699224341e+01,2.478149507584078037e+01,2.586222464646749586e+01,2.435303681985141111e+01,2.598005430536824178e+01,2.470545228605038801e+01,2.622480147161707009e+01,2.521310517309046872e+01,2.531567907885079194e+01,2.499947719228509868e+01,2.583179484701270212e+01,2.567246834415954027e+01,2.658933744587341153e+01,2.458248518632132118e+01,2.544236475482182414e+01,2.597473382671586251e+01,2.670369259377645221e+01,2.638197736294273454e+01,2.745244441499556842e+01,2.572845209965328195e+01,2.614021365944046238e+01,2.460809787001522864e+01,2.665441154482118691e+01,2.653112824512561474e+01
