2.931734860250458041e+01,3.005710971248964825e+01,2.884957794367886663e+01,2.879587650196992854e+01,2.901388906604989870e+01,2.895184949134846875e+01,2.942024709763899182e+01,3.019938212151805601e+01,2.998202801493903280e+01,2.901934470783612596e+01,2.958829756962910551e+01,2.991701700359197957e+01,2.872145337117439112e+01,2.823030808507951406e+01,2.922441089254823510e+01,3.061994386210193397e+01,2.959534406911706128e+01,3.016558292476651104e+01,2.961915680612719370e+01,3.040235018923254984e+01,3.018167232925952703e+01,3.012944823838080310e+01,2.988176737579271958e+01,2.861618448234048628e+01
2.864030592143512877e+01,2.951933213489428454e+01,2.943426158414172278e+01,3.044271907846575687e+01,2.885107905692399299e+01,2.936655622342385641e+01,2.904904874909391310e+01,2.910214326000374285e+01,2.957111202120267990e+01,2.898277560202848235e+01,2.861297055027171155e+01,2.912720622952980420e+01,2.852801931376228595e+01,3.017541249221187627e+01,2.973138216725817529e+01,2.854551616593795416e+01,2.989957165786927362e+01,3.016446803712278779e+01,2.924523927293807901e+01,2.951391648999913286e+01,3.067551967585524153e+01,3.035378494028532259e+01,2.827756657615600488e+01,2.870458997697443237e+01
2.854840822639101816e+01,2.793343032813055515e+01,2.995773939515828488e+01,2.911533816019732512e+01,2.879154527906069916e+01,2.912021632850144215e+01,2.960284645005560833e+01,2.890002750400458353e+01,2.864119283383860193e+01,2.792971792345991844e+01,2.818751705456560330e+01,2.868245559347582230e+01,2.923770038326102849e+01,2.951967692859568615e+01,2.887848351216695164e+01,2.816202758799420280e+01,2.898023672830140640e+01,2.781989456879466616e+01,2.917961212075431376e+01,2.945152025677595020e+01,2.968343533150772373e+01,2.981160659282505776e+01,2.887439954028752709e+01,2.930606638600011138e+01
2.842903329482180652e+01,3.022459182313212978e+01,2.891902178594153838e+01,2.927366294648868461e+01,2.907734122504524521e+01,2.936416793232120881e+01,2.837783720440330626e+01,2.912836970040541473e+01,2.875411736764556281e+01,3.005612613353935103e+01,2.927769023807087478e+01,2.952431720787194536e+01,2.857191194636362752e+01,2.884214399617741265e+01,2.931029815632115287e+01,2.936585041107582583e+01,2.889496973943749936e+01,2.999099193116279594e+01,2.921487146052044181e+01,2.972900865991204000e+01,2.912484413806532757e+01,2.965209280627476573e+01,2.896956888080200088e+01,3.003251732376048722e+01
2.958595523507284497e+01,2.929667506305935376e+01,2.806114880402031986e+01,2.951139954916652641e+01,2.928526966006432986e+01,2.901712117322642825e+01,2.818557161161555769e+01,2.830515921951422342e+01,2.941017495905254009e+01,2.879135939084034135e+01,2.810634706414236916e+01,2.935800469199858753e+01,2.892398621005520454e+01,2.868287273807987958e+01,2.876509045182592672e+01,2.928657530094977801e+01,2.927478229848952651e+01,2.903048801114232447e+01,3.055281129444148291e+01,3.049082145960687740e+01,2.871789532766973707e+01,2.925350300377129997e+01,2.960790769419327262e+01,2.982217027093383876e+01
2.922507204450801055e+01,2.905186727232950261e+01,2.879675117343913371e+01,2.907453711150498066e+01,2.902159604663512482e+01,2.847125706720237304e+01,3.025795897336183771e+01,2.938105342347859050e+01,2.903497861561663740e+01,2.986113184985720181e+01,2.843990549932277645e+01,2.829493898568335908e+01,2.952539388695038269e+01,2.977910597272079940e+01,2.919386618105522757e+01,2.831707996604603750e+01,2.953048212037316489e+01,2.923953472295232814e+01,3.004162890617254789e+01,2.919252395788828380e+01,3.000612356041483508e+01,2.907440012539029794e+01,2.839086422520728092e+01,2.957698175538973828e+01
2.925162034268947764e+01,2.869858848178893140e+01,2.884112302639749714e+01,2.854350704147441320e+01,2.901313736717401071e+01,2.911033891124486672e+01,2.957481726420189716e+01,2.820366823613289853e+01,2.859129764879037339e+01,2.921666849455067450e+01,2.957182260065036417e+01,2.874186942633127728e+01,2.887622323592893281e+01,2.895574774922437200e+01,2.910455208907779934e+01,2.915225062410615919e+01,2.939225024798838604e+01,2.909531683609907304e+01,2.973472906172935382e+01,2.960157925797017242e+01,3.004977617310117921e+01,2.941757319163116335e+01,2.892660460808195921e+01,2.909346246172009387e+01
2.830034072927935540e+01,2.967410780848939567e+01,2.848549030579209784e+01,2.857703416465363944e+01,2.871772817223956054e+01,2.868844901161156713e+01,2.962175020097066636e+01,2.934369448941799874e+01,2.881410533217308512e+01,2.854059608817692606e+01,2.892958648335775251e+01,2.915329427988336874e+01,2.925059806079769942e+01,2.950177821283722324e+01,2.876093636572608148e+01,2.952461195979805098e+01,2.927279997906015296e+01,2.949440012722226356e+01,2.831058700006246909e+01,3.002493613626222668e+01,2.821035500156301623e+01,2.999326142726476974e+01,2.975916072131894907e+01,3.010866797479457091e+01
2.844404933743209085e+01,2.962311078944975407e+01,2.871532978246580115e+01,2.910192214817442391e+01,2.778284481452891441e+01,2.865733455694385157e+01,2.863816779212118036e+01,2.858028758107133172e+01,2.893283133650885475e+01,2.973816176696607272e+01,2.902881487826101647e+01,2.879660408157610618e+01,2.908775100005351533e+01,2.935558277040246367e+01,2.955969496090114035e+01,3.033532617390062569e+01,2.889787653550962432e+01,2.951242835973908996e+01,2.886253548728251417e+01,2.880830945464583692e+01,2.892376766268773736e+01,2.940189777249560166e+01,2.985167662885868367e+01,2.946320838053952684e+01
2.954062263480511774e+01,2.859879486724241815e+01,2.892613207001886622e+01,2.825697813204499198e+01,2.953637824452215455e+01,2.849226776154387153e+01,2.910393123559964579e+01,2.897179446098380140e+01,2.932966446854959486e+01,2.836877897369811308e+01,2.971981808597809049e+01,2.991138746735202858e+01,2.864103703544537893e+01,2.817254780945444281e+01,2.912373069781961021e+01,2.852199709398837513e+01,2.792888483909467823e+01,2.867794540086094912e+01,2.957592042971225510e+01,2.961288280473843315e+01,2.985681671999947184e+01,2.989001116130981472e+01,2.864476202320651055e+01,2.926908138727577580e+01
3.016677912928656724e+01,2.846837141163621254e+01,2.838041807837890929e+01,2.964899603121159544e+01,2.858240202589837509e+01,2.917445645304184154e+01,2.795967514461977999e+01,2.892710632293778872e+01,2.985606448448919537e+01,2.772325685602521617e+01,2.976069484942161125e+01,2.864254223701743740e+01,2.861711806801429248e+01,2.850632960199504851e+01,2.865264247698945610e+01,2.904285715979170845e+01,2.943392949122051050e+01,2.863364524050911086e+01,2.925380618420001611e+01,2.930726135163172330e+01,2.896540577006044259e+01,2.902678341349286484e+01,2.885412107009670990e+01,2.899692133811487338e+01
2.842940102098066291e+01,2.931700324296804183e+01,2.841359753645332376e+01,2.987185722668931476e+01,2.880974095681716562e+01,2.997281336228434157e+01,2.910297859128183973e+01,2.952975895436833298e+01,2.904138118523388812e+01,2.996316606484577960e+01,2.877741696362420498e+01,2.869665297965764239e+01,2.883275590842248448e+01,2.858950662877970217e+01,2.900223821682618564e+01,2.871985104855554027e+01,2.816757337534261296e+01,2.870890265892381876e+01,2.958930706394977506e+01,2.949733135849561450e+01,2.855463418069064119e+01,2.933422502875311011e+01,2.781735081975733692e+01,2.906403396065769584e+01
2.915432164717077512e+01,2.929015636028270819e+01,2.874674933605791693e+01,2.832972639594333941e+01,2.939753437552838022e+01,2.884891788490489262e+01,2.853491766644697236e+01,2.867665815170244059e+01,2.842917696858000909e+01,2.970059882272170171e+01,2.880220658784605803e+01,2.858030865228164430e+01,2.846992577665884028e+01,2.870133889837546803e+01,2.988470955007960583e+01,2.917379806978419765e+01,2.840471711851864711e+01,2.898108733441875984e+01,2.931293697519885200e+01,2.925380044818979286e+01,2.853712634975283891e+01,3.001227098146728167e+01,2.863329412125233375e+01,2.844851687343140156e+01
2.897268911711660166e+01,2.902626203590807563e+01,2.956452343887320922e+01,2.976991130258392104e+01,2.894716301995367758e+01,2.810346308280441008e+01,2.988405669509683094e+01,2.860268425421236316e+01,2.916014955357513827e+01,2.870428482457174368e+01,2.766131577652316764e+01,2.871946119758985105e+01,2.943707208066962266e+01,2.871024837535748020e+01,2.923984594640552359e+01,2.883075438729048301e+01,2.987938085151199630e+01,2.859319113233988219e+01,2.872711868257852075e+01,2.942133563038976263e+01,2.859588092008863214e+01,2.896575614620803663e+01,2.919849369725091037e+01,2.961708658561434504e+01
2.929245992937666188e+01,2.880783286302681745e+01,2.871465940453197163e+01,2.900143179227927703e+01,2.892951745533497387e+01,2.848489234549077764e+01,2.831516831066005579e+01,2.875732680790127915e+01,2.861463345777315226e+01,2.903379981032787782e+01,2.968531378679534782e+01,2.891944086653694512e+01,2.903559893723883079e+01,2.909250477674009971e+01,2.872469125259294742e+01,2.828123022158229105e+01,2.916804430956494798e+01,2.860084692381190052e+01,2.928939868687371018e+01,2.917358757918782430e+01,2.924442572592442957e+01,2.880047542908755531e+01,3.001829327218325716e+01,2.909355912545385081e+01
2.913589765821870969e+01,2.920443528551714962e+01,2.842164147466900204e+01,2.920473113367660289e+01,2.825708188081125627e+01,2.883619977796604417e+01,2.889698088707672241e+01,2.881780133099840668e+01,2.885385288215462651e+01,2.922904422312001316e+01,2.823474588032303245e+01,2.929150131086100828e+01,2.879292651353773635e+01,2.866572518417171977e+01,2.945232428655253898e+01,2.905221775225390957e+01,2.920185174641824233e+01,2.847234285951287802e+01,2.804300695201226290e+01,2.874341352828281515e+01,2.893726840947709888e+01,2.851568998366343521e+01,2.824765852772446806e+01,2.910641953863148501e+01
2.882702150886166237e+01,2.952430430515522630e+01,2.932781669473610009e+01,2.961692505612103332e+01,2.901752296313640045e+01,2.823730479608337873e+01,2.893933501898675331e+01,2.949966272420624591e+01,2.899208022973323295e+01,2.843798604936273478e+01,2.868953106755537874e+01,2.927934129844646804e+01,2.828925642788539108e+01,2.888904575135103414e+01,2.943160012795175362e+01,2.904376391525420331e+01,2.902641162499401162e+01,2.961927878262866898e+01,2.934320778252123318e+01,2.862316933115727124e+01,2.845974772764321870e+01,2.904118322038038968e+01,2.954362891231778576e+01,2.936352265419145624e+01
2.906709890200465907e+01,2.800395584356789414e+01,2.896945016006100104e+01,2.899786682563660634e+01,2.882676341815090382e+01,2.936920043132977298e+01,2.780081140937699047e+01,2.873837245867468937e+01,2.892137775785380427e+01,2.896274892035359017e+01,2.890963828499957344e+01,2.863936681127808015e+01,2.896902994030415357e+01,2.902854444537621248e+01,2.899959009828819489e+01,2.918200656355827505e+01,3.023618769265357287e+01,2.879137558908109895e+01,2.903013508728975012e+01,2.942133563038976263e+01,2.948457029556345788e+01,2.950510947367115477e+01,2.936456926803430179e+01,2.964149154175117928e+01
2.872421410992001256e+01,2.976280626468661694e+01,2.889782384611601174e+01,2.823653484256965385e+01,2.855516207518178362e+01,2.917943157189682779e+01,2.886980512960190026e+01,2.944599826334911086e+01,2.926360276609739230e+01,2.899524714329339758e+01,2.894337290541989205e+01,2.950836085769412875e+01,2.972060913622732414e+01,2.863893930722701953e+01,2.970813596990097949e+01,2.895873937269590215e+01,3.030353370255886603e+01,2.952027898786377591e+01,2.884714031656210409e+01,2.919381513719270060e+01,2.921463065398455683e+01,2.914208613663583947e+01,2.880529395447035768e+01,2.892588901646257682e+01
2.871571923925910141e+01,2.903321317734122431e+01,2.826839571293493236e+01,2.888065606414994591e+01,2.816901361498810274e+01,2.897336139188053039e+01,2.820695257384585375e+01,2.897144331205697654e+01,2.849854509690152327e+01,2.953328020175979418e+01,2.908023437377636355e+01,2.982414117008602261e+01,2.935699718883859077e+01,2.906050531067040765e+01,2.940211904813480714e+01,2.947617158285612504e+01,2.950967661906491912e+01,2.957929120021611880e+01,2.846176330746828853e+01,2.921903097385086312e+01,2.927301457806834151e+01,2.832287993505855184e+01,2.982575820038897518e+01,2.960931075044396721e+01
2.872758655337923983e+01,2.925755499100898760e+01,2.914452646072339803e+01,2.997219592802127863e+01,3.082944260381844970e+01,3.091610825003277796e+01,3.103703774633544299e+01,3.061405521780341132e+01,2.995975553786814771e+01,3.021669169595878657e+01,2.948577918214954252e+01,2.939539291356862805e+01,2.871324754298115067e+01,2.962426420953164552e+01,2.839809508873815957e+01,2.913810205660945485e+01,2.951001494447825735e+01,2.895952594014966053e+01,2.866873973927084762e+01,2.893705118970706280e+01,2.974956672176239181e+01,2.932089490836506229e+01,2.949254415774987592e+01,2.979066177119773329e+01
2.991755918636738443e+01,2.861279423952066736e+01,3.098522165133192630e+01,3.258165780464463523e+01,3.361312513916294620e+01,3.295691869988507960e+01,3.377358047863845059e+01,3.261622599378665655e+01,3.212508607211645995e+01,3.261926799030453594e+01,3.162284150111082681e+01,3.069656765161988687e+01,2.952219606446794842e+01,2.872374004132899472e+01,2.838778093310435224e+01,2.923379062020012498e+01,2.923745022468182242e+01,2.942586140310322662e+01,2.933047721326192914e+01,2.918119860507130170e+01,2.943741672857112235e+01,2.790690964526010021e+01,3.037611696871431377e+01,2.888622850620754434e+01
3.035820324954613625e+01,3.279465831392224118e+01,3.142560030243782876e+01,2.983540531022362075e+01,3.238717540924375271e+01,3.328593334287580774e+01,3.392984731064802872e+01,3.276415289673235520e+01,3.103404187687772264e+01,3.073770441310460910e+01,3.322215368989196804e+01,3.325847285099092687e+01,2.875049003196943431e+01,2.931375574280076535e+01,2.892005172540024205e+01,2.951890975251444615e+01,2.920076219022138275e+01,2.929448901662016169e+01,2.916449010858320889e+01,2.873390943681863519e+01,2.858703672732360701e+01,2.869686949473685900e+01,2.829921006767250447e+01,2.954630246357328360e+01
3.061357156289767545e+01,3.223842306850855266e+01,3.070083756464759972e+01,3.020964052293692248e+01,3.204367320840691491e+01,3.279507565723497464e+01,3.484154639376856721e+01,3.448486037506660296e+01,3.127613522836287530e+01,3.045344452119456946e+01,3.344104933588482709e+01,3.328494305281611787e+01,3.058285575138518197e+01,2.982109989091696889e+01,2.912460158315280978e+01,2.983527717639492494e+01,2.922666593499269538e+01,2.943297394373541920e+01,2.850457794806760603e+01,2.964022602306931731e+01,2.948089390393585063e+01,2.902849223804378198e+01,2.902327379616247072e+01,3.007446462242302232e+01
2.993875072749131050e+01,2.966353752089236195e+01,3.010201241911050829e+01,3.017741654272003871e+01,3.077528454118527179e+01,3.332588251870487284e+01,3.310745936715284188e+01,3.433973409160034862e+01,3.206528274198558393e+01,3.278887586188778869e+01,3.359355485922560547e+01,3.161887910114023725e+01,2.974623723205729675e+01,3.068705828983547690e+01,2.941562533518816736e+01,2.981973870463036747e+01,2.925260844027746998e+01,2.987366067576323303e+01,2.916735012755862044e+01,2.975368850903237217e+01,2.911695150031465573e+01,2.958743189331761414e+01,2.963369263265076370e+01,2.902575984705458723e+01
2.865986781979393072e+01,2.914210298452633197e+01,2.934048263805004808e+01,3.074007534187745705e+01,3.024325541288811792e+01,3.281479579500432919e+01,3.454433960495600786e+01,3.349581885514641044e+01,3.294620481616010466e+01,3.314510613057802857e+01,3.348101948472663025e+01,3.196772976324604087e+01,3.089495902101873526e+01,3.059442159288653329e+01,2.993730791363105936e+01,2.943297394373541920e+01,3.010844428919358506e+01,2.995311604138498751e+01,3.022776206060552795e+01,2.989151236455319349e+01,2.927182837691981376e+01,3.000918208370023876e+01,2.968876530853248141e+01,2.942334911016951082e+01
2.864461579265446289e+01,2.963428081253556456e+01,2.910945102634235582e+01,2.940485135703471542e+01,3.181464159213334142e+01,3.316521973915723720e+01,3.311982769821230477e+01,3.278413578424652997e+01,3.328867691568791543e+01,3.188613807226073504e+01,3.275508909033254668e+01,3.330548707554157772e+01,3.223197888563316837e+01,3.157415057491039079e+01,3.192644610129553939e+01,3.145614134800757711e+01,3.364896645805498565e+01,3.229130285811589829e+01,3.169066472322253958e+01,3.086857592588165744e+01,3.059460916918737894e+01,3.008302638773761828e+01,3.012873683864870600e+01,3.014072733954418482e+01
2.877168207736133354e+01,2.914665805366763607e+01,3.012702276536975887e+01,3.000526997280013575e+01,3.207054598025791847e+01,3.302534057348049146e+01,3.337814504507275615e+01,3.282707022796938645e+01,3.191330785866585984e+01,3.228397709429185625e+01,3.228246327226344192e+01,3.287263056041604159e+01,3.210675450675506681e+01,3.269676553333903257e+01,3.228823878209266240e+01,3.358347438210739710e+01,3.175962298548773788e+01,3.237222259653708534e+01,3.004954670911968151e+01,3.125933332598486913e+01,2.862481623293098210e+01,3.065451969267212462e+01,2.966459268814196548e+01,3.062336146061619502e+01
2.934321630082621368e+01,2.788764297909239076e+01,3.023731723302830687e+01,3.035721932813993362e+01,3.119185378884606052e+01,3.301110036087754906e+01,3.338562727356043069e+01,3.188952681254210120e+01,3.261459485345284293e+01,3.357776018656716133e+01,3.402658925899993392e+01,3.428036191011165101e+01,3.369386673315972303e+01,3.409374703144260366e+01,3.332381495901563540e+01,3.413999622479809659e+01,3.137174083122772572e+01,3.143763422608577685e+01,3.153124916103803344e+01,3.140601498964662142e+01,3.071446757055531407e+01,3.039313061863731491e+01,3.081818819669268805e+01,2.954983988394963035e+01
2.680525875297723815e+01,2.855975036975593184e+01,2.981493043405890830e+01,3.118553693391169190e+01,3.263847747470180138e+01,3.347131223993693538e+01,3.244211707070184048e+01,3.151437828226090687e+01,3.207098194296713700e+01,3.266255318564248000e+01,3.395634542943048473e+01,3.412570343064845702e+01,3.465429282973326508e+01,3.446552289530757207e+01,3.304375536749637376e+01,3.249579324430709448e+01,3.175207508034918646e+01,3.157050686183782773e+01,3.193109424181596978e+01,3.098091607082625387e+01,3.132471616240871981e+01,3.072926337528804197e+01,3.128513219305881421e+01,3.134672485238394302e+01
2.899559981974647371e+01,2.938079871074978655e+01,2.999466983462804137e+01,3.216875330698036350e+01,3.214469956670541251e+01,3.266976957598876652e+01,3.279049189088937055e+01,3.225530246130637124e+01,3.180153069252111209e+01,3.145513835408047498e+01,3.120311134548973087e+01,3.149348963271256707e+01,3.242956088936665537e+01,3.210026758926187540e+01,3.224008559112735384e+01,3.269816162768466938e+01,3.285167099850355044e+01,3.350850226985915015e+01,3.266380195776724804e+01,3.253137822416925928e+01,3.268753607825550489e+01,3.190293186882809096e+01,3.312058496129560581e+01,3.284758025134993886e+01
2.908217573960132540e+01,2.916465162633477348e+01,3.003666435526099576e+01,3.110104143190119430e+01,3.338044305121599109e+01,3.249155476775905527e+01,3.291681047031619300e+01,3.311749954827791953e+01,3.208180324689328700e+01,3.153495411816732030e+01,3.168173178650346244e+01,3.290362662478776201e+01,3.230094053381850472e+01,3.296196142341784707e+01,3.310466512849615128e+01,3.356858157086043093e+01,3.330647124806569082e+01,3.359774181462972820e+01,3.361086696555844355e+01,3.508971986027370349e+01,3.316260173114119425e+01,3.498343486306481509e+01,3.304092703152957711e+01,3.405640234941461131e+01
