2.825919084878802323e+01,2.764920691134744857e+01,2.888228506503691051e+01,2.926545250588424096e+01,2.909184969222098971e+01,2.698870101084173712e+01,2.814290807532353256e+01,2.858586136758867724e+01,2.899946165372671203e+01,2.855921134144625739e+01,2.754021865610133091e+01,2.775783873369618959e+01,2.871238933187783005e+01,2.830980478806532119e+01,2.837803761667430535e+01,2.784415860863003900e+01,2.864067369063889146e+01,2.861934332214758570e+01,2.815622619809897742e+01,2.920834098038488946e+01,2.773914678085645846e+01,2.843784986574013374e+01,2.878316550467980051e+01,2.926943945018541626e+01
2.747012144600313377e+01,2.884775274703264358e+01,2.731713085483647774e+01,2.776160993441061464e+01,2.681338160247304359e+01,2.938830198184268738e+01,2.838597616636985776e+01,2.898975183673229594e+01,2.790543185764789769e+01,2.965753544849900436e+01,2.831681370984597379e+01,2.894108696651056789e+01,2.860435437772980549e+01,2.965340533795119882e+01,2.868441208523643127e+01,2.924591833048003764e+01,2.851318597964535684e+01,2.815800972084502973e+01,2.865573788868147176e+01,2.805739492317906070e+01,2.890730232417502066e+01,2.908520032090683571e+01,2.805686023459998069e+01,2.810080847359165546e+01
2.906840022566672133e+01,2.751829400224130495e+01,2.887255360363985801e+01,2.859466769463011815e+01,2.950897177357245482e+01,2.901764964644218026e+01,2.971216587181538671e+01,2.801760569641362508e+01,2.866782197997827097e+01,2.756941397789915982e+01,2.820477630782505685e+01,2.935382024253647160e+01,2.769375355712929831e+01,2.759585827934466806e+01,2.922292225496346418e+01,2.808415258933217729e+01,2.874272092125954714e+01,2.796159742400806181e+01,2.848674284798801182e+01,2.871930838326841240e+01,2.869761690044077795e+01,2.946515578496610033e+01,2.843739934022437410e+01,2.724735171220464736e+01
2.778521471683615118e+01,2.911450441046474680e+01,2.919035731728178007e+01,2.950830657334353191e+01,2.779402064988062193e+01,2.847513967225683018e+01,2.870241352618512565e+01,2.919183599031669019e+01,2.911515975649462007e+01,2.830641664228920718e+01,2.858634099620729785e+01,2.851716829349356885e+01,2.820511206915904268e+01,2.897645738325491038e+01,2.887395248677626114e+01,2.920160932182284341e+01,2.901426632078846524e+01,2.942588327186700781e+01,2.939395349908880917e+01,2.978883116887175220e+01,2.934310097455608002e+01,2.907661497269901929e+01,2.821712934295379682e+01,3.010139319370665589e+01
2.871211862029025497e+01,2.907844182609858308e+01,2.851916992368569481e+01,2.668197854672030189e+01,2.811372814469729065e+01,2.798730067542641109e+01,2.827098253981176867e+01,2.848857100987453350e+01,2.890316983532380846e+01,2.798833143188073791e+01,2.816423558160300900e+01,2.875867188226072813e+01,2.945435083718655278e+01,2.757863928818392196e+01,2.821652278521827384e+01,2.808702317483499655e+01,2.842745925226051895e+01,2.918738399513523518e+01,2.901069913526822575e+01,2.936011018185251942e+01,2.826162795865525368e+01,2.863817357068785441e+01,2.871038149197090661e+01,2.792685678448594899e+01
2.775379639049572233e+01,2.817885206690056066e+01,2.954824009132403262e+01,2.844268305554737708e+01,2.845435078258913109e+01,2.716741628920425455e+01,2.885980083270072782e+01,2.910541495282512869e+01,2.924369916293852611e+01,2.941839522736734125e+01,2.810657045481735850e+01,2.800908859382298033e+01,2.827120044695300294e+01,2.879814979560143229e+01,2.794212487525419419e+01,2.858019916077108746e+01,2.859179686628846184e+01,2.890767777355426915e+01,2.840121368331494978e+01,2.893183338440604757e+01,2.721425381635191343e+01,2.860342078148215705e+01,2.873744322250462346e+01,2.811780874888194148e+01
2.977708495675591394e+01,2.929972834856675945e+01,2.822806183865037610e+01,2.698299538555477284e+01,2.831419474181075202e+01,2.911116791730927389e+01,2.885894037778791699e+01,2.907526110491642157e+01,2.918280306376863109e+01,2.892392456277633528e+01,2.810091719465708593e+01,2.854729005090888450e+01,2.870310659123367714e+01,2.753031074639812914e+01,2.990750165402960192e+01,2.866653127346398833e+01,2.841967656403767251e+01,2.828535713645260330e+01,2.963407511849135290e+01,2.944446117678342034e+01,2.960856015152506870e+01,2.914279054374270572e+01,2.949591666847641136e+01,2.762795663535433732e+01
2.828472279014340529e+01,2.857534260406487192e+01,2.853165932208003142e+01,2.898650407636552018e+01,2.834821653466866564e+01,2.987813167476861054e+01,2.855185806074820221e+01,2.879595393373216439e+01,2.813812708922887396e+01,2.834360648071401556e+01,2.824770721433918652e+01,2.873297332893702105e+01,2.781991414957121833e+01,2.943802067540684675e+01,2.807735405372443438e+01,2.876290904539303028e+01,2.891621829730377158e+01,2.846487658192540948e+01,2.893846972406004170e+01,2.907183881707265982e+01,2.812053759755059446e+01,2.907120396377109728e+01,2.898061142516365862e+01,2.984082481485768312e+01
2.934022002614335634e+01,2.819633696367674247e+01,2.935953822434868243e+01,2.818611301780629219e+01,2.980536778527533670e+01,2.890658639420701093e+01,2.949088040651065512e+01,2.841983601981769425e+01,2.833416577692310057e+01,2.835653957040563000e+01,2.861032032049519103e+01,2.844227957984332988e+01,2.892937638889173968e+01,2.838887666912620489e+01,2.829046061765967579e+01,2.879445966090452202e+01,2.903551527071897453e+01,2.831336298992340517e+01,2.961676110660118866e+01,2.837164142654773968e+01,2.785524084506653253e+01,2.910728787410295126e+01,2.763408191955261373e+01,2.824848498504519512e+01
2.879345169811483629e+01,3.005185711468897125e+01,2.797708311547825133e+01,2.862207628284369321e+01,2.867463902690735722e+01,2.806348280875238288e+01,2.844921735514657257e+01,2.911600269073903746e+01,2.861374937933948104e+01,2.860674547225420383e+01,2.963726474445388703e+01,2.743833589515378435e+01,2.819339374190838043e+01,2.826208873629025220e+01,2.830802746665995073e+01,2.928983552170160465e+01,2.808300215425646229e+01,2.839119960967087763e+01,2.911093992618737047e+01,2.828661962981931310e+01,2.886096890179470620e+01,2.852564778320743244e+01,2.844665463009994255e+01,2.910015223393037331e+01
2.775408361674448088e+01,2.836767490344243470e+01,2.928706006552420149e+01,2.914782190326621958e+01,2.935654815329428402e+01,2.775266122904940858e+01,2.870060711977913570e+01,2.853049175811185023e+01,2.995779088951985614e+01,2.798454059680295813e+01,2.825293606846571492e+01,2.866340321364975807e+01,2.970071471847325029e+01,2.839172394497273899e+01,2.993967350751518097e+01,2.761937432154155658e+01,2.910612794327806796e+01,2.825564635402355407e+01,2.836343879308327587e+01,2.837748206359691494e+01,2.925273135088173149e+01,2.856692575328457906e+01,2.986485746559429799e+01,2.852144809546592796e+01
2.847354425139872092e+01,2.796209404576768520e+01,2.873894275543290178e+01,2.872354023077031115e+01,2.812000723818874803e+01,2.927554865697936748e+01,2.899530296252709149e+01,2.883988720613041323e+01,2.877329482374886993e+01,2.932136924351277685e+01,2.862950294270689255e+01,2.882328148774303145e+01,2.809590582926028901e+01,2.962317935465409846e+01,2.806201535468721886e+01,2.937128561723250186e+01,2.975747069638788389e+01,2.898558164601780618e+01,2.933379389473503807e+01,2.859908884101304238e+01,2.823934959241870502e+01,2.910820056742682027e+01,2.903002484224123236e+01,3.040063810822238111e+01
2.812342106746172021e+01,2.784938402005803937e+01,2.857745395553263279e+01,2.770829009524214825e+01,2.891019370343730088e+01,2.831204901957158881e+01,2.866936582140863266e+01,2.823507294220519270e+01,2.812608583492487924e+01,2.831838986458785712e+01,2.874114638623927931e+01,2.791266562453199640e+01,2.943878597273476316e+01,2.873055864938208970e+01,2.935525462496957516e+01,2.883412012235686461e+01,2.827292360170093843e+01,2.939928967915210478e+01,2.906246884759019622e+01,2.870129784432918996e+01,2.860700881054924594e+01,2.800105758372228593e+01,2.784744439368307667e+01,2.826099124734469115e+01
2.745885533327782468e+01,2.979417677355417027e+01,2.782088753736343278e+01,2.813710073456940108e+01,2.813700644750406354e+01,2.877581742004326770e+01,2.839205815626513640e+01,2.911080450489140503e+01,2.774403470065959709e+01,2.853526471771948536e+01,2.807981709821177674e+01,2.921788798399893494e+01,2.811415743306633885e+01,2.859432773432587283e+01,2.898774539859982724e+01,2.881240465453265642e+01,2.822767486094494416e+01,2.894560333527169860e+01,2.904624189705043591e+01,2.808899888982722359e+01,2.852921431953524234e+01,2.874144902542258251e+01,2.843070833092690464e+01,2.870533445082389790e+01
2.915634676480101461e+01,2.913433823003686030e+01,2.870614864810841027e+01,2.833519789931460764e+01,2.885889416154350329e+01,2.863764610696608770e+01,2.785426723574124708e+01,2.854052757486726932e+01,2.818869899406615787e+01,2.950368671223043293e+01,2.858023025586459198e+01,2.845577827832335061e+01,2.924694967823859315e+01,2.814660284947683522e+01,2.844471585188807694e+01,2.814106001758710818e+01,2.897115017912108215e+01,2.925608546969624513e+01,2.985271201960853205e+01,2.868045671493894133e+01,2.897986853968700416e+01,2.868774963009417434e+01,2.865882796161639590e+01,2.881287507206502596e+01
2.896901331583848105e+01,2.918804812818723349e+01,2.860690900599246334e+01,2.896469715490638919e+01,2.924391922749998685e+01,2.903859850793230635e+01,2.901169286357952615e+01,2.837002624941663953e+01,2.862968863656493568e+01,2.910109362950163359e+01,2.874624996336166305e+01,2.860639568016671319e+01,2.856289952032057045e+01,2.930676193390081608e+01,2.926455383995948978e+01,2.991918815835589385e+01,2.886880088226172347e+01,2.937790324142127929e+01,2.881917589283511916e+01,2.990218931533559044e+01,2.834657762355936939e+01,2.869549205642994139e+01,2.917398025551221963e+01,2.888041737294281575e+01
2.961831018991836117e+01,2.951310712298561612e+01,2.903334859067780371e+01,2.926309665148011163e+01,2.840816659974433378e+01,2.871497825990144293e+01,2.866155574388852756e+01,2.758061803188212480e+01,2.914941784059499241e+01,2.747699148344912601e+01,2.888506141602852040e+01,2.839994374565389990e+01,2.792622170616738231e+01,2.863093205231638194e+01,2.945063858130197332e+01,2.925857155727953796e+01,2.903387254507651960e+01,2.850290786428655565e+01,2.933281489372120632e+01,2.846679315041257041e+01,2.934199494350053783e+01,2.872760591411110909e+01,2.852274781020190630e+01,2.929279517100053454e+01
2.986576995712141525e+01,2.945576932866595143e+01,2.916315556822132748e+01,2.907067105365598536e+01,2.934722875507321760e+01,2.890763417445714367e+01,2.886976527300225825e+01,2.825319939450275797e+01,2.813518318765272852e+01,2.842101944777635936e+01,2.863676014907281342e+01,2.808887558494575387e+01,2.830430882539911863e+01,2.940661057211406160e+01,2.868017904178850586e+01,2.856649469685055465e+01,2.917738587252767957e+01,2.869370809835629643e+01,2.848595424277721122e+01,2.825877427127596775e+01,2.914670608720530254e+01,2.898803150678730844e+01,2.844899886031839742e+01,2.825074478246364151e+01
2.898665767612334321e+01,2.954329977496530546e+01,2.943033480862897022e+01,2.973014201034675352e+01,2.846404510055066339e+01,2.828106159602430125e+01,2.881137338295923200e+01,2.875466265038818392e+01,2.948265536263130571e+01,2.923820694689368338e+01,2.934949579512601758e+01,2.877245035464898137e+01,2.918497633291934790e+01,2.823349487476411923e+01,2.913545714448315493e+01,2.887245197468467950e+01,3.026469148027496203e+01,2.892520762225609587e+01,3.014245247734498889e+01,2.925401736019875898e+01,2.910890030218445190e+01,2.991727198511995311e+01,3.016019000159934649e+01,2.921212217541688005e+01
2.807700776249737373e+01,2.879870523778606639e+01,2.902555219857600832e+01,2.957400082322345725e+01,2.813289385501991546e+01,2.854661311304084848e+01,2.880775889743910056e+01,2.900828037235925194e+01,2.856076206500364378e+01,2.901740671977387365e+01,2.939498720785860542e+01,2.956493946364855674e+01,2.864100686696997400e+01,2.923461757100000113e+01,2.943796363943619099e+01,2.958999839701380097e+01,2.840670178527602729e+01,2.905837567516459785e+01,2.931074603138398516e+01,2.998019953103994339e+01,2.989151581895424670e+01,3.003935943998806124e+01,2.889356077256911703e+01,3.025064344672330208e+01
2.797624632202439443e+01,2.809700640363092816e+01,2.882346122025052182e+01,2.830051361947090527e+01,2.862406391691615681e+01,2.830441797259817349e+01,2.885301828152580583e+01,2.867942640206894112e+01,2.873323707548269113e+01,2.875810171914071134e+01,2.826284923463276755e+01,2.823098536893883193e+01,2.825119012857163625e+01,2.892139325294044738e+01,2.911096499252602143e+01,2.840967648486184771e+01,2.779959839047285186e+01,2.966167575758794328e+01,2.826987065971553648e+01,2.926271979927270195e+01,2.877551326422826605e+01,3.012701922518073161e+01,2.920238108903470220e+01,2.916677382648731509e+01
2.854093615120103777e+01,2.734425236278104876e+01,2.822329424416597021e+01,2.764057664065336439e+01,2.900151421004233043e+01,2.952104364614484666e+01,2.848041225797527431e+01,2.874160975689227371e+01,2.910563858772468393e+01,2.934418886585029895e+01,2.895713703153643337e+01,2.908554757761572773e+01,2.930260552721767908e+01,2.971288517684536146e+01,2.902709194493576206e+01,2.839451415068845108e+01,2.890999572528687622e+01,2.896234166945913557e+01,2.971275695113257598e+01,2.956565083447446796e+01,2.951203532559276255e+01,2.867654836949543551e+01,2.985153466828569435e+01,2.986361677589451347e+01
2.976126017592474682e+01,2.863376970774356778e+01,2.953441018449041167e+01,2.837794933188263258e+01,2.850014706012387933e+01,2.935372000231330958e+01,2.907621867722923525e+01,2.899506937578348698e+01,2.841193698672384471e+01,2.795677054948248497e+01,2.875665854805163235e+01,2.884348766470822056e+01,2.944514377074455069e+01,2.916928355158285058e+01,2.822864864942681606e+01,2.973476707072353520e+01,2.944874085763143512e+01,2.903780437839839124e+01,2.844014656928169416e+01,2.854347879267061217e+01,2.991424434624713058e+01,3.022407648678097303e+01,3.133141713255082550e+01,3.114976780897876552e+01
2.882942077978844964e+01,2.869161340410602179e+01,2.943014809330259141e+01,2.911151229329288981e+01,2.777245951408940527e+01,2.895043015717055823e+01,2.820089921312654724e+01,2.942458308788019394e+01,2.768754225594710761e+01,2.869211941384310194e+01,2.843560791189122483e+01,2.995252438359494818e+01,2.957106696022759706e+01,2.963434555015379601e+01,2.857845122547695382e+01,2.954990063553424307e+01,2.890102585275008096e+01,2.880640619372763922e+01,2.988630107920175760e+01,3.077234237694216290e+01,2.966736646443450809e+01,2.963998745590515682e+01,3.200057991838912130e+01,3.350240179760544379e+01
2.795482958830729103e+01,2.786878283466921857e+01,2.858401096242067752e+01,2.800679060422066868e+01,2.826070167408670386e+01,2.809944506131313346e+01,2.881728252884852282e+01,2.783634189288039806e+01,2.849763899945315870e+01,2.824619994143864687e+01,2.881873445254444732e+01,2.749807034336390643e+01,2.884017660284064277e+01,2.865653091727398305e+01,2.832856937069783498e+01,2.860492636629538765e+01,2.920572116600504842e+01,2.816082225374719883e+01,2.984906844405145421e+01,2.846939687906052541e+01,2.823554431863158243e+01,2.966246204800080477e+01,3.215532919715633398e+01,3.083641238972637666e+01
2.815174124725700722e+01,2.880291231233138660e+01,2.889747735054152145e+01,2.788574673239617141e+01,2.829346610197961809e+01,2.943135173767143442e+01,2.871988611702374783e+01,2.785589755862747552e+01,2.725216282144600655e+01,2.705473352143008015e+01,2.831600991800593192e+01,2.890485564672718510e+01,2.963650176169454653e+01,2.884315047365117834e+01,2.894912564276370404e+01,2.809704678425947577e+01,2.929026287875871049e+01,2.861114083098891570e+01,2.851126328660279796e+01,2.835881366972012074e+01,2.863321261893014480e+01,2.787538106988870368e+01,3.014693316464683903e+01,3.050842657423078208e+01
2.806039382503047364e+01,2.875939736922180145e+01,2.855681715503749274e+01,2.873888908389756125e+01,2.892783201596785148e+01,2.827714112261617174e+01,2.825948466629182576e+01,2.741976564433798558e+01,2.825503133020794166e+01,2.776899011407840590e+01,2.933182143466194702e+01,2.845964009494963420e+01,2.904622169903990425e+01,2.890380577228506809e+01,2.967190357804702217e+01,2.882151287509503845e+01,2.971220469956290344e+01,2.897461911815628355e+01,2.937006777934487900e+01,2.928680424181658282e+01,2.886040531246612773e+01,2.886330260350229082e+01,3.013510385294904381e+01,2.959378914870757171e+01
2.910407484075864204e+01,2.902282323537167485e+01,2.901481245764705363e+01,2.928816839796041904e+01,2.804746378871521983e+01,2.887599135766237168e+01,2.921857070688741942e+01,2.841300120155045761e+01,2.661153824667513845e+01,2.866353691656757974e+01,2.868070351230670667e+01,2.910645319728331515e+01,2.930604461830449736e+01,2.931187121733387357e+01,2.949821436675415498e+01,2.928591258465394276e+01,2.926324719407244856e+01,2.960667657426893129e+01,2.950283573189022945e+01,3.005712031919858873e+01,2.945867602697472876e+01,2.899857179350078695e+01,2.941663754531742825e+01,3.006737787278996166e+01
2.736817447363188194e+01,2.753393463633159399e+01,2.958021068193795600e+01,2.787121742696217552e+01,2.894664403978129030e+01,2.728996259346416764e+01,2.878492914090031718e+01,2.816101521915550165e+01,2.802174953310856154e+01,2.895312393045259114e+01,2.762349656839984391e+01,2.916473892988926764e+01,2.820421727676563250e+01,2.868957848346457240e+01,2.784573223600591518e+01,2.994722665790408200e+01,2.910925473704293154e+01,2.880411264191167220e+01,2.922369054605047722e+01,2.906373905597052953e+01,2.885362558821952916e+01,2.952802136034279101e+01,3.028192070114300805e+01,2.905654226846422716e+01
2.966462671548430308e+01,2.912594539519164982e+01,2.786658733782149966e+01,2.725016119503186474e+01,2.815904552624124335e+01,2.820102772995187479e+01,2.838738707812063922e+01,2.819711362567198876e+01,2.777708354499560528e+01,2.778020046721877634e+01,2.854894690550611358e+01,2.878787575847684366e+01,2.945586581131516368e+01,2.857319781682241455e+01,2.742709908553905507e+01,2.921660832823738474e+01,2.829705944504115678e+01,2.929514581816283680e+01,2.846381255283171186e+01,2.947325357324245942e+01,2.789432329846914627e+01,2.826936342674844127e+01,2.962197268113618520e+01,2.991432246060406897e+01
2.910992964585022946e+01,2.804890084082887824e+01,2.889060592743288680e+01,2.837163568616199427e+01,2.921818376639674852e+01,2.858787914676759101e+01,2.771727664420120618e+01,2.774548593964664178e+01,2.828434993675062969e+01,2.735407774950749626e+01,2.858543273315655142e+01,2.809396740362677747e+01,2.914225294020616275e+01,2.944545665231970588e+01,2.983049339496386665e+01,2.883765835938788769e+01,2.950470222748498372e+01,2.939060976181775686e+01,2.916812301454001499e+01,2.877724140892320293e+01,3.102469932835049349e+01,2.855500262184614257e+01,2.869260379253250903e+01,2.979233290756423003e+01
2.773690721045988994e+01,2.805758642738396702e+01,2.879874111666998715e+01,2.824519820201078346e+01,2.947800904866488736e+01,2.808821636309869518e+01,2.834020268396596975e+01,2.855596294522251810e+01,2.805499431235142538e+01,2.873587578255597919e+01,2.864466674090607512e+01,2.918429159759148206e+01,2.826942197230738429e+01,3.092635004979825908e+01,2.892166068129637324e+01,2.936181405419165458e+01,2.911011368967621138e+01,2.974816011388566039e+01,3.081235794869132860e+01,3.045356213104435028e+01,2.860895537605227901e+01,2.856185489367823038e+01,2.940882416007667643e+01,2.984745938971400392e+01
