3.080829354036251289e+01,2.881007268269894439e+01,3.046415323507085304e+01,2.882150496574291765e+01,2.961650281530648954e+01,2.900772635845481773e+01,2.958942580935934075e+01,2.888105059746794723e+01,3.105453351880515811e+01,2.929758992391708716e+01,3.094018696815948033e+01,3.071057909878646797e+01,3.052103841839573306e+01,2.926148168039020447e+01,3.041328134942961015e+01,2.902844912107275377e+01,3.137086362374446935e+01,2.958584361886892111e+01,3.047579416414879461e+01,2.950391604583478511e+01,2.990766752580583443e+01,2.993332171957223409e+01,3.079771421856429470e+01,2.783108059416520064e+01
2.863822062591992790e+01,3.046538949440298438e+01,2.916210365617507705e+01,2.978253163068484355e+01,2.883397785497049881e+01,3.060176111574918423e+01,2.913572043175162207e+01,3.036868001920441884e+01,2.955399211522575342e+01,3.013085867696918285e+01,2.902851886816779370e+01,2.939992099335273679e+01,2.908962484453752495e+01,3.052253828578875527e+01,2.917455454780855462e+01,2.991453321111544028e+01,2.966679045921711122e+01,3.058653331162696531e+01,2.827249468080839279e+01,3.008080261749393003e+01,2.920023174442718528e+01,3.027174303503375086e+01,2.812031909911809180e+01,3.172628706560590217e+01
3.064268593252137407e+01,2.885662773457391950e+01,2.914821178449074068e+01,2.841680769238939774e+01,2.999495782312538950e+01,2.975085353142691247e+01,2.996033254289972092e+01,2.829689646983365492e+01,3.039336952503157363e+01,2.975180579567967243e+01,3.050212322924875252e+01,2.962002305343105490e+01,2.957291706206586923e+01,2.929797069536164145e+01,3.006308593322501110e+01,2.957006956839705936e+01,2.960988100856309302e+01,2.865789251889299294e+01,3.040806034803119928e+01,2.814600033796148182e+01,3.113593903443279487e+01,2.908778249130881477e+01,3.077591940154434269e+01,2.896901878853327617e+01
2.911913741702551306e+01,3.109018501267229340e+01,2.901478482137127912e+01,3.136859690784439181e+01,2.921919107425162565e+01,3.027547712459505647e+01,2.876255155445761602e+01,3.091230514959602260e+01,2.979518004193255365e+01,2.997888290644908693e+01,2.905363163741822063e+01,2.955505305250483161e+01,2.806466230328919664e+01,2.959599654079863740e+01,3.013979840929789589e+01,3.082422657485079753e+01,2.927758167739341388e+01,3.125981170400518749e+01,2.945466472451079198e+01,3.105939501013278914e+01,2.875994026825378569e+01,3.103869643428987501e+01,2.873427332165948656e+01,3.102694551860952288e+01
3.015927231052040725e+01,2.774521894804394151e+01,3.095930183746327202e+01,2.978222000051266605e+01,3.024804545994390992e+01,2.846488513144021226e+01,2.968548129906804434e+01,2.893884320974706270e+01,3.027042084876973149e+01,2.938168485470123414e+01,2.992095240523428856e+01,2.939019243751550903e+01,2.986285993211919276e+01,2.990864641784207834e+01,2.993196869594589771e+01,2.983205790585725481e+01,2.998752121498171164e+01,3.020069087759566173e+01,3.059832619279666233e+01,3.000961714245249823e+01,3.092243336494004780e+01,3.053168515531444882e+01,3.021595957923688047e+01,2.969703428828302094e+01
2.945208598422777868e+01,3.048765847693198339e+01,2.807694281724161556e+01,3.017792010501932509e+01,2.871962414252902818e+01,2.983737378436705967e+01,2.871685605393184915e+01,2.933166827291665868e+01,2.949426439940401679e+01,3.058664805395073927e+01,2.872653815748282113e+01,3.043676595946931229e+01,2.907810917046401755e+01,3.085528690906005522e+01,2.856596202517511074e+01,3.046599600320996615e+01,2.959507576326240041e+01,3.044362096946071006e+01,2.961778677931062020e+01,3.068862860958091687e+01,2.866646960373708453e+01,2.883239221315182021e+01,2.900969299102530385e+01,3.047266231220874033e+01
3.070869899374110901e+01,2.913846506907151479e+01,3.038107920228736702e+01,2.830968684776883038e+01,3.056637647413595005e+01,2.976588599280773906e+01,2.965680832498816244e+01,2.875523313119646218e+01,3.051495580429366328e+01,2.935516048125356292e+01,3.050797704786566555e+01,2.970212045177294158e+01,2.982619081000564165e+01,2.923412546306889226e+01,3.029656496158651180e+01,2.836399916829481072e+01,2.992748587604609156e+01,2.871938494466769498e+01,3.022206078090823667e+01,2.969422582404860123e+01,3.115768533153539011e+01,2.882080466686073805e+01,2.993286686184836753e+01,2.934270942170962826e+01
2.901111335689421367e+01,3.010808888710278097e+01,2.922641494393809580e+01,3.106362836832624907e+01,2.880348510817356100e+01,2.971531944473849762e+01,2.956603552380005340e+01,3.051211899642225944e+01,2.875482508175849716e+01,3.020120147022169022e+01,3.011447080097394746e+01,3.019502275030163219e+01,2.897151823233372170e+01,3.053950209886659195e+01,2.886458647731205929e+01,3.093461101255149970e+01,2.860950925740081630e+01,3.048955139572444750e+01,2.918377528524945319e+01,3.039898797365214023e+01,2.970837342687605087e+01,3.043034956359468879e+01,2.884114570030237701e+01,3.047072736036511742e+01
3.042193872524410381e+01,2.929494832646770419e+01,3.017744998851441096e+01,2.844082996855127021e+01,2.983593418362954708e+01,2.989647176048936217e+01,3.061815784469865775e+01,2.939251828566017366e+01,2.890284438001924627e+01,2.930540961472257777e+01,3.003148815142918693e+01,2.936891418445469526e+01,3.067073804359415590e+01,2.999404372267332519e+01,3.109431164669467762e+01,2.937604149259158248e+01,3.113080615851129096e+01,2.854846586762107563e+01,3.069696661609629018e+01,2.914144900121016235e+01,3.007777334815307313e+01,2.935275975493215128e+01,2.959995765651024158e+01,2.870328922851751940e+01
2.842887585114658577e+01,3.069279765600566634e+01,2.981723038506629564e+01,3.000559664388327974e+01,2.929152038024579952e+01,3.065589840583174919e+01,2.886911778201954348e+01,3.020665406788361906e+01,2.955752158965657372e+01,3.003815418363154777e+01,2.882205093228213855e+01,3.007780999767408048e+01,2.876371909562868723e+01,3.014920642401943951e+01,2.922293209300255512e+01,2.982837974918425061e+01,2.934890977681300228e+01,3.013265600967173441e+01,2.952176492906068006e+01,2.990366472596343783e+01,3.036396769184369759e+01,2.982858552216720227e+01,2.888737115645506037e+01,2.988868929879760117e+01
3.045586060817441876e+01,2.923717332067997177e+01,3.009454472295232108e+01,2.863103389686978062e+01,3.068661628261969554e+01,2.966712858621229998e+01,2.943041625105081494e+01,2.893766896332545002e+01,3.084975588056710194e+01,2.856917584321723780e+01,2.931644425295132805e+01,2.923727207529623229e+01,3.057582755324148138e+01,2.896423268098806147e+01,2.997058445281743388e+01,2.921248847998884912e+01,2.965301727427970491e+01,2.952953461721068606e+01,2.978282639631703432e+01,2.896468325815050093e+01,3.017991352214471590e+01,2.935302303937743318e+01,2.989746890292991566e+01,2.934109340174620684e+01
2.894337260506358689e+01,3.057190145640566925e+01,2.860377613701143673e+01,3.026419853967968265e+01,2.799224419904675187e+01,3.021327269939052940e+01,2.923298473331942660e+01,2.975442116337296738e+01,2.952712788257525744e+01,3.071654239970939670e+01,2.885877426411235547e+01,3.003240014739839125e+01,2.899960533144428609e+01,2.965231951559331947e+01,2.897481109737736915e+01,3.007192888910145712e+01,2.896696986610845670e+01,2.986300733330352841e+01,2.991543506402160801e+01,3.002858933281424925e+01,2.776629023054391610e+01,3.140834332103935367e+01,2.834897593279305283e+01,3.079735674459203665e+01
3.049231996282907176e+01,2.810235094484187357e+01,3.102042748673437700e+01,2.924781563890246616e+01,3.001940450230137003e+01,2.944020484456996201e+01,3.075818825370390641e+01,2.949222089858488971e+01,2.935482603991079031e+01,2.922694780057668140e+01,2.961576147085736466e+01,2.864778519350130637e+01,3.028037188817069136e+01,2.911452503741213604e+01,2.922080934561472532e+01,2.839705813994862638e+01,2.947525283013351327e+01,2.895908062960990037e+01,2.994254581046527619e+01,3.012212552974915525e+01,3.021494965048975700e+01,2.912936066763029430e+01,2.950225800714218849e+01,2.958860313016714372e+01
2.891319154599131025e+01,3.020838443287402697e+01,2.899581217641161857e+01,3.035151125694710572e+01,2.819548480839262083e+01,3.039501014831591874e+01,2.915214973628440021e+01,3.051387776120412809e+01,2.966608776315018758e+01,2.923324105325787059e+01,2.881697899383385675e+01,3.008332774216324879e+01,2.931976440886899127e+01,3.024262663758202052e+01,2.986911323008934005e+01,3.015108793431670620e+01,2.963107761703861343e+01,2.964471052158796738e+01,2.927299894604647079e+01,2.946946202486122957e+01,3.015709674949522423e+01,2.947077721726327582e+01,2.903211744820191598e+01,3.088391632238921147e+01
2.977876787759254285e+01,2.899944260692046782e+01,2.985477878886405279e+01,2.913478495629641429e+01,3.067208362578338665e+01,2.834049887918655486e+01,3.015105019998651414e+01,2.842581412013510089e+01,3.007802168192961290e+01,2.872144677543889202e+01,2.960902249912106754e+01,2.868223721363921186e+01,2.927687047003536236e+01,2.903971470480450989e+01,2.980377745052385308e+01,2.836881694674815435e+01,3.051216915255292861e+01,2.914786095095024621e+01,2.988389092503905431e+01,2.891416413059147317e+01,3.076340841184696728e+01,2.928166445257255646e+01,2.995964132804596147e+01,2.906090958055585816e+01
2.982055460435083205e+01,3.037623622912343535e+01,2.885381495466009483e+01,2.936091466783773285e+01,2.912416566306882260e+01,2.941876005705654507e+01,2.820150781519333805e+01,3.010439033764242822e+01,2.919559640479644713e+01,2.996235984214592918e+01,2.946799910069586304e+01,3.076367048247641378e+01,2.878680677799752630e+01,3.063743857360435641e+01,2.932284130868850980e+01,3.027273696865483998e+01,2.876009446763890764e+01,3.039751035768955489e+01,2.870901058634200353e+01,3.026749015823446598e+01,2.945467166265467540e+01,3.063275022585037277e+01,2.977891245053729108e+01,3.089952428875659507e+01
2.926311215568313173e+01,2.843178804200545073e+01,2.943472059374107630e+01,2.932072180077449275e+01,2.983440403366523697e+01,2.911892816755732838e+01,3.055796025043747477e+01,2.866312734960240505e+01,3.018099529694995908e+01,2.954488516010906096e+01,2.974542378388213137e+01,2.878991312244005485e+01,3.008488851043586010e+01,2.852638059683670235e+01,2.996732038818390720e+01,2.947924455048809023e+01,2.973477651777812980e+01,2.940431463419622560e+01,3.020088617474044668e+01,2.987427225879184789e+01,2.988951519063925844e+01,2.948172674243306801e+01,3.049538078376889416e+01,2.917872224276999304e+01
2.915501030735379118e+01,3.042416007468312955e+01,2.884599845439515775e+01,3.130479328160276964e+01,2.940512142690823794e+01,2.946168649398117623e+01,2.926587835623297451e+01,2.912185495145956793e+01,2.886338225360520937e+01,2.993267580245782256e+01,2.935745366410583301e+01,2.976880057453968220e+01,2.983036323341394791e+01,3.008168270877246187e+01,2.857422181040845999e+01,3.005980600840189254e+01,2.940145081194629029e+01,2.972076418936995879e+01,2.922025100938566311e+01,2.946946202486122957e+01,2.903264423895529944e+01,3.040189984106069687e+01,2.904560271806263927e+01,3.077252457581909084e+01
3.039248731432377326e+01,2.863262354413592448e+01,3.002288449021870065e+01,2.941827588932216031e+01,3.010205876226967803e+01,2.887458579283088511e+01,2.953639109152516085e+01,2.829429182156599154e+01,2.985339748608743093e+01,2.861647708250251299e+01,2.937943668864676283e+01,2.933925824735524657e+01,2.937967634334256672e+01,2.895483423660982680e+01,2.916553398473058678e+01,2.959256947954162342e+01,3.113306506720181233e+01,2.881497688690029690e+01,3.084768754448589334e+01,2.897326510663515364e+01,3.053957722009522513e+01,2.945151186288637746e+01,3.019278236399537718e+01,2.945819919673226650e+01
2.874245789036007181e+01,3.077732947937806784e+01,2.946018358078282517e+01,3.088104777259263756e+01,2.837587345168253705e+01,3.054459596418314504e+01,2.834317851731458404e+01,2.955164586254943515e+01,2.844863898145530356e+01,2.971971814107553200e+01,2.910898657325509475e+01,2.993441784642692483e+01,2.954408672984453688e+01,2.959885971972579455e+01,2.916332666063635770e+01,2.995063716288075284e+01,2.931893877946299654e+01,2.993546805459573079e+01,2.971399153005825156e+01,3.018156464977096221e+01,2.925409165224903063e+01,3.076340868102442982e+01,2.877021590061610823e+01,3.064516767937044506e+01
3.039104826519775315e+01,2.815655826241948034e+01,2.922730482134113572e+01,2.928395582798640362e+01,3.044807601845894851e+01,2.960976670715473347e+01,3.011104287643183852e+01,2.926211108400229932e+01,3.028276091957894778e+01,2.881624194115329374e+01,3.049011271420113189e+01,2.879671866882222275e+01,3.044088014011350651e+01,2.897993369997948321e+01,3.079063644038194525e+01,2.863551210940130431e+01,3.003170712130651054e+01,2.938430136665647296e+01,2.915028272611993998e+01,2.932273067602079664e+01,3.056557866862527817e+01,2.913376914477095170e+01,3.050254320089180737e+01,2.849694399685006374e+01
2.940328303362502993e+01,2.993297176590806430e+01,2.885002639905178512e+01,3.025900165127023911e+01,2.960075286430185315e+01,3.008287840511343347e+01,2.924078912626652027e+01,2.981010657771366823e+01,2.846889500962385000e+01,3.022897735471048009e+01,2.884600029894727413e+01,2.928195651098820917e+01,2.885108539587253063e+01,2.940593738713431549e+01,2.942275951760353792e+01,3.027264581806491606e+01,2.913702223770093269e+01,3.032767595221304191e+01,2.925651868977155345e+01,3.079180443498989916e+01,2.921946870054898682e+01,3.150431416742230795e+01,2.991128949141909743e+01,3.116963880791576003e+01
3.081689156662025653e+01,2.869463762519995953e+01,3.052921007519148588e+01,2.901570919559117101e+01,3.020023953617317147e+01,2.922915775078354272e+01,3.001299491434997435e+01,2.887358977233219548e+01,2.915514117700234920e+01,2.890621134870474407e+01,2.966064506090788200e+01,2.785207419827116837e+01,2.964704630661373130e+01,2.905737548680752980e+01,2.998385493271615587e+01,2.996570758253210442e+01,2.982930120360089177e+01,2.909873965864267120e+01,3.024950722720177509e+01,2.985509034621372848e+01,2.994619413681806464e+01,2.847369652989465294e+01,3.081464374137118511e+01,2.992014374391635556e+01
2.889132057466525794e+01,3.057082046348006088e+01,2.949038899968041960e+01,3.106325492943869904e+01,2.915982145130834624e+01,3.009107271560219488e+01,2.990390302976356907e+01,2.999240897783846549e+01,2.828162273735085819e+01,2.976747029884541007e+01,2.937374403305653914e+01,3.049882332299102927e+01,2.856669501671797207e+01,3.053145128256284124e+01,2.915925701810579085e+01,3.060367879342732067e+01,2.896098587614147846e+01,3.180297622051392636e+01,2.941290168849059228e+01,3.010037839880203592e+01,2.972789460727506139e+01,3.094225964601406531e+01,3.076263261310396047e+01,3.317206798350747476e+01
3.093144392839661805e+01,2.855378822364690450e+01,3.020867337819112208e+01,2.806609545673421735e+01,2.904050495713534019e+01,2.890185829437723442e+01,2.921633211189242729e+01,2.881603292555519147e+01,2.960856861885895341e+01,2.830479620384454620e+01,3.061799158952362632e+01,2.986477669993001882e+01,3.008890455082524795e+01,2.941211014100628063e+01,2.993002711584910003e+01,2.918719870149226381e+01,3.079906869640268496e+01,2.944500723280890497e+01,3.041508024711299640e+01,2.853033664903671252e+01,3.082164360535375636e+01,2.972406662367154695e+01,3.162102150444633253e+01,3.012791145609787691e+01
2.951894224363610419e+01,2.988806494602289376e+01,2.936448083494468619e+01,3.069418207546266331e+01,2.911870055447724326e+01,2.983513979792735427e+01,2.914827221979197702e+01,2.989932612424263425e+01,2.841974986245986656e+01,2.981239444120126336e+01,2.909146902306150650e+01,3.122214556524602358e+01,3.022817778123760490e+01,2.994132005502672200e+01,2.971448260650277007e+01,3.041638790907853718e+01,2.846205700166706265e+01,3.058076258332823727e+01,2.893636307006107700e+01,3.056108742039890558e+01,2.944032608214075708e+01,2.996729836786772694e+01,2.944160958955137630e+01,3.130069840214611077e+01
2.968579725721917839e+01,2.904398205384876519e+01,2.964843385557941247e+01,2.880025889739545164e+01,2.935905139741981884e+01,2.893341621182094059e+01,2.945585114542495830e+01,2.825707474389258778e+01,2.999934755390182772e+01,2.859344434379011091e+01,2.973086030937747637e+01,2.907389185076300464e+01,2.980757482185691742e+01,2.951228359952904157e+01,3.043008721353839974e+01,2.924880710883439860e+01,3.029503896297489973e+01,2.959213763118867746e+01,3.035635912150235072e+01,2.992482301644844256e+01,2.967769599765205157e+01,2.971816680302634950e+01,3.136676730495469201e+01,2.925404084395665905e+01
2.940183933619312029e+01,3.153986994152211309e+01,2.864421898817039391e+01,3.037190084562530501e+01,2.872325573253306175e+01,3.029491545200988867e+01,2.908389382833104264e+01,2.998535114214837449e+01,2.936250196241951471e+01,2.907014240440031472e+01,2.911760409988056608e+01,3.061083940143197424e+01,2.918036183609416412e+01,3.044518365598230503e+01,2.992946214246330783e+01,3.042432985849688976e+01,2.913690202361317461e+01,3.001005855209274387e+01,3.014364369099365604e+01,3.066494733591201793e+01,2.952084036483614682e+01,3.102050345591209179e+01,3.052204979082131331e+01,3.134854909863582861e+01
2.983035311473116735e+01,2.973020101295350059e+01,3.072070963065391425e+01,2.815504520942874933e+01,3.001704179811156337e+01,2.900610408631240489e+01,3.004003652845477745e+01,2.801811145119302182e+01,2.982055249561210530e+01,2.920764206454725809e+01,3.072021667415162938e+01,2.846068920962648008e+01,3.069298965330295914e+01,2.950547992244366924e+01,3.079291155448424888e+01,2.903860823533130997e+01,2.971353541339647109e+01,2.943995904267109154e+01,3.140022673429660927e+01,2.892786760005247970e+01,3.132508085869642400e+01,2.959134898645601197e+01,3.031615754932113305e+01,2.890878550101206201e+01
2.801662399846424023e+01,3.080962436711456576e+01,2.884808323875284941e+01,2.996894644937356134e+01,2.887586783802305490e+01,3.014794094992896589e+01,2.926747212875955029e+01,2.883303240525447109e+01,2.863166642108359383e+01,2.878806488137558972e+01,2.861028245539915815e+01,3.074553714028365903e+01,3.065983487235166649e+01,2.993743296200347004e+01,2.807841460075371742e+01,2.982505804031853813e+01,2.875343517732665077e+01,3.049416607625886400e+01,2.913009087589119872e+01,3.030327334388738336e+01,3.065810660644802965e+01,3.039101554322581933e+01,2.990108913647833333e+01,2.994693849198529279e+01
3.073683417548329544e+01,2.968411330634734213e+01,3.014892518521020293e+01,2.964285435468900687e+01,3.086191516881473262e+01,2.819219179472952419e+01,2.951792092093376141e+01,2.846712887648652668e+01,2.939184709506173476e+01,2.870593899886279132e+01,3.027192538230758601e+01,2.878169334003138147e+01,3.080937788003649302e+01,2.848100293922033188e+01,3.069258766663949700e+01,2.952915785532371729e+01,3.142802424552576213e+01,2.966484927894828161e+01,3.006034177018580067e+01,2.949130980264698110e+01,3.061670900750459623e+01,2.952880158960221024e+01,3.037668436594441346e+01,2.794860804938628007e+01
2.917784734374720301e+01,3.020892371770213458e+01,2.886529231905382176e+01,2.949170507661023066e+01,2.907329994479550805e+01,3.019066275291964985e+01,2.908084547121438845e+01,3.034311099749777441e+01,2.920661906586383338e+01,3.004867810366221192e+01,2.828005977354843026e+01,3.026715166678843616e+01,2.896063878344750719e+01,3.116272277168457094e+01,2.898604073638949785e+01,3.106108321936551420e+01,3.002150162014117996e+01,3.145449925709721128e+01,2.978151069010635865e+01,3.026737940400079196e+01,2.890506936999230447e+01,3.065158324871322293e+01,2.971649377445123719e+01,3.059813532733636521e+01
