2.394891805158715670e+01,2.554388224913458316e+01,2.408839740961462894e+01,2.425065599005006334e+01,2.294684564871334942e+01,2.459856329598801494e+01,2.363529540629446046e+01,2.441162618830162501e+01,2.326053349248178392e+01,2.403027799521777297e+01,2.541474457952199373e+01,2.410956810045240672e+01,2.545209138914549385e+01,2.350495477701713298e+01,2.393005983411603665e+01,2.394275015571332688e+01,2.377960176503518142e+01,2.475938585352554355e+01,2.398247031867231271e+01,2.607276136947399436e+01,2.440910791489596932e+01,2.588779751946515262e+01,2.533107453265483855e+01,2.614182559284654417e+01
2.460169067598639003e+01,2.441422601527131064e+01,2.416010823787917161e+01,2.442489091597519746e+01,2.523457585480821308e+01,2.301585711829068259e+01,2.397929845671899329e+01,2.351242384629233584e+01,2.435336072454668965e+01,2.298942675626716436e+01,2.333872264355721882e+01,2.400940254272580887e+01,2.421337618739170239e+01,2.345113767362153112e+01,2.344554974463102326e+01,2.408117240665558256e+01,2.441221579956777532e+01,2.456948860092859377e+01,2.434997257541226645e+01,2.494797866622542415e+01,2.470570255185384667e+01,2.468223908494246643e+01,2.442296022097593777e+01,2.593758843168166095e+01
2.510819644470831236e+01,2.518107011587767374e+01,2.425842341863352658e+01,2.409207114698136820e+01,2.453662445958423177e+01,2.461544573174643347e+01,2.287577408122268707e+01,2.499344916305960851e+01,2.420448175230546894e+01,2.469506161057933014e+01,2.447528746224190854e+01,2.367147267843455438e+01,2.266404815502966130e+01,2.395625878694642097e+01,2.358548242119201177e+01,2.297404234697006586e+01,2.312228647336519316e+01,2.375696577385622277e+01,2.437152284870632002e+01,2.389811623195794255e+01,2.492405384967514692e+01,2.468531226079562657e+01,2.409870941926527621e+01,2.628797788434172844e+01
2.543067704734352219e+01,2.500677512432952199e+01,2.561719716097985611e+01,2.545036535887652462e+01,2.476503749365468821e+01,2.455898847385594763e+01,2.574144347051509385e+01,2.491294256972776111e+01,2.537978452738462920e+01,2.434222616538431794e+01,2.495341502505198150e+01,2.429372356332021354e+01,2.409911399590799874e+01,2.429305488546378911e+01,2.253442045862038867e+01,2.455936540642767341e+01,2.372631724925321350e+01,2.496197293870454814e+01,2.436007751173150382e+01,2.496933808215351291e+01,2.457057300211556594e+01,2.407802853769879903e+01,2.374101556325513229e+01,2.471095420986478075e+01
2.426792449232840454e+01,2.513876433162653257e+01,2.458661909184462502e+01,2.452262713942383243e+01,2.512491512004334027e+01,2.439479686131159042e+01,2.561036658212850625e+01,2.490258518215659933e+01,2.441080433197384991e+01,2.412680537323080898e+01,2.442074461176696332e+01,2.508204868376009244e+01,2.472285114538959760e+01,2.423159379605885988e+01,2.307528590375272870e+01,2.336783628755392783e+01,2.408108189074232541e+01,2.414047331181865275e+01,2.432025968918850367e+01,2.374420635768814236e+01,2.424999936425825808e+01,2.428389849582964644e+01,2.351493011919330911e+01,2.469881476472363602e+01
2.597447029235519267e+01,2.410762824274894456e+01,2.527196548703210510e+01,2.614506134740742027e+01,2.527302601999701892e+01,2.606065977497803487e+01,2.479973271809825519e+01,2.544400888005202432e+01,2.586870270231423774e+01,2.508130968746149847e+01,2.460345350952457011e+01,2.473159876818965586e+01,2.496522712941055033e+01,2.437073620603661084e+01,2.460878976316757871e+01,2.491425696907498377e+01,2.414485189785830244e+01,2.428366213957411901e+01,2.359604017738496395e+01,2.394721060428020110e+01,2.403719445056037785e+01,2.450758685259586400e+01,2.409997629381643947e+01,2.454309414958112256e+01
2.526347546680233336e+01,2.466152770011029816e+01,2.441206256136138109e+01,2.682947201716825703e+01,2.538933217132438358e+01,2.567010908306644978e+01,2.496267711930255473e+01,2.621179973924358819e+01,2.537469030841396034e+01,2.616353221179258526e+01,2.514832838297070339e+01,2.479826535573693036e+01,2.555099381480954435e+01,2.522563466966562373e+01,2.599643504768044977e+01,2.561832263890215700e+01,2.474108370952097857e+01,2.512023221170443321e+01,2.561938863788742538e+01,2.482245654383262945e+01,2.527093689706606483e+01,2.568202236518101245e+01,2.590543216244577707e+01,2.452855958152224503e+01
2.606208683622105582e+01,2.457351651126833758e+01,2.590487457058861764e+01,2.466956061275260481e+01,2.667881245329846251e+01,2.577400800624474186e+01,2.650479496413589686e+01,2.612943425869701741e+01,2.557544456810154543e+01,2.611501328560967750e+01,2.538555399404600621e+01,2.551299560651187903e+01,2.590110246502229074e+01,2.622780273137328777e+01,2.594120985478815555e+01,2.553445701857441463e+01,2.516128220314885766e+01,2.509153031119876687e+01,2.523136114718425915e+01,2.573496914194981855e+01,2.563629020692673066e+01,2.694876046537387992e+01,2.650782911307084078e+01,2.592798537210978793e+01
2.423459047320613990e+01,2.397202113364306797e+01,2.495240387952003402e+01,2.650982594761052269e+01,2.547273762355689541e+01,2.668988136134987599e+01,2.546231720045807378e+01,2.591559608479451526e+01,2.548015825227190589e+01,2.538013269608325118e+01,2.441912020941686023e+01,2.537615219785368481e+01,2.574967377031020987e+01,2.683529141421735176e+01,2.461831915582865804e+01,2.590523850420476037e+01,2.535675370611807011e+01,2.523361722563896592e+01,2.562792652923326386e+01,2.639820792303328290e+01,2.615081360023583557e+01,2.583028133439552221e+01,2.504519397663847258e+01,2.532747395666683587e+01
2.528646603022446016e+01,2.490953776325716262e+01,2.629218682636320636e+01,2.591597630918022332e+01,2.573716671715760640e+01,2.588064087254224432e+01,2.557790081263686943e+01,2.625545531930259813e+01,2.621683794538648726e+01,2.583827765430788759e+01,2.595585507332413044e+01,2.535651062412432566e+01,2.458901464086005717e+01,2.537283528102540231e+01,2.558550463099760464e+01,2.570994569360692594e+01,2.538080547253628083e+01,2.551103266493072397e+01,2.577101924390990462e+01,2.515531033807951644e+01,2.505517010308750514e+01,2.550301130242189629e+01,2.665930511114288493e+01,2.564825176674003160e+01
2.529703765568120843e+01,2.496621361539064310e+01,2.524389107797037468e+01,2.652028279056423798e+01,2.611897449979437624e+01,2.613352806591598210e+01,2.543196398973083205e+01,2.569074844447510486e+01,2.563479016204337313e+01,2.567748642855394792e+01,2.610336553612461330e+01,2.629209762060378353e+01,2.632162681847387375e+01,2.565155295053023110e+01,2.619836794278086245e+01,2.536492035259681188e+01,2.575393309190241098e+01,2.539570272676581908e+01,2.624695169557384133e+01,2.536473639300083960e+01,2.711964045534847401e+01,2.549679474032251392e+01,2.621472278816116841e+01,2.457272347333650941e+01
2.509466161445976695e+01,2.575872861094512700e+01,2.424725464117767615e+01,2.512991569780888312e+01,2.575158545620990935e+01,2.648948003112161587e+01,2.559274161234435496e+01,2.647316261460332498e+01,2.544693863365381503e+01,2.630487843892854016e+01,2.609583497867748747e+01,2.556562430378522777e+01,2.533673967682614148e+01,2.665967699610871477e+01,2.513592273917402053e+01,2.576460929626233565e+01,2.632929310335271111e+01,2.590588775017693024e+01,2.686629718612994111e+01,2.716598634906193865e+01,2.561628132136723934e+01,2.663716030756177133e+01,2.529861054210527982e+01,2.514408522909701560e+01
2.386158874694422138e+01,2.499684717382524468e+01,2.478684290777516708e+01,2.489882908592613830e+01,2.466030386570986366e+01,2.517013017458202739e+01,2.604667989945681938e+01,2.512114591995606361e+01,2.543901945844805823e+01,2.534860033094588516e+01,2.533386027166966414e+01,2.541575389315141820e+01,2.459395496086926869e+01,2.595643178714902888e+01,2.552773669867497119e+01,2.541477058511543419e+01,2.563176731299228095e+01,2.483947192409505078e+01,2.532237225313014051e+01,2.572298474436882998e+01,2.601224039573952496e+01,2.532504753223508942e+01,2.624640253099653364e+01,2.508256064513324191e+01
2.393873599186258616e+01,2.474843404574443184e+01,2.466694115099988949e+01,2.518830271540991816e+01,2.470254566781915173e+01,2.590759281207419917e+01,2.506044251095408981e+01,2.541246391025271123e+01,2.565933078954844859e+01,2.526896520005919911e+01,2.497275532851728030e+01,2.475345020199154078e+01,2.538551676432365412e+01,2.584453329501860708e+01,2.513923133088297845e+01,2.561128509797578090e+01,2.557378060558465904e+01,2.480016877640792927e+01,2.470465781475371614e+01,2.615159374830915340e+01,2.496969778288610087e+01,2.557812377735228893e+01,2.531757954598560900e+01,2.452942692069115083e+01
2.494810606779873297e+01,2.444063234757572900e+01,2.494582117125651166e+01,2.428166809486782540e+01,2.565165752076529770e+01,2.553010456262512662e+01,2.684955645339061903e+01,2.534699439184055336e+01,2.531418738652848788e+01,2.486297430362839123e+01,2.561938201211546584e+01,2.529318631658281902e+01,2.612158731971874204e+01,2.531057206751808053e+01,2.513672711170448792e+01,2.530880504873039172e+01,2.690008979610729511e+01,2.542451658340013410e+01,2.579612649574056604e+01,2.562209449667341232e+01,2.654763084302953757e+01,2.603564089322725295e+01,2.546311811049275775e+01,2.516169264077541357e+01
2.469820849753301673e+01,2.610113314268744489e+01,2.495278960156787207e+01,2.531111659303400074e+01,2.564170853812203177e+01,2.613851833282637926e+01,2.601370011790805847e+01,2.497432799530980674e+01,2.483130663940391969e+01,2.580635872661298436e+01,2.576799926792591577e+01,2.541715134405103527e+01,2.568985324589459651e+01,2.561192655879233371e+01,2.588373274676297342e+01,2.585073908072445192e+01,2.523629838641500100e+01,2.504383501089290576e+01,2.587163000428472515e+01,2.680062700521716579e+01,2.620849679767093221e+01,2.635007620390541661e+01,2.521747623175764375e+01,2.560532437980685927e+01
2.415316073071790015e+01,2.333691025098409000e+01,2.445724713606477962e+01,2.363390540480884283e+01,2.475438196723240480e+01,2.533316680251374464e+01,2.476185123741214511e+01,2.566199931657655497e+01,2.538270797192609507e+01,2.545860297116792026e+01,2.543081334025100659e+01,2.500949038851803152e+01,2.473354691565720032e+01,2.401614027176213995e+01,2.493533615260440683e+01,2.498865208927179538e+01,2.455783279707759448e+01,2.580133854933359316e+01,2.556399178435850672e+01,2.578923149046335084e+01,2.526446670120503768e+01,2.510375785822805028e+01,2.506863340374343352e+01,2.409854698244356541e+01
2.473189581042868213e+01,2.493586830224774076e+01,2.493173304375346788e+01,2.544350319794250481e+01,2.552210213266090477e+01,2.510644678992952095e+01,2.545573059839801999e+01,2.444567736711115913e+01,2.562059190062871039e+01,2.490352535979076265e+01,2.529301727807688849e+01,2.456844971905570674e+01,2.540252303200361439e+01,2.502480626930787366e+01,2.493016256564288824e+01,2.450881709427005717e+01,2.497566312509627551e+01,2.536692618679552425e+01,2.536194269728741801e+01,2.598253237819528749e+01,2.503833118320926587e+01,2.545064966229654146e+01,2.570032515081231850e+01,2.459296398826944596e+01
2.516895655085318140e+01,2.465577444572181776e+01,2.491339252345090927e+01,2.439811766703013518e+01,2.491223519095734673e+01,2.641979140358677114e+01,2.549702845801988360e+01,2.502629754422110864e+01,2.560250251154735679e+01,2.530200475571126617e+01,2.562834383832927188e+01,2.499081796644088627e+01,2.485630020396905593e+01,2.470044901057019615e+01,2.448093389067997805e+01,2.568597518612540398e+01,2.550806985898242374e+01,2.497980804501065677e+01,2.431687569180479613e+01,2.462417416473124376e+01,2.564121845952678314e+01,2.531870438847153082e+01,2.621777669595667248e+01,2.591945709985583335e+01
2.544332829124846285e+01,2.530581041520468943e+01,2.420619386910004778e+01,2.515210710003225358e+01,2.458429415249872818e+01,2.532725034639872774e+01,2.529674669297617129e+01,2.459039063363366040e+01,2.512606618679257053e+01,2.404023869891398135e+01,2.517085710298067625e+01,2.549151211279269091e+01,2.449660916985283166e+01,2.510658068610450755e+01,2.493471937243589309e+01,2.573402519375031261e+01,2.496655556126944475e+01,2.594235479435923253e+01,2.452199713167556183e+01,2.656608356991074515e+01,2.513529941557749225e+01,2.596813704135593071e+01,2.514694394804376998e+01,2.609868655196260079e+01
2.434073465853094831e+01,2.389732507300163888e+01,2.367379936151445463e+01,2.472446991253434589e+01,2.488718413763234594e+01,2.444235911214343560e+01,2.433511929429494103e+01,2.476864371721336511e+01,2.515756368617979888e+01,2.439437326357028724e+01,2.517622042934499405e+01,2.506234875659032468e+01,2.528741980294029190e+01,2.452099033068429890e+01,2.446178702480415268e+01,2.518446415973988906e+01,2.435008744415659976e+01,2.527661256431281345e+01,2.587486965393526361e+01,2.541460661573233892e+01,2.546633735887257899e+01,2.621630120353597704e+01,2.563276158509341940e+01,2.642111915630692920e+01
2.363626816639560957e+01,2.367469648070562016e+01,2.320507269076148305e+01,2.379286698056381510e+01,2.448942235167601211e+01,2.337981739421138627e+01,2.422271971733135842e+01,2.451792053496023982e+01,2.500877918896873098e+01,2.423268182912647717e+01,2.396256991104053213e+01,2.443863172146177476e+01,2.515676014539110383e+01,2.491598895016227289e+01,2.451799842256775719e+01,2.544961221312183852e+01,2.421523701646589188e+01,2.447100939979873147e+01,2.490230795065832581e+01,2.531770614051242774e+01,2.527213180622641175e+01,2.624637751203141534e+01,2.718872842164233816e+01,2.791727559399566871e+01
2.462689073530560790e+01,2.396733480247382886e+01,2.488971287803832411e+01,2.439137539624755391e+01,2.390626147817891933e+01,2.452549376894836541e+01,2.518820248992119559e+01,2.467642548991454987e+01,2.444861259929837161e+01,2.483685228252278421e+01,2.510723484031865382e+01,2.461202384732689552e+01,2.505429452603453910e+01,2.473134440539064371e+01,2.434726572661224964e+01,2.510015698014666441e+01,2.456539868514039426e+01,2.531891856690270970e+01,2.537201620470023045e+01,2.576345864317806900e+01,2.744836134421672114e+01,2.695660359756703883e+01,2.806602251681175630e+01,2.796572672425082828e+01
2.445529608639469643e+01,2.473982168020688732e+01,2.475032508908623186e+01,2.479821070978061925e+01,2.451814570636537383e+01,2.434485737355299761e+01,2.443421874882642442e+01,2.457968548248516072e+01,2.489092468582077800e+01,2.447970259691481942e+01,2.473861937320759807e+01,2.574726979168298158e+01,2.502042535477801266e+01,2.522312573815236192e+01,2.554391153515240376e+01,2.513255495702168218e+01,2.451015071325946337e+01,2.585870696119911827e+01,2.660466890088713399e+01,2.514740173093508702e+01,2.664997370151411360e+01,2.842343423368379263e+01,2.798501556630128562e+01,2.873268298379718999e+01
2.429427186901625646e+01,2.317646377868481977e+01,2.433140847374994564e+01,2.462859502006898538e+01,2.424710766023616770e+01,2.508866433118561190e+01,2.586760518408556209e+01,2.460297180568881004e+01,2.418227953767598137e+01,2.458079298380602040e+01,2.483503205079773579e+01,2.323941237367125723e+01,2.497865472796564745e+01,2.433468801195817832e+01,2.427818430900975955e+01,2.395452741069760805e+01,2.427684785230798070e+01,2.541451965791628709e+01,2.642891048067826887e+01,2.660530337725248273e+01,2.833473491785792930e+01,2.729056400537280069e+01,2.750755495630193082e+01,2.719232707343849142e+01
2.470770499556675759e+01,2.452888740502817200e+01,2.460378290414996627e+01,2.462508228700630752e+01,2.407530046316747985e+01,2.466004064015612585e+01,2.457883387083660409e+01,2.412305947606802192e+01,2.441574363857330354e+01,2.512736147706419843e+01,2.481830567753496553e+01,2.491097204542802501e+01,2.402010467109209912e+01,2.504676383758823022e+01,2.471018730406530040e+01,2.407023513999803299e+01,2.451934641992465913e+01,2.531411745703934457e+01,2.670914558549884532e+01,2.714919673348214246e+01,2.750444754484840360e+01,2.720389353982403691e+01,2.769721094042330378e+01,2.768529466127802152e+01
2.532305213880368910e+01,2.428671283697417493e+01,2.512812392870978329e+01,2.519486869320149935e+01,2.470849224353452200e+01,2.576589208737220815e+01,2.474226863941902366e+01,2.440046197308140563e+01,2.564412502315605025e+01,2.508568057887850955e+01,2.491940054582869379e+01,2.529361748756520001e+01,2.479519413846901443e+01,2.423276339853680383e+01,2.594823985925734178e+01,2.650567633341682949e+01,2.734080430744484147e+01,2.822941290441929141e+01,2.773408702361308542e+01,2.737816394263830944e+01,2.846467803324770784e+01,2.825072240401630097e+01,2.834599158781060169e+01,2.826429046535736234e+01
2.525390891305607965e+01,2.605299445946531023e+01,2.537897114195749282e+01,2.455346444409366313e+01,2.562538005673047792e+01,2.502172339256242140e+01,2.447422497154349230e+01,2.563528581800113670e+01,2.546869685570248976e+01,2.522111994405810265e+01,2.442128943087357129e+01,2.519585359933375912e+01,2.447241162161566308e+01,2.502322148680036662e+01,2.673108144970734656e+01,2.631386052038089929e+01,2.745098054212991201e+01,2.833093874586495531e+01,2.747431950206163265e+01,2.877600921141402068e+01,2.814419738038355945e+01,2.868738260457939759e+01,2.711946487092444613e+01,2.796174449606439794e+01
2.414874692930834499e+01,2.334821952298591441e+01,2.452790548612250632e+01,2.508800822725237367e+01,2.461790760674722378e+01,2.428334152236720911e+01,2.479202410884391838e+01,2.444927790660517530e+01,2.490120594863708448e+01,2.611801982363795105e+01,2.542181207923624697e+01,2.605940471484137788e+01,2.724253168370751155e+01,2.836852395698173268e+01,2.823345617685316711e+01,2.825895770880538294e+01,2.817210774749838720e+01,2.835782533634858282e+01,3.017873664149482238e+01,2.842910840039343157e+01,2.811740755563704397e+01,2.708172009660705726e+01,2.665055808145478977e+01,2.566863968909535743e+01
2.434455325910607826e+01,2.340510266552502117e+01,2.387743556314092075e+01,2.531150870813462461e+01,2.515316452277136250e+01,2.453621433275782238e+01,2.516656807424010367e+01,2.517334994367706713e+01,2.542538685369873974e+01,2.521743445739178924e+01,2.650786322839428522e+01,2.543366191146492383e+01,2.772966331914801685e+01,2.895787665746843231e+01,2.750352433045759426e+01,2.854268155565847565e+01,2.745631136127695981e+01,2.675862663219328397e+01,2.755166737800891497e+01,2.783501865148497245e+01,2.739723399478822330e+01,2.537368246212759004e+01,2.677432179268299706e+01,2.517974992652199262e+01
2.573688821123823800e+01,2.447739129995596841e+01,2.399784965480063192e+01,2.432706534961022271e+01,2.540482050487207744e+01,2.458857299824688880e+01,2.485816561032777372e+01,2.472369319154944378e+01,2.572807424646549634e+01,2.618402322452459430e+01,2.529059374440868169e+01,2.656091060685133698e+01,2.682324616423352381e+01,2.642032663589372987e+01,2.737075205580271131e+01,2.672393186196308079e+01,2.646631649264588759e+01,2.497908260138501646e+01,2.682499745478480691e+01,2.592992384409342321e+01,2.594930304639143515e+01,2.633285692665964461e+01,2.608387279985259966e+01,2.633915601986183219e+01
2.479813532053623248e+01,2.566740741960381911e+01,2.536136069149000605e+01,2.572974983128693793e+01,2.462067979773104298e+01,2.512525014879429364e+01,2.475240506999750778e+01,2.520790050378928981e+01,2.523635304437948434e+01,2.610473605439511857e+01,2.662518456964210145e+01,2.634097330616413046e+01,2.779648970324075208e+01,2.775366143472854219e+01,2.687452342935824845e+01,2.707044867175437730e+01,2.728425813035380543e+01,2.684530238642827271e+01,2.648566001801265202e+01,2.749797733829876734e+01,2.623376029531135600e+01,2.596561698824984887e+01,2.671187948879992291e+01,2.813595250448582874e+01
