2.878740890163021504e+01,2.924031505722967950e+01,2.878065249620175337e+01,2.869689616347261563e+01,2.768729069281363309e+01,2.975114890393973610e+01,2.902956843090868233e+01,2.912286392823784809e+01,2.912586073190692559e+01,2.815046101861423722e+01,2.916344396017603913e+01,2.861555944173500166e+01,2.938458057482273489e+01,2.930695518432349900e+01,2.987434035216574557e+01,3.039481013833119505e+01,2.828680545148284864e+01,2.885743586487791390e+01,2.964282442768649162e+01,2.953265334874953396e+01,3.001539179110460509e+01,2.926247089929802314e+01,2.975336019010262589e+01,3.018765808097100489e+01
2.969687866399425502e+01,2.973715200744572940e+01,2.786155785931839546e+01,2.985375278295828139e+01,2.942909987889112244e+01,2.922332133013799194e+01,2.953884633173908014e+01,2.913145289115340120e+01,2.893446285857646672e+01,3.028845673052182974e+01,2.880991775702921132e+01,2.930348690096116115e+01,2.786264395817363493e+01,2.827698591507464698e+01,2.844417796291168088e+01,2.913349279920407753e+01,2.988395859317864733e+01,2.972064156883868691e+01,2.967024015095773848e+01,2.842710313787927134e+01,2.915034030871373716e+01,3.015856244507483552e+01,2.930398229526150544e+01,2.806654493047932419e+01
2.899071878303038829e+01,2.982759063438015801e+01,2.936171213447067885e+01,2.804554013357937947e+01,2.883529242128628312e+01,2.871025066214906474e+01,2.810369391078074841e+01,2.908456242323029528e+01,3.005561038787794814e+01,2.954042228325249653e+01,2.893054839294114799e+01,2.960873232398421351e+01,2.855989248377619560e+01,2.884289749050685714e+01,2.859407648449189310e+01,2.965997688272869937e+01,2.830845902583018869e+01,2.817955269092840354e+01,2.809630197641467930e+01,2.899259384828070552e+01,2.988573788351675375e+01,2.893925502401140193e+01,2.981843967026884457e+01,2.934525242528104627e+01
2.884118624991310753e+01,3.010505538868613939e+01,2.946515793822038631e+01,2.999578702679849584e+01,2.867111349820606847e+01,2.829064721984656217e+01,2.879240207717566591e+01,3.012315158029605300e+01,2.910575987194101799e+01,2.857931933229292554e+01,2.899764216401831618e+01,2.903667431826426082e+01,2.924759179873700532e+01,2.910989531213482451e+01,2.882748836764915268e+01,2.984865938513962647e+01,2.861463533573322593e+01,2.929930420129204549e+01,3.016665917696712995e+01,3.046251404057460377e+01,2.867736815712953558e+01,2.982071975724926460e+01,2.877164198988668886e+01,2.937214590997643882e+01
2.828060919722014432e+01,2.821667653321020452e+01,2.914583879786147236e+01,2.780027800680613836e+01,2.862585182224324853e+01,2.935544651458928911e+01,2.846427047193344606e+01,2.931980751122699758e+01,2.852669567965000397e+01,2.882754232152399254e+01,2.834844275407152736e+01,2.920673341728058858e+01,2.932936271093348068e+01,2.870573885718397378e+01,2.915674396122392409e+01,2.820124389282568700e+01,2.913216357522088629e+01,2.980855245214183924e+01,2.833427995481741846e+01,2.940728111365660880e+01,2.902575201390374104e+01,2.975061263362937325e+01,2.893734241190355760e+01,2.913683119682997358e+01
2.837764951590526152e+01,2.842430961130992273e+01,2.900205071434777437e+01,2.904541233161285163e+01,2.915080033454222530e+01,2.878432343774369429e+01,2.880009117427613319e+01,2.907526419175150068e+01,2.928337663447615569e+01,2.953086418295902149e+01,2.864399188542705588e+01,2.939157074665081382e+01,2.954492951797629985e+01,2.779224964974486056e+01,2.866569031560942449e+01,2.924352445769966380e+01,2.900779902393179555e+01,2.852225855819739309e+01,2.877925103912849636e+01,2.848019122817549942e+01,2.892973309213726907e+01,2.992152966856224339e+01,2.875221079152714765e+01,2.826955563240005631e+01
2.972884263113576253e+01,2.828447264584968934e+01,2.880905621772365066e+01,2.910459641498061956e+01,2.952386836250570923e+01,2.843334362078667255e+01,2.869356415136417127e+01,2.824768348365188331e+01,2.879871028571966463e+01,2.832601183732191430e+01,2.885652742242393742e+01,2.856249757806278922e+01,2.904958486077822499e+01,2.805929097836269648e+01,2.891113022005606581e+01,2.860976071574259549e+01,2.903782114954816507e+01,2.874336545358403328e+01,2.865843219706033551e+01,2.907731288670714775e+01,2.934640364746769592e+01,2.983498685368880388e+01,2.863801539505823257e+01,2.919896462917023428e+01
2.939024849079925161e+01,2.860261811067584858e+01,2.968360472628086200e+01,2.831344001787090292e+01,2.765225578768519199e+01,2.893592200184622243e+01,2.911473250280249658e+01,3.028155199636222505e+01,2.828921757902355694e+01,2.907679720470861184e+01,2.838836682613919038e+01,2.789826307431667374e+01,2.889111456681126811e+01,2.877760158355658859e+01,2.892674474531548867e+01,2.897386981990240429e+01,2.873493379234957956e+01,2.894935027448610754e+01,2.977373719948695907e+01,2.912234891691070970e+01,2.900079156103151945e+01,2.964792495568224240e+01,2.946570616461980308e+01,2.960117245699120758e+01
2.964553593965393929e+01,2.875063973204282775e+01,2.938454185961370513e+01,2.763880646833672472e+01,2.838216728858509441e+01,2.885815138259289370e+01,2.882751204370987352e+01,2.875148982053013924e+01,2.890956342826058290e+01,2.900785613827292764e+01,2.829635163977820866e+01,2.856544357330795947e+01,2.919101592188201266e+01,2.928174464838241420e+01,2.882685455178329903e+01,2.925945602041718985e+01,2.833198828504220046e+01,2.910883864224570061e+01,2.899256554464722058e+01,2.789332090603511460e+01,2.748224882129352409e+01,2.831348849556263758e+01,2.858547166816236995e+01,2.760797610861203566e+01
2.826131220601109817e+01,2.993685146054400548e+01,2.863198354410820912e+01,2.851599352992531067e+01,2.846618097760040200e+01,2.777861901626528152e+01,2.891367125326775067e+01,2.789868792182556945e+01,2.860645708023218958e+01,2.918345232592230332e+01,2.865163459728796624e+01,2.867399832144269567e+01,2.923076492599858511e+01,2.859363845005418625e+01,2.905481204263406880e+01,2.944313788198587645e+01,2.820768992723969859e+01,2.894102067762742081e+01,2.884502567307799836e+01,2.973576503001419269e+01,2.878123174835224063e+01,2.934201649442854887e+01,2.904475522156076295e+01,2.892428507950722860e+01
2.748692472294345635e+01,2.819218552006634582e+01,2.978828316781851981e+01,2.951293171460685016e+01,2.879062429078584273e+01,2.955084385328996177e+01,2.809270583101186958e+01,2.836471340305837430e+01,2.827776011732350980e+01,2.835831202558773612e+01,2.885700867293996907e+01,2.857695298020621522e+01,2.954144450458539950e+01,2.909942614248706150e+01,2.824129793380552655e+01,2.879776941947545765e+01,2.869648756046422022e+01,2.857610845756073559e+01,2.851710660891200178e+01,2.908418257951814212e+01,2.876795900486649771e+01,2.865695808153810731e+01,2.923303302225446032e+01,2.864313708693464378e+01
2.955361082901401915e+01,2.843956992458771538e+01,2.867807281358255977e+01,2.879797185540070359e+01,2.864838213281137769e+01,2.907813419867153470e+01,2.926216971243019316e+01,2.914829536475906480e+01,2.831471352089999982e+01,2.855433792410343585e+01,2.837822908974010261e+01,2.910910085216204379e+01,2.908118103049872616e+01,2.898479600971103309e+01,2.876061870530310216e+01,2.912802101262860788e+01,2.909446093586279858e+01,2.879535245826417622e+01,2.902982805842202652e+01,2.943773384914811686e+01,2.851447134131308303e+01,2.945027487939887578e+01,2.999200439753650471e+01,2.958998259177860746e+01
2.903717526993017373e+01,2.858975386677525421e+01,2.877319261250204363e+01,2.905673888980192032e+01,2.885847515296967458e+01,2.829309030527298319e+01,2.982290498873823026e+01,2.809960979576248974e+01,2.886180122558107541e+01,2.879031763952173151e+01,2.839160981274415008e+01,2.865285928821157313e+01,2.851640947952370198e+01,2.968768457658103443e+01,2.945582208268746172e+01,2.905906036336233456e+01,2.879971838900729608e+01,2.920151351026493103e+01,2.973222390338469268e+01,2.966583495028214656e+01,2.900666764234432549e+01,2.961697170140286062e+01,2.913585623549874981e+01,2.981741621416324506e+01
2.828581415639951047e+01,2.965629019894998919e+01,2.831297807121501364e+01,2.834382870844547142e+01,2.857811886707241911e+01,2.963675319783664008e+01,2.813143477356976518e+01,2.820345462873308406e+01,2.924405531912481138e+01,2.845193902639817907e+01,2.858189844445240624e+01,2.895933190391355083e+01,2.852756847065370494e+01,2.890477665629350668e+01,2.945931707114164055e+01,2.887836613985717804e+01,2.897043351998644312e+01,2.915604818693452671e+01,2.913303879240635297e+01,2.900052117695395282e+01,2.922525413427075591e+01,2.976106819534783199e+01,3.038948894265541867e+01,2.870814098837695383e+01
2.957295746666000014e+01,2.963849713665524632e+01,2.929185608444561240e+01,2.865766267862215955e+01,2.838185865371212913e+01,2.914747851126310252e+01,2.946171376269501252e+01,2.920771892995742292e+01,2.886985619023590743e+01,2.862157109217667994e+01,2.926350140354333007e+01,2.833657634604236364e+01,2.845093720751827959e+01,2.850865582505997509e+01,2.878916708129276003e+01,2.916184154374479931e+01,2.891845327007433752e+01,2.917280297190916372e+01,2.871704358556468151e+01,2.977438257505502861e+01,2.936723211416216373e+01,2.910027456397239121e+01,2.964795432310842216e+01,2.960692873985709639e+01
2.922958240398145335e+01,2.851273241462678243e+01,2.826854511089726429e+01,2.903265937406814601e+01,2.893583745505804927e+01,2.897066744790640769e+01,2.901317182145737661e+01,2.891165452475831898e+01,2.959401344716172844e+01,2.945854224706147306e+01,2.879364473054698692e+01,2.918027484579982911e+01,2.852659416409784399e+01,2.839191987716850463e+01,2.934085660322057265e+01,2.940456503191546744e+01,2.878745517545087296e+01,2.950521359877222949e+01,2.912351724351793791e+01,2.980835924017890193e+01,2.939412466670790991e+01,3.014552046869266633e+01,3.071475759824079432e+01,3.066311349725816626e+01
2.850938666146527112e+01,2.955523489231853773e+01,2.916285746032286852e+01,2.854130325952405656e+01,2.794285878736866380e+01,2.902748616117690972e+01,2.836680720013771406e+01,2.809637696730521839e+01,2.841240742729604563e+01,2.882879280864335669e+01,2.908353411048568660e+01,2.949235978970051519e+01,2.833965814294754182e+01,2.955129558459583450e+01,2.931372066777282726e+01,2.876079189270160441e+01,2.942638729830844113e+01,2.919217804808243955e+01,2.876275076212078829e+01,2.902388776851461216e+01,2.923791284027640813e+01,2.947765606167388341e+01,2.898600050156966290e+01,2.965487299889565520e+01
2.968762194624019912e+01,2.767305748578957036e+01,2.863145365462258951e+01,2.973564747122861718e+01,2.827518031368617812e+01,2.932554534301704052e+01,2.856192710689606429e+01,2.864572513719775770e+01,2.898587765475622291e+01,2.917578952296344141e+01,2.913365645171001006e+01,2.933615930455761145e+01,2.853680399284826308e+01,2.985139740410096465e+01,2.856347099976858317e+01,2.874260186331036948e+01,2.884112466598168112e+01,2.966279038812149338e+01,2.861749991776304114e+01,2.916460510409814333e+01,2.908363354851070426e+01,2.893397283967988187e+01,2.863973264327870538e+01,2.855677875024139212e+01
2.881244392735072779e+01,2.774783392047078223e+01,2.801044436871603693e+01,2.881137099695939696e+01,2.888722604141975125e+01,2.862911733102743028e+01,2.813591528678836085e+01,2.803853549790034094e+01,2.852560841563393979e+01,2.875554697720872355e+01,2.903694244883411102e+01,2.843901313830053823e+01,2.929208089837197804e+01,2.805081168461498464e+01,2.847361597845150527e+01,2.917869606858590714e+01,2.972828420781343084e+01,2.927893092868686153e+01,2.893317546380450267e+01,2.878859295819415820e+01,2.968202432258544832e+01,2.857859672891981972e+01,2.843121357626313284e+01,2.978650722668572826e+01
2.843050980058603727e+01,3.024435108269392458e+01,2.866466176868237881e+01,2.942365654654940954e+01,2.888502758737081422e+01,2.912627045229794476e+01,2.934748478362354263e+01,2.873552168424737374e+01,2.892494555462491235e+01,2.895288426838959595e+01,2.902315101595780789e+01,2.958304912839616918e+01,2.992809380546515285e+01,2.847705891280168089e+01,2.832995574561215335e+01,2.936790987703614064e+01,2.943270883210846023e+01,2.949079833013502139e+01,2.857078608300923861e+01,2.897560742844603965e+01,2.990178946908963553e+01,2.912191387882415938e+01,2.839201763989910887e+01,3.012170938422042354e+01
2.843015382293441462e+01,2.836823583084526490e+01,2.788487118376883700e+01,2.853684815450401402e+01,2.888934224155241282e+01,2.933010437602609954e+01,2.877654413660633281e+01,2.869378655324663896e+01,2.872449318780309113e+01,2.799475309878812368e+01,2.857583016616672467e+01,2.930277432275255478e+01,2.910505573991264328e+01,2.887047034879077501e+01,2.895134605370856207e+01,2.870786557184658250e+01,2.942238698214617898e+01,2.935705498980007633e+01,2.875379208552914179e+01,2.917868629691969318e+01,2.987259927173317919e+01,2.858104566981728567e+01,2.858771929577073934e+01,2.905894807327507579e+01
2.806177815170860868e+01,2.849969727977742195e+01,2.882541910082773029e+01,2.867480909521225385e+01,2.839895986533281302e+01,2.862953421903353046e+01,2.903288816066861955e+01,2.871112541365749848e+01,2.939461707661411083e+01,2.806228600620926272e+01,3.056386614118343914e+01,3.076001283647400442e+01,2.960489401886599126e+01,2.896711609749064564e+01,2.896396833306437202e+01,2.881485980014093684e+01,2.996105735115412472e+01,2.949279758238543536e+01,2.942859059435352265e+01,2.860674879160728779e+01,2.921949840844501978e+01,2.941583272031300567e+01,3.036844381532046100e+01,2.923161913429362357e+01
2.888836904301592767e+01,2.862246184315660003e+01,2.847872466830108351e+01,2.820328886709609151e+01,2.881635624517315364e+01,2.887774345782327146e+01,2.940105360934029477e+01,2.875490957925455859e+01,2.788755669191147035e+01,2.829621243471075331e+01,3.250083557062038153e+01,3.286451483402066742e+01,3.216606113209024898e+01,3.024296193001623578e+01,2.936151760998916416e+01,2.894648025072729070e+01,2.966692407750230132e+01,2.855929622720890393e+01,2.808632075263813022e+01,2.974386247137709915e+01,2.963240612249194328e+01,2.921124091798549216e+01,2.886508395929337212e+01,2.918989691422751775e+01
2.850955727900679904e+01,2.857830298036282102e+01,2.829093511589627497e+01,2.894648959923966913e+01,2.843565593252736790e+01,2.923280403201528088e+01,2.856874254378158184e+01,2.912770396865784051e+01,2.884688524211890126e+01,2.921227896712389338e+01,3.321446385726915196e+01,3.418731330312823502e+01,3.223104369296902405e+01,3.293260259122780553e+01,2.940301931019121184e+01,2.976362239625831307e+01,2.901614710653825568e+01,3.023965833331379827e+01,2.847878523072751022e+01,2.942063676744277245e+01,2.947682123547997435e+01,3.008255166770248934e+01,2.942285069864050229e+01,3.026835198877932953e+01
2.865829576052834682e+01,2.817911623279115929e+01,2.902586280542948316e+01,2.814391275852011631e+01,2.898278185275637497e+01,2.889633844057891565e+01,2.903774810842935494e+01,2.856215311491610009e+01,2.926550353921572878e+01,3.121770958087836334e+01,3.304170473857868728e+01,3.389845268587941973e+01,3.285734303641260112e+01,3.260217025985394912e+01,3.170908196221478192e+01,3.175779194488183066e+01,2.987635039997337572e+01,3.047708306675679069e+01,3.070271033316890907e+01,2.954864666851284483e+01,3.034878721710236960e+01,2.992670429573780666e+01,3.006602036620984109e+01,2.983561208729537384e+01
2.843171017103458098e+01,2.868753717573315498e+01,2.805935153547608252e+01,2.869969271979499581e+01,2.842986895454799878e+01,2.885745870151538384e+01,2.910382191545886599e+01,2.857363550812857511e+01,3.014710894589416057e+01,3.053382196780921731e+01,3.276077744466516606e+01,3.342509267552105712e+01,3.340679098691538229e+01,3.242906928378528164e+01,3.292511472790823746e+01,3.159159505036859628e+01,3.074547207064784970e+01,3.041985842599603984e+01,2.985691786326549391e+01,2.969519469770835940e+01,3.000389975956574062e+01,3.001811858510723141e+01,3.103547173367695677e+01,3.076745670014844336e+01
2.778393432482437220e+01,2.812579610623680537e+01,2.886057062090208092e+01,2.812692660045826187e+01,2.842151142844210199e+01,2.869282140678848236e+01,3.002368460109295256e+01,2.989211235778589071e+01,3.078284895049574743e+01,3.226882911542611510e+01,3.361423296799364380e+01,3.380956910576395558e+01,3.290897559297036423e+01,3.277402804949554138e+01,3.414552155489144525e+01,3.333787181169805081e+01,3.294354152156290638e+01,3.193900836319699010e+01,3.080921885804855265e+01,3.109049819872541320e+01,3.084183071081730532e+01,2.996152159128160974e+01,3.100552452325473496e+01,3.179177118230620636e+01
2.907494984577976993e+01,2.895510742529091885e+01,2.905938527378947356e+01,2.851199179041407206e+01,2.845189767305316764e+01,2.909047309431883832e+01,3.139383303472254738e+01,3.121400587181267383e+01,3.247807529038294660e+01,3.140025152789002050e+01,3.246894090038830427e+01,3.372795455497310968e+01,3.420853185494814852e+01,3.441279894581668941e+01,3.281787435563461486e+01,3.426102254557076776e+01,3.265792934171940942e+01,3.147803235587485915e+01,3.233373714136530452e+01,3.258836783608842325e+01,3.046175235574611406e+01,3.111351198721564515e+01,3.082218201100425858e+01,3.215820182983009090e+01
2.849744893734083462e+01,2.819060273800852201e+01,2.872531949290737430e+01,2.820463789546704447e+01,2.788827024212031347e+01,3.018838777780626970e+01,3.115847167215918034e+01,3.216522029765093293e+01,3.248073080184286709e+01,3.415658310490044869e+01,3.170607025270106760e+01,3.322354776248675989e+01,3.317108108999605065e+01,3.374306828768374089e+01,3.355109721459683669e+01,3.253255363162321601e+01,3.266860275824842574e+01,3.200733791139100504e+01,3.214993270408518811e+01,3.127773241594604769e+01,3.062253490122361654e+01,3.129111292118051324e+01,3.118316672429921255e+01,3.175817325419120607e+01
2.788344967981760192e+01,2.840376675517296690e+01,2.873762749767320201e+01,2.815567719990667683e+01,2.843651994693317420e+01,3.058240076645552108e+01,3.020806789589556729e+01,3.198137640218982369e+01,3.305933257255793478e+01,3.306945201607084073e+01,3.216318819881968238e+01,3.325185707755514386e+01,3.360041186469942431e+01,3.358987198226429882e+01,3.253139925527875675e+01,3.289615208695624915e+01,3.273306641113526894e+01,3.199697673675035503e+01,3.162725464055921520e+01,3.164037607145712627e+01,3.064922843417400600e+01,3.126051799541971832e+01,3.062447374936886035e+01,3.151343326173156356e+01
2.790825911101575230e+01,2.881288284320550019e+01,2.891603412777783433e+01,2.877628544319577486e+01,2.746844611845341433e+01,2.830353799237997237e+01,3.046656586527302579e+01,3.014543798250207374e+01,3.196052114347128281e+01,3.160563268051237173e+01,3.132927304534706536e+01,3.337035784566330676e+01,3.388877040700305088e+01,3.259080112827069797e+01,3.295835225635715915e+01,3.321587163717504154e+01,3.318988191630199935e+01,3.324247654880963410e+01,3.302290793300949190e+01,3.289548917556527385e+01,3.225490656144870627e+01,3.126058144440526121e+01,3.160351495406877120e+01,3.131533802740500505e+01
2.718362938508249727e+01,2.833012820241754071e+01,2.847544693816047356e+01,2.907908878117905260e+01,2.892843751965648380e+01,2.987262063924362110e+01,3.142607722536189385e+01,3.142310115284647054e+01,3.080721142063993057e+01,3.003931465521850441e+01,3.183391528667874582e+01,3.263787515058902500e+01,3.359337697516986054e+01,3.325783954633743633e+01,3.363934472177868429e+01,3.446684839728669658e+01,3.264690144344268674e+01,3.391623485622903900e+01,3.399419802909892496e+01,3.319375142255199762e+01,3.144488254148603801e+01,3.261988336957307411e+01,3.150545399134858826e+01,3.342405829751487545e+01
