2.527861148150202553e+01,2.257815329869322341e+01,2.694668215259531507e+01,2.334949863303353368e+01,2.598329044782076380e+01,2.402205867427602470e+01,2.512824762478675211e+01,2.506389748810335050e+01,2.587958228573205588e+01,2.399923618886543863e+01,2.367373371832121620e+01,2.499444608553960734e+01,2.531811534252199181e+01,2.461608631564729421e+01,2.470588203213895895e+01,2.368670931091855891e+01,2.501857422126681740e+01,2.472383060099940622e+01,2.545091319593620938e+01,2.509438479985169579e+01,2.540843046272476613e+01,2.532751489953591317e+01,2.608930649545374081e+01,2.551229750095069448e+01
2.357382964136104420e+01,2.463714960089981787e+01,2.481250003703831908e+01,2.544247010953790777e+01,2.391736522865841152e+01,2.716784997182628558e+01,2.510212661709027770e+01,2.497671190895164273e+01,2.455345968234212251e+01,2.581371091634582626e+01,2.444224901051626375e+01,2.478561223194594731e+01,2.357264632474362998e+01,2.530003107898477310e+01,2.366915522634587887e+01,2.441886361628723989e+01,2.484946850899399351e+01,2.511739557604028050e+01,2.478328282544089234e+01,2.413772024287425211e+01,2.371121581849700988e+01,2.568568063688417169e+01,2.458768014099473476e+01,2.523605161995504886e+01
2.455665232431306322e+01,2.479077426887772617e+01,2.601254264857647058e+01,2.521873582400542091e+01,2.576639432307712241e+01,2.365328324701425800e+01,2.476913709997722890e+01,2.432920323643008942e+01,2.454333591682279803e+01,2.426719562972067479e+01,2.462041893509956481e+01,2.494754571152566314e+01,2.428730167017937447e+01,2.397881629400984593e+01,2.457012862284591392e+01,2.424615609202379574e+01,2.454183575678513307e+01,2.440060703384534690e+01,2.298394572262418478e+01,2.432116792973420161e+01,2.613051346506324535e+01,2.532241309452359701e+01,2.533139613901255416e+01,2.526615601229531194e+01
2.349913153665931986e+01,2.651101315365502842e+01,2.434173952072944758e+01,2.528639374808494722e+01,2.403152853863792870e+01,2.487955307591170140e+01,2.419512128297151321e+01,2.568716009928988342e+01,2.434495053105121087e+01,2.470219892347222412e+01,2.436940506624688396e+01,2.527581421342705426e+01,2.373951973337864274e+01,2.466894475876108572e+01,2.443931268521140510e+01,2.492638393657256302e+01,2.438330099665211037e+01,2.491729013801278825e+01,2.416233443998027042e+01,2.574272776529977591e+01,2.434595552402652174e+01,2.419114984587815798e+01,2.530732668379346251e+01,2.547649546210317340e+01
2.527518169725061625e+01,2.532338413922229847e+01,2.513261433154923452e+01,2.386142970561058974e+01,2.631762083663807061e+01,2.526328859256108217e+01,2.438214220235408902e+01,2.397604179187140971e+01,2.498915562093804965e+01,2.459252747179613152e+01,2.500551830585322932e+01,2.438843415813215643e+01,2.492159405239709713e+01,2.565645282768974766e+01,2.519047253601075909e+01,2.403155359973908389e+01,2.466367955173978999e+01,2.479950346218362256e+01,2.568695232445975307e+01,2.460254338961084386e+01,2.481300150367769675e+01,2.389442647745147497e+01,2.535880100736648046e+01,2.469610529007343303e+01
2.402991635517082614e+01,2.464674433689748412e+01,2.570497027817583557e+01,2.453711756417391143e+01,2.509868821896219515e+01,2.519923845770756543e+01,2.443820704798338284e+01,2.562111807731048430e+01,2.398027308147197800e+01,2.488865613996165393e+01,2.469679123115190578e+01,2.362081247437208731e+01,2.410775851805760794e+01,2.401410794358605472e+01,2.297685388482301505e+01,2.493405554455426909e+01,2.384388999849772972e+01,2.487258184847496523e+01,2.406357180421224484e+01,2.433431074464851918e+01,2.529707886703772601e+01,2.386073051853236393e+01,2.497232668133887046e+01,2.466732108645618382e+01
2.371848553449365227e+01,2.597786854051656746e+01,2.518404560372948708e+01,2.474816270978732291e+01,2.451777453979877919e+01,2.389210216478460325e+01,2.456576121179682559e+01,2.494712244169488713e+01,2.463361637647955149e+01,2.493955476195765186e+01,2.387594806542199422e+01,2.414997145627370401e+01,2.410592142010881389e+01,2.477232994336043248e+01,2.549658663972525119e+01,2.535160191318573197e+01,2.532869936167321612e+01,2.557782216846129586e+01,2.525818535226221684e+01,2.470193152617247279e+01,2.428786284193193978e+01,2.495781287701026940e+01,2.461522710202359576e+01,2.495720427294889987e+01
2.379545405582615558e+01,2.490812432797861220e+01,2.420006494997710433e+01,2.397043077858478455e+01,2.393753092671568083e+01,2.459193975522521214e+01,2.387026913521242477e+01,2.481289219278130531e+01,2.435473795095401783e+01,2.467055721874487517e+01,2.457547999499450952e+01,2.446869515557983732e+01,2.417058698292015606e+01,2.555218466505357355e+01,2.513546695050365543e+01,2.503719400255789651e+01,2.507738071587243667e+01,2.475926461867544504e+01,2.513389386234501899e+01,2.519400613022730795e+01,2.474490593859360388e+01,2.542028715146261675e+01,2.513300035154702528e+01,2.507091769335698928e+01
2.457707607445968279e+01,2.314567546218711414e+01,2.492172975363854448e+01,2.403808235877795596e+01,2.529409782839644549e+01,2.414366191043978915e+01,2.418244322106357913e+01,2.398786250197662184e+01,2.407803491022337994e+01,2.296244856914353250e+01,2.377840962231897493e+01,2.463430940091069488e+01,2.460974553560640743e+01,2.455006652459940142e+01,2.522016839845275626e+01,2.480677632796198395e+01,2.507924421602274379e+01,2.395166357417053860e+01,2.497310939594984802e+01,2.509752975415926812e+01,2.508015681154256526e+01,2.369249663264366745e+01,2.365610740144148849e+01,2.460267326072187188e+01
2.401012544245031677e+01,2.505412664457526262e+01,2.394389001259077077e+01,2.413296285269075270e+01,2.375003866358366622e+01,2.423590107180137920e+01,2.496091282691901370e+01,2.451187087797683262e+01,2.327607936110837272e+01,2.394235436841591991e+01,2.359973146648263764e+01,2.347960471336506316e+01,2.421328706026378086e+01,2.477534812302775435e+01,2.433934182714358485e+01,2.528027714066007547e+01,2.429504918464749608e+01,2.437319121410592970e+01,2.518326159503891404e+01,2.521431045455892672e+01,2.405533059493433257e+01,2.424207924285093441e+01,2.367442674350320431e+01,2.487357120041730241e+01
2.418959397245839682e+01,2.438269141768614645e+01,2.403216084199715397e+01,2.445905438197115700e+01,2.462530628403726496e+01,2.378323954348530833e+01,2.371565330033746477e+01,2.334592155886906539e+01,2.375355369544172390e+01,2.332610670414902643e+01,2.374348265835510574e+01,2.364565565302200412e+01,2.416696706568984609e+01,2.423210499330355105e+01,2.492175242196481122e+01,2.395178800385633622e+01,2.443217313197959584e+01,2.586813999442409795e+01,2.544624436017500102e+01,2.495102431928148690e+01,2.480939090485026099e+01,2.449205168214029982e+01,2.395472295862094825e+01,2.387176548354665329e+01
2.366484901004986341e+01,2.471914633259194716e+01,2.351129181502506071e+01,2.533221357533932405e+01,2.396048852775084015e+01,2.487033993804556076e+01,2.424451539046901871e+01,2.401856845844565669e+01,2.290506519061119661e+01,2.287990827576311403e+01,2.345969723486774683e+01,2.324363443945560448e+01,2.324803250830132129e+01,2.405709241663930698e+01,2.389258256384039214e+01,2.431802293662894954e+01,2.475152716283577092e+01,2.496143883020084786e+01,2.646651333636663139e+01,2.583349018954709209e+01,2.376368266595613932e+01,2.438460665345462530e+01,2.350216673795233646e+01,2.346787205616925576e+01
2.523313688604093841e+01,2.390233570720005218e+01,2.537226691486443997e+01,2.592959118813269015e+01,2.415190042575397911e+01,2.420751733365506198e+01,2.402400615728384992e+01,2.334573251441094044e+01,2.308377804921110510e+01,2.307263516689289418e+01,2.491508562245502389e+01,2.230043590226932793e+01,2.404348248328352611e+01,2.364625319527721103e+01,2.429830495901256882e+01,2.423869133171081103e+01,2.506041185750802924e+01,2.465591518433268448e+01,2.540762401388781200e+01,2.517517766418086467e+01,2.465239285284212656e+01,2.272889902175450061e+01,2.428862584683429304e+01,2.315881564642762669e+01
2.379008306121301075e+01,2.493123641841276594e+01,2.513817415141329548e+01,2.503844502621427637e+01,2.371582267659812260e+01,2.452612527913083795e+01,2.393986078332932266e+01,2.443849700823096782e+01,2.460963677146793316e+01,2.400574874051557117e+01,2.304619762461425125e+01,2.312794625254099401e+01,2.422133839247175047e+01,2.431861572370593194e+01,2.378076621170595217e+01,2.422236541889549244e+01,2.470607513724655746e+01,2.506707577145482446e+01,2.536679891855641245e+01,2.573646072808816143e+01,2.313219970639977419e+01,2.368188099027270255e+01,2.322562361441333678e+01,2.401299611886503271e+01
2.431285637716644032e+01,2.350001638887545141e+01,2.419801246171095954e+01,2.418106457493973949e+01,2.351082866781814573e+01,2.384293416282122280e+01,2.552276951639277058e+01,2.547611862973565167e+01,2.591792808642333057e+01,2.703587355164432893e+01,2.505095886865609600e+01,2.442871990149018302e+01,2.386131838610987188e+01,2.393975332672965806e+01,2.405695338026845320e+01,2.359113963128322666e+01,2.512843753685581305e+01,2.453763998529308310e+01,2.501095982142334151e+01,2.505237566102863411e+01,2.393187688302350580e+01,2.435682492454509429e+01,2.327139117513098654e+01,2.319733583811967037e+01
2.474347709189703437e+01,2.411633630038102183e+01,2.484624873760202490e+01,2.421716527830449195e+01,2.302305918320888622e+01,2.441909075980402122e+01,2.350556631028013044e+01,2.644022809912416960e+01,2.650840010615962683e+01,2.724848275964649247e+01,2.708207846439705690e+01,2.519685865543351611e+01,2.417646346856139417e+01,2.522992572780481169e+01,2.504925772553309571e+01,2.464883415020989332e+01,2.521364435418792027e+01,2.497839179980053359e+01,2.429796932158126310e+01,2.553366012248579864e+01,2.331994889069864030e+01,2.341289008357932744e+01,2.364402805852694200e+01,2.397491839133812164e+01
2.493361614108880531e+01,2.303012730143734643e+01,2.410175239462483887e+01,2.336343642093180506e+01,2.429256760512896562e+01,2.353026633576450877e+01,2.467772445134130521e+01,2.716569963797257969e+01,2.931841083765527856e+01,3.006579887089844760e+01,2.836203949354649012e+01,2.716466036428789721e+01,2.367931991924132262e+01,2.318724543168877972e+01,2.472283267533566686e+01,2.399602277648330073e+01,2.414384406547355866e+01,2.476524922792987127e+01,2.548874891823072630e+01,2.440035592687695498e+01,2.357845507853511435e+01,2.328698967149676946e+01,2.458341498208608300e+01,2.293641854207544384e+01
2.381317101523052315e+01,2.474829914516641338e+01,2.348435132038537176e+01,2.527805964799188132e+01,2.329240513039786720e+01,2.373918552490511047e+01,2.335450671264788980e+01,2.724470624963504406e+01,2.957258197923971466e+01,3.056434080162409828e+01,2.891058468060430187e+01,2.863754606902352862e+01,2.390767434235067412e+01,2.415250350426219939e+01,2.392999976734881784e+01,2.462556089820566285e+01,2.394607354978279545e+01,2.496287111398589786e+01,2.499569170850890032e+01,2.471208264690454826e+01,2.357896038316232534e+01,2.374650018501995419e+01,2.326845603496195736e+01,2.427078086054467576e+01
2.554056422795639492e+01,2.471299305578213534e+01,2.530585237408905641e+01,2.467108243063927375e+01,2.441535115853844218e+01,2.420598551909660046e+01,2.539655124487302373e+01,2.671751553736970664e+01,3.222604230000359848e+01,3.129169548223694619e+01,3.141453581965839703e+01,2.917210892258538024e+01,2.412593182290197547e+01,2.434981217990736013e+01,2.390808426376901252e+01,2.347926037478094941e+01,2.456400545211181452e+01,2.511285586922173252e+01,2.492544907521408959e+01,2.475243753941225577e+01,2.354950473013735746e+01,2.308081097789568048e+01,2.292647402894255038e+01,2.379579556305475307e+01
2.364563606363560666e+01,2.368637699695068477e+01,2.428856799440865188e+01,2.386689793239941082e+01,2.375151669631981122e+01,2.483099848972165091e+01,2.716412917515697245e+01,2.675291626786406596e+01,2.965746039210148410e+01,3.034701329751777621e+01,3.024471557529398069e+01,2.830902918292969161e+01,2.377698203243267017e+01,2.383178332831215585e+01,2.337790544920119373e+01,2.449106241570717657e+01,2.423853377514103613e+01,2.465714274700252417e+01,2.429944709008776726e+01,2.490877442568540800e+01,2.364869518614347044e+01,2.335815738601019120e+01,2.449006198364844522e+01,2.389266392074733858e+01
2.369754781409739053e+01,2.356568938275921710e+01,2.407523895413186210e+01,2.369622479532637271e+01,2.729023145575160925e+01,2.707566295414522983e+01,2.600694203075590849e+01,2.578617531712467326e+01,2.542224932146348237e+01,2.523070925173590240e+01,2.578709133691052102e+01,2.640202474123049114e+01,2.639839662252393282e+01,2.552064422458880699e+01,2.574618070239347389e+01,2.466955134873398947e+01,2.547684951178257506e+01,2.525794857629938406e+01,2.424577375163829629e+01,2.365944826728099315e+01,2.318075081930550141e+01,2.383225276692985517e+01,2.325063683120339419e+01,2.336215000035923595e+01
2.285219326628384806e+01,2.465065784654052550e+01,2.405989174794569863e+01,2.438167943732332787e+01,2.750174898978906413e+01,2.615708275996678367e+01,2.541907848299115358e+01,2.599859899272473740e+01,2.601887257399863529e+01,2.605772476320646547e+01,2.531088370238319385e+01,2.555859513578911901e+01,2.564596350871926234e+01,2.569299970744015127e+01,2.569305658823913063e+01,2.588437098511570866e+01,2.504949702890053231e+01,2.524822023532146886e+01,2.451322735077457082e+01,2.486765927103101603e+01,2.286585579511915967e+01,2.361639476561640549e+01,2.318795225962048789e+01,2.367345588404680257e+01
2.455634973992016512e+01,2.441371767820942296e+01,2.447746273481340040e+01,2.582045694751457177e+01,2.730757646735190747e+01,2.721206965260944344e+01,2.705824365517776187e+01,2.660167589090104912e+01,2.648328647143523540e+01,2.531109439388313831e+01,2.676218152895876301e+01,2.614301075600428703e+01,2.669535640205998561e+01,2.538351737382498641e+01,2.634489543810633450e+01,2.679049408664400289e+01,2.462899352482980930e+01,2.490379618234209147e+01,2.415499463506148459e+01,2.460513624650593556e+01,2.438808779637048474e+01,2.355960633344471944e+01,2.318176299891791814e+01,2.332013541993694616e+01
2.467391180394764660e+01,2.509577834135944840e+01,2.539747738758205742e+01,2.635475540982309894e+01,2.743707267706247421e+01,2.810103883922920431e+01,2.765057747896770479e+01,2.699004338165275385e+01,2.625452622474591635e+01,2.613977478946594601e+01,2.662901733803340676e+01,2.790419558896695662e+01,2.674194925677016954e+01,2.705337518474499348e+01,2.671593307114329718e+01,2.745629225400534779e+01,2.480591325090875898e+01,2.591954941464933881e+01,2.581869436781289551e+01,2.556490745444705226e+01,2.358796850788399979e+01,2.478826867062934980e+01,2.289623505791672642e+01,2.359861049756818829e+01
2.549788011675167354e+01,2.552671768321999934e+01,2.612225681821792023e+01,2.667400482819664376e+01,2.838820628740978691e+01,2.796396518723929603e+01,2.919564220396586052e+01,2.746722592052230993e+01,2.785685413066960336e+01,2.740070169251328025e+01,2.810291358758593105e+01,2.694946847335148732e+01,2.663629615464390099e+01,2.675445516464117190e+01,2.820598896968436975e+01,2.689994914572713469e+01,2.576702037002445422e+01,2.537271818387796429e+01,2.503101298336099489e+01,2.435189077060255158e+01,2.451977204932899213e+01,2.367612822738237810e+01,2.436347004986816955e+01,2.329725474608977720e+01
2.447496969437571579e+01,2.486675923572153124e+01,2.669133382466617377e+01,2.660023995061072810e+01,2.835547445929967125e+01,2.732071807866952895e+01,2.944377791891508878e+01,2.855622904774423887e+01,2.835528898566894895e+01,2.860053943204218285e+01,2.832380746933063165e+01,2.851489728697197279e+01,2.702382333212767662e+01,2.831244231060105676e+01,2.590497654628757118e+01,2.627426681797328456e+01,2.625133629532695068e+01,2.679441705790065953e+01,2.498680791213439534e+01,2.481247564274923434e+01,2.364507829861111077e+01,2.381341941154317965e+01,2.208894813893226683e+01,2.298002905412130303e+01
2.447848868064090766e+01,2.402788442700830274e+01,2.525584873878585768e+01,2.688631986185714595e+01,2.847820285090085690e+01,2.798390499018995570e+01,2.936920474133148673e+01,2.981321083739379674e+01,2.905686479272816314e+01,2.930258673288142290e+01,2.954049967172039715e+01,2.850466551911097213e+01,2.722357941887139532e+01,2.636127913399178624e+01,2.672065307953079127e+01,2.787679453795482232e+01,2.662886666661512436e+01,2.628586300476632687e+01,2.542394261969093350e+01,2.551435946318292736e+01,2.530964543373187325e+01,2.533348409067207285e+01,2.381511239102275113e+01,2.377743799645094214e+01
2.470149995225983730e+01,2.520650282466584713e+01,2.580090159579310694e+01,2.618199078865058027e+01,2.748680326503330207e+01,2.758700302743875454e+01,2.997868338773878349e+01,2.926998153294829308e+01,2.894603579609253075e+01,2.972088311776207092e+01,2.807799073043815952e+01,2.892040589679947971e+01,2.755533290289031356e+01,2.635931695638259953e+01,2.663124742337089401e+01,2.855626374805086698e+01,2.697373973357866817e+01,2.649036268263421334e+01,2.676130555136995781e+01,2.567707619090799653e+01,2.498926823044808998e+01,2.464033078644933994e+01,2.415989221025211009e+01,2.491874620132819018e+01
2.417805650119703387e+01,2.303801919058997782e+01,2.507160937563764946e+01,2.440673246445641098e+01,2.560170159539080714e+01,2.556385191708346838e+01,2.741318128687919398e+01,2.753822819836307190e+01,2.705534357322977712e+01,2.677261381770802018e+01,2.772294233636210947e+01,2.709412308240121092e+01,2.611831462946611282e+01,2.582582903138319352e+01,2.609067245361012510e+01,2.502704152205200216e+01,2.550368606561738716e+01,2.421392606863389574e+01,2.628039408005696487e+01,2.452225386101019922e+01,2.498635721246228059e+01,2.419960004497312411e+01,2.503743587679292659e+01,2.370008541848028472e+01
2.374644389455755800e+01,2.442036096136189371e+01,2.359269312594062740e+01,2.494940358109505496e+01,2.470103589422586765e+01,2.659461525809911109e+01,2.560910031409355270e+01,2.634693748009908632e+01,2.528045739820981908e+01,2.579138993004897884e+01,2.657305987206279951e+01,2.755689909972920759e+01,2.607921898509425773e+01,2.535220029731738123e+01,2.523958129416666907e+01,2.544956227066063548e+01,2.515689748734280329e+01,2.575201832869908003e+01,2.457150424113689269e+01,2.558045362425434632e+01,2.427641847234332317e+01,2.507663085232093181e+01,2.301840080562493540e+01,2.483401392798555207e+01
2.405619524123284236e+01,2.405148524169078428e+01,2.526860347397393980e+01,2.497052276634025247e+01,2.523396681844906198e+01,2.546865842075072806e+01,2.518308980650778039e+01,2.581303952534108248e+01,2.671410608749999938e+01,2.618970166869604554e+01,2.605979917926686085e+01,2.470344217144025833e+01,2.531841576901723556e+01,2.520887618693353716e+01,2.477330289367216665e+01,2.483637108212030853e+01,2.531017935851770062e+01,2.519640644438300114e+01,2.476774046213347447e+01,2.460174011269845096e+01,2.489864322572765332e+01,2.352199807657143538e+01,2.371960757333897618e+01,2.431408621460900576e+01
2.376034639290060113e+01,2.454549042297372807e+01,2.421435026146951941e+01,2.377977516934788582e+01,2.502055049656274832e+01,2.472139271366773983e+01,2.561935424938354799e+01,2.619287832528948456e+01,2.609404461646045092e+01,2.579605964674959750e+01,2.576610906479720597e+01,2.497121619786560132e+01,2.404231596196927967e+01,2.645153311813504615e+01,2.516759108887589491e+01,2.444514044685206500e+01,2.471608651545096791e+01,2.548108336096754556e+01,2.489605631547487974e+01,2.582554674207420931e+01,2.455405536202647454e+01,2.369954058506300498e+01,2.343821898867838627e+01,2.429070085589165728e+01
