2.448912615074095811e+01,2.483741354597196960e+01,2.405546593634596775e+01,2.460936818804322002e+01,2.291344125396136633e+01,2.419556870382263014e+01,2.263132692554836467e+01,2.519966225616326483e+01,2.415756500448691213e+01,2.387302592809442103e+01,2.401130115009527799e+01,2.531100381078039163e+01,2.474221697966470401e+01,2.425382825626297745e+01,2.480714368169924455e+01,2.446582998134402942e+01,2.374652164758401796e+01,2.483024996620969205e+01,2.347918142085597992e+01,2.498667358262753169e+01,2.461700709205945259e+01,2.596615058636427875e+01,2.504617408960092462e+01,2.622843558713645962e+01
2.332564227014404423e+01,2.329081429458562980e+01,2.503386215067024523e+01,2.260540690787871654e+01,2.459075007796491263e+01,2.469308729490393262e+01,2.499277062508519975e+01,2.371082176888035065e+01,2.489002921100438925e+01,2.410154547648181733e+01,2.473449665887227411e+01,2.331443464877082761e+01,2.449248987168647318e+01,2.298105552614276803e+01,2.395203457035592010e+01,2.382859593774520590e+01,2.514709597711015476e+01,2.386620165840196250e+01,2.486964546261702935e+01,2.446417313854669828e+01,2.595155735755599835e+01,2.464782030517767453e+01,2.548356755176661181e+01,2.541694703287743096e+01
2.322598343498708573e+01,2.502627329950087187e+01,2.322486492902407917e+01,2.635856748888949141e+01,2.239008182316860029e+01,2.491723783469393538e+01,2.374086168460405588e+01,2.570787803296491347e+01,2.460577390985287138e+01,2.475508320367401893e+01,2.338581759873801502e+01,2.477191481681177265e+01,2.389495742469733841e+01,2.566163512788727985e+01,2.271477977349564981e+01,2.406538799115736538e+01,2.373411919429395311e+01,2.445387203797554321e+01,2.455345343751287146e+01,2.524713448154250273e+01,2.399385098940064154e+01,2.609868826941806219e+01,2.311439231972514108e+01,2.542036002079214541e+01
2.527713917341145589e+01,2.397389957405005134e+01,2.617925738866978236e+01,2.447844925886835199e+01,2.507130286634748018e+01,2.316151516288329049e+01,2.580877652984258930e+01,2.531187764838182375e+01,2.374967446686491712e+01,2.388892473651958426e+01,2.376506676175171151e+01,2.405449605864038176e+01,2.475685137551965909e+01,2.405845995596956755e+01,2.445244594966987961e+01,2.391130293825449371e+01,2.419560463381856152e+01,2.472293444839550602e+01,2.505399735536786920e+01,2.429785920976917168e+01,2.463429228438417340e+01,2.382207735484615796e+01,2.496382388979748157e+01,2.421553443144432549e+01
2.447683207167511910e+01,2.428046897875140075e+01,2.522509611745181246e+01,2.567828749687902246e+01,2.445164288441446843e+01,2.381828682967352506e+01,2.417589338080313155e+01,2.355862185503389128e+01,2.476910142829945016e+01,2.532314290376638155e+01,2.497363938274310158e+01,2.492955616470896985e+01,2.372254137119580264e+01,2.484460283983901263e+01,2.381250580441746934e+01,2.416912010990665749e+01,2.560287440829040406e+01,2.495865009065511231e+01,2.368706200078804613e+01,2.479037411498239862e+01,2.296585183391772489e+01,2.454077405401062606e+01,2.477578283030891271e+01,2.539674074219783506e+01
2.582338239754705000e+01,2.454048037326731446e+01,2.556119134816663063e+01,2.481896031713017692e+01,2.449768607653737718e+01,2.521383972597709544e+01,2.525956340739151074e+01,2.501204540408434696e+01,2.533024812082754806e+01,2.446555295598398061e+01,2.501960646429097324e+01,2.356618981211471464e+01,2.462562078987275527e+01,2.338722146072444730e+01,2.521560607756208583e+01,2.354938282410682859e+01,2.495382773376189789e+01,2.521166841611511700e+01,2.363968410468208958e+01,2.430790716397058304e+01,2.428472930415898645e+01,2.427157283350783246e+01,2.415982877108484672e+01,2.364318242781422441e+01
2.477109114046982086e+01,2.563527952182334957e+01,2.502841955465561341e+01,2.688777209878139729e+01,2.494774067733260381e+01,2.592017460700878928e+01,2.551437905823092933e+01,2.548893251873852250e+01,2.458399242076887958e+01,2.619935579225608535e+01,2.455882078927112389e+01,2.575315730647150758e+01,2.533545400041919038e+01,2.525680573912592308e+01,2.523743917360383193e+01,2.491707516886702933e+01,2.470908952731542740e+01,2.534035087166301992e+01,2.445202912612728596e+01,2.618563733623767575e+01,2.504484994304209522e+01,2.591424049861547019e+01,2.505366893705934217e+01,2.478276618870387438e+01
2.479571254876992725e+01,2.432125638306803239e+01,2.575462550876858359e+01,2.588987831240757487e+01,2.554209821887297949e+01,2.495984897715521811e+01,2.520372008449044188e+01,2.552891411782513842e+01,2.561251946524993173e+01,2.553023531716110028e+01,2.560074106741495825e+01,2.475276332622820519e+01,2.575234163687969158e+01,2.528928384645581673e+01,2.524417380943225453e+01,2.495664293803474720e+01,2.556326882517578269e+01,2.524308211842327410e+01,2.564224037733509931e+01,2.513771643420017199e+01,2.432484331402343969e+01,2.538455685122988825e+01,2.615504968309329570e+01,2.467400755816873925e+01
2.398612788781349536e+01,2.529323271261375794e+01,2.391199368428891603e+01,2.479922793163717643e+01,2.505865008840640940e+01,2.579218302083262415e+01,2.505805903490869468e+01,2.539792113335965951e+01,2.526802019015411815e+01,2.594527327144743367e+01,2.474200073289966895e+01,2.574989718609185729e+01,2.449791451305105738e+01,2.599787219117581571e+01,2.564530121080491654e+01,2.557899804153151990e+01,2.532527692007937503e+01,2.630482686254964619e+01,2.577414294347363466e+01,2.553639649452316007e+01,2.501582379719536675e+01,2.549102366933266239e+01,2.501310595163528205e+01,2.594987828986080558e+01
2.534872173756519942e+01,2.382644310335234650e+01,2.494884063675596053e+01,2.529755124161414415e+01,2.426759705520078114e+01,2.436152147418522418e+01,2.579197540436899772e+01,2.514882214057951160e+01,2.606913147275616893e+01,2.545217574041009811e+01,2.510256538167408280e+01,2.444371216584443118e+01,2.598491922608366167e+01,2.516964109521791215e+01,2.509116805409530571e+01,2.429508761120712279e+01,2.488300630485736065e+01,2.478406576688848872e+01,2.597598043464233797e+01,2.530100524265884587e+01,2.563637063673178318e+01,2.565376462093206555e+01,2.574944091092243070e+01,2.503865263477473491e+01
2.380088202555543830e+01,2.522325518842245629e+01,2.441937907084616199e+01,2.579339283658953264e+01,2.438402971076919812e+01,2.579886461145611065e+01,2.397757646451310620e+01,2.536572257966525967e+01,2.507534546114311524e+01,2.570224394859411632e+01,2.433373031936378084e+01,2.528086724850129485e+01,2.526132835942655674e+01,2.601469843242762181e+01,2.462694239192404666e+01,2.555491331291710821e+01,2.554877414342968223e+01,2.611421196014197221e+01,2.481493155092812231e+01,2.626415446968445622e+01,2.582787369212053363e+01,2.750958348356630268e+01,2.562000238708105826e+01,2.612368908298043380e+01
2.473596105764096365e+01,2.370554932946572535e+01,2.605584390433011777e+01,2.548100764787687922e+01,2.597503409490326476e+01,2.535536363907539226e+01,2.598547395948816074e+01,2.501170255887092253e+01,2.599873095217503760e+01,2.505897186924886455e+01,2.491504241577587209e+01,2.467712403452594572e+01,2.535750796133703489e+01,2.528446120324059621e+01,2.584276060057732138e+01,2.539208048774463578e+01,2.566728120475119113e+01,2.621537277514693187e+01,2.671768521819626585e+01,2.519997802244836294e+01,2.564248192988742403e+01,2.536432588611251049e+01,2.663190004816470946e+01,2.567018485879395939e+01
2.322733601534588388e+01,2.484550328848882828e+01,2.551158058392837802e+01,2.474795177529023249e+01,2.426084006368722612e+01,2.483914212229797158e+01,2.479615250479827182e+01,2.479704862136122756e+01,2.454179172333914494e+01,2.468263362689646101e+01,2.340527087193345324e+01,2.492572620460106236e+01,2.472827113591074522e+01,2.547981667696961949e+01,2.499603115387446906e+01,2.559603367559986964e+01,2.560041389378159238e+01,2.603283353410648715e+01,2.580662349535447220e+01,2.591391269159424837e+01,2.598094598709724323e+01,2.588415584252868484e+01,2.439820627464177960e+01,2.565349765530265813e+01
2.559267139596221341e+01,2.491273995939832275e+01,2.507874362811230640e+01,2.385577310418648267e+01,2.527982245990892807e+01,2.479955422806312981e+01,2.544213982652371442e+01,2.397418844490852052e+01,2.465592389723047972e+01,2.438816849659860964e+01,2.413558448036911841e+01,2.403519494963040870e+01,2.440728651407499683e+01,2.499235996500345891e+01,2.498980897615433605e+01,2.508102755101702996e+01,2.559340892054677852e+01,2.442590894176208849e+01,2.523696060882446091e+01,2.475874590436222888e+01,2.587662148907327264e+01,2.501471180081330203e+01,2.570982397892618110e+01,2.504456481022646130e+01
2.370479024298435888e+01,2.547198392629292130e+01,2.415378334663608939e+01,2.525437601743055893e+01,2.453024410407130063e+01,2.537993898591656716e+01,2.418142471179425002e+01,2.606777631263253170e+01,2.390615167756925530e+01,2.488258258855245231e+01,2.474549220775912772e+01,2.497414423753338042e+01,2.440656707731886854e+01,2.515980428441622507e+01,2.392058106050888000e+01,2.465167128617724757e+01,2.466063323956001341e+01,2.578279746355707402e+01,2.541904181417135078e+01,2.564309501342506792e+01,2.509637946857020552e+01,2.623675255618098845e+01,2.432528447755669276e+01,2.574081938403827507e+01
2.575107441151106968e+01,2.449717209236888493e+01,2.461181764461969124e+01,2.453235738430885249e+01,2.620949674520556982e+01,2.557563661100022046e+01,2.464138817239017953e+01,2.511507567244325401e+01,2.502322101635257923e+01,2.373647651899358380e+01,2.578647104268770818e+01,2.488505321557829575e+01,2.487421590566606255e+01,2.491649733127627542e+01,2.507201274142573766e+01,2.449579210691632625e+01,2.576021904288637643e+01,2.501121971323698290e+01,2.538014553732057266e+01,2.524003362424502939e+01,2.570773015942728534e+01,2.561733692785873018e+01,2.707451068193188348e+01,2.483526244208724165e+01
2.392304359981409334e+01,2.473576397421874162e+01,2.480372201919601594e+01,2.479145525635300373e+01,2.418897471654446463e+01,2.518398395456625849e+01,2.368570925911734548e+01,2.500005229775717908e+01,2.484157291052713390e+01,2.547721392452348255e+01,2.404578296930128545e+01,2.452331017896688081e+01,2.369906565401817033e+01,2.551177104825097786e+01,2.539889094039631345e+01,2.500240465142297808e+01,2.503829761080476146e+01,2.514075405491246329e+01,2.553262960626614131e+01,2.512697147885472759e+01,2.453092256628792711e+01,2.547557502785690531e+01,2.521613915661299643e+01,2.609509309187711779e+01
2.477610274856488104e+01,2.393905752597640912e+01,2.572939973768859545e+01,2.559862532176072136e+01,2.555141693084220833e+01,2.471838715953668952e+01,2.393059517007861814e+01,2.389959602052073251e+01,2.496584655230799399e+01,2.453578973334640523e+01,2.531129466402643402e+01,2.520530996686744629e+01,2.459190499804003593e+01,2.499235996500345891e+01,2.544123126245341382e+01,2.464194050673199854e+01,2.499337670846563242e+01,2.482847943265028334e+01,2.487042196955729878e+01,2.441587723632312645e+01,2.471041627069075730e+01,2.559339062302797174e+01,2.482793590206802037e+01,2.528405307052787521e+01
2.372864503404468906e+01,2.430629919578268527e+01,2.392154285470758168e+01,2.519152682543978017e+01,2.323337428972121188e+01,2.555874563679566336e+01,2.405213353990899350e+01,2.539843426380417668e+01,2.383151916175364704e+01,2.566605236429796832e+01,2.508035858477080637e+01,2.535370807121267944e+01,2.499194785247101436e+01,2.505012694031114506e+01,2.529074453623815089e+01,2.469861631939346580e+01,2.513339564139090498e+01,2.568771613314345359e+01,2.549549009046336323e+01,2.653853037988398000e+01,2.525419314499100665e+01,2.587728756871371161e+01,2.490389332494692098e+01,2.557999721437363405e+01
2.508936738920687048e+01,2.387600618073105352e+01,2.576547319020153282e+01,2.380490952184311482e+01,2.406123431702724247e+01,2.419918808858261627e+01,2.479478808894327813e+01,2.438266746197371049e+01,2.566318825221458155e+01,2.400723999023693978e+01,2.589015893655874834e+01,2.528644909062654733e+01,2.605298621532477910e+01,2.421913343980895661e+01,2.579561283817082540e+01,2.485990348772071457e+01,2.481505613992362669e+01,2.487901515310943523e+01,2.541966143780945231e+01,2.514564292496646658e+01,2.604218598317902433e+01,2.522832791377004469e+01,2.592225526168130045e+01,2.551138281602646884e+01
2.430858917073862813e+01,2.414251462062765086e+01,2.421500078144504187e+01,2.476027678762653750e+01,2.412175212371238331e+01,2.447218066559213412e+01,2.448268325345156882e+01,2.443984702465536429e+01,2.512610720117356777e+01,2.492572620460106236e+01,2.445627822495765713e+01,2.439868768573688840e+01,2.458030103082325013e+01,2.436888075720338520e+01,2.459909785357808687e+01,2.469651448465185695e+01,2.397235145787351485e+01,2.529502343604963244e+01,2.429851362356077971e+01,2.611555437073064923e+01,2.614626284009096935e+01,2.588666544389081992e+01,2.486295997342790542e+01,2.589965613945997802e+01
2.389271417834078193e+01,2.424364054747337605e+01,2.497377925187242909e+01,2.413792278932743329e+01,2.452164151549459348e+01,2.444387466686902144e+01,2.496129909540712788e+01,2.430820979190207254e+01,2.485783698515797369e+01,2.507536040753115003e+01,2.467231795510275560e+01,2.440582212296340003e+01,2.517807771284151386e+01,2.522545550248315749e+01,2.436618565144664217e+01,2.507648410296610564e+01,2.542941737579991468e+01,2.443795924309898737e+01,2.631354700636501320e+01,2.476042286354891075e+01,2.671595874696208739e+01,2.550429692110878932e+01,2.556490279711823632e+01,2.567897506781395123e+01
2.332369896855931302e+01,2.463840064068955371e+01,2.466052899354059491e+01,2.404251173656234641e+01,2.310929491855370088e+01,2.456069615911320625e+01,2.460251226291586590e+01,2.580335993140954542e+01,2.477865067032820434e+01,2.432519299576892990e+01,2.400686831041986125e+01,2.516637604660758143e+01,2.432241813841102385e+01,2.562122451295226710e+01,2.413904986635481009e+01,2.494730276499547017e+01,2.363529010871923219e+01,2.498781303066522241e+01,2.552038145407863112e+01,2.596963107848637264e+01,2.651560406222534994e+01,2.716545225073019765e+01,2.655266194586494066e+01,2.799682970599150167e+01
2.494742733397538359e+01,2.407522963493698853e+01,2.419485887297770432e+01,2.456818035177053616e+01,2.378780788865492468e+01,2.374121238727741456e+01,2.428120689289079337e+01,2.436296494366774823e+01,2.491766425774244453e+01,2.373274455615654688e+01,2.440799778876538539e+01,2.412717795091754169e+01,2.468876754977554810e+01,2.554403387455568009e+01,2.521769078344669879e+01,2.492541595806420673e+01,2.543340990264158563e+01,2.475621698843087870e+01,2.645436070701759945e+01,2.547401731225471622e+01,2.631592446237505101e+01,2.602144931541994310e+01,2.783542192482042310e+01,2.907206364902964424e+01
2.447718242738534400e+01,2.450313473247194906e+01,2.450280075038773475e+01,2.407615522085615112e+01,2.459575121669399778e+01,2.474979725844292489e+01,2.396574445638384532e+01,2.445120612139476179e+01,2.451755829684356058e+01,2.479342777381685892e+01,2.516392183109951475e+01,2.471476156312803596e+01,2.405770258204609036e+01,2.541765115675525522e+01,2.477942885455604483e+01,2.539343612247353121e+01,2.460120012680016544e+01,2.490849124944242021e+01,2.639779476047186790e+01,2.554964864269635427e+01,2.685379455554596007e+01,2.786743645770940248e+01,2.824464101787617665e+01,3.104337177232463318e+01
2.366618432357307711e+01,2.384727489807301026e+01,2.465615959479947605e+01,2.459196479226852716e+01,2.489238212414517193e+01,2.481811515580659488e+01,2.405011336183815729e+01,2.408981942650683550e+01,2.426342705707986624e+01,2.398995604651327085e+01,2.466598481709235102e+01,2.397365534112401519e+01,2.604543191248427547e+01,2.537553354209649115e+01,2.527481198134006490e+01,2.439712900828612874e+01,2.454653633640282351e+01,2.438203036945549229e+01,2.546435265849754614e+01,2.639268251601686188e+01,2.827523517425436239e+01,2.883316002548093593e+01,3.018632682300381020e+01,3.085285514788887440e+01
2.390381939968278857e+01,2.548376966092638440e+01,2.401675089931211460e+01,2.525290441580040124e+01,2.406390351781266190e+01,2.441341123716375705e+01,2.431538709588551228e+01,2.541538330823277647e+01,2.464838424543887641e+01,2.550782700395751590e+01,2.544858725318766801e+01,2.569908855682609783e+01,2.532019006531447758e+01,2.537929063426508947e+01,2.480634423223386875e+01,2.635411757661802312e+01,2.786014319787159366e+01,3.007398357276986189e+01,2.977459384506272499e+01,3.024531540061889245e+01,3.034869553968803757e+01,3.060548959207244479e+01,3.126421852264138579e+01,3.147355379617226845e+01
2.557327054758934537e+01,2.370149051171523524e+01,2.522542716016147324e+01,2.365276387498903432e+01,2.423521647037995308e+01,2.376942755897442794e+01,2.551101630417252863e+01,2.482147570214561938e+01,2.493137387063723054e+01,2.384551317856664809e+01,2.654052183455559089e+01,2.572490650579339899e+01,2.713333759523163735e+01,2.611068216370358641e+01,2.658060651399125618e+01,2.739359782624194395e+01,3.024022939719390024e+01,3.049137709990066014e+01,3.092876552480254304e+01,3.081932509152505872e+01,3.071866728918814715e+01,3.002465819399884595e+01,3.167355084639439156e+01,3.121210382372368031e+01
2.386839701184271689e+01,2.415872028769865665e+01,2.426744244555771957e+01,2.381381302294278157e+01,2.394730129767378912e+01,2.370953155227402931e+01,2.496747520155872735e+01,2.450079787000396436e+01,2.703715208963961913e+01,2.713222014987621833e+01,2.863428915303495614e+01,2.855644114705103220e+01,2.758798180046898096e+01,2.859162101020956470e+01,2.915808620592503075e+01,3.075912992214551878e+01,3.001031525389527133e+01,2.951878244103716042e+01,2.995877673101108485e+01,3.097171950500973026e+01,2.869127406808007663e+01,2.896059076503291863e+01,2.640488656993909444e+01,2.764933796309497893e+01
2.468250320160626643e+01,2.482973657917887067e+01,2.488234715594865065e+01,2.482616529669815009e+01,2.587511243798240912e+01,2.579738385393665112e+01,2.501311464635540460e+01,2.473220153514995445e+01,2.821452726516076837e+01,2.809574408107283716e+01,2.943313048000186427e+01,2.868067868179508650e+01,2.946662723538690898e+01,2.929985963418710071e+01,2.963808021396840786e+01,2.889080877913414724e+01,2.961718051908047755e+01,2.866603094404587182e+01,2.878522624505671956e+01,2.839789550524835704e+01,2.765746690269224928e+01,2.702097942938127062e+01,2.683653792823605500e+01,2.710907449133958380e+01
2.297617095038049229e+01,2.746901292955675444e+01,2.496787038432921690e+01,2.466228913992995331e+01,2.443074611701911181e+01,2.558704700101162643e+01,2.460218939594432186e+01,2.675924098408745522e+01,2.698656453419908985e+01,2.877194785531469279e+01,2.754297011174645604e+01,2.784888612263074492e+01,2.617418715161920773e+01,2.708600786842765729e+01,2.775491123494941803e+01,2.615119445756062078e+01,2.728246551580218693e+01,2.799822168444273984e+01,2.636237452943760218e+01,2.728752210206818063e+01,2.793281383041471599e+01,2.640268580289574629e+01,2.628909009833864729e+01,2.760422377935981331e+01
2.518942250934662752e+01,2.509796063761973528e+01,2.469706452322765244e+01,2.446735643205749966e+01,2.659818355717266058e+01,2.555707195964703260e+01,2.752142509546621341e+01,2.405403318708903271e+01,2.724989300617249910e+01,2.671481566496800042e+01,2.795332959928697392e+01,2.819907125731890574e+01,2.785020395503693180e+01,2.669089516480011071e+01,2.777372639597143689e+01,2.682813198574638136e+01,2.734214654543734468e+01,2.723444061590055298e+01,2.765117460551175554e+01,2.702554094103516036e+01,2.699280993023279507e+01,2.593170139840862021e+01,2.775235286805803980e+01,2.666688728721231882e+01
