2.793043798721129178e+01,3.027725361018224248e+01,2.828592414948275291e+01,2.970470707537015187e+01,2.845229256971288123e+01,2.885179803171610047e+01,2.909012109222516074e+01,2.895406223942495672e+01,2.786911805014705124e+01,2.976209086273331650e+01,2.924634283123322120e+01,2.934652119643357082e+01,2.859765561539381906e+01,2.938999726795452716e+01,2.953078985255069711e+01,2.983300440424875433e+01,2.947425053135242479e+01,2.959179269574786986e+01,2.882958508280864862e+01,2.937888720521948471e+01,2.939005561117528487e+01,2.977927964209197853e+01,2.882759341701364519e+01,3.070514539691572509e+01
2.967443029145709943e+01,2.896037346154554371e+01,2.861990667009627032e+01,2.843467899576461377e+01,2.875809756492373026e+01,2.950665076359382510e+01,3.004602944431348988e+01,2.765261935443345465e+01,2.900435845974845961e+01,2.994317187453884799e+01,2.973907355186554469e+01,2.919499461551549757e+01,2.816655300734174716e+01,2.920788539897415603e+01,2.979239819617134799e+01,2.840062327050276281e+01,2.912045866840452391e+01,2.853683957485054634e+01,2.910760032229751459e+01,2.916600772860579127e+01,2.966181075059921568e+01,3.045948510217897365e+01,2.817428438637216459e+01,2.860037079332909116e+01
2.773236169513501181e+01,2.811224589816885100e+01,2.844858668851196626e+01,2.855055977022942670e+01,2.845768535105958108e+01,3.008582325755600095e+01,2.840700042799619496e+01,2.979995010322136295e+01,2.933253719689133732e+01,2.943184492953645304e+01,2.964903882330588658e+01,2.971731704640859562e+01,2.887874490910570557e+01,3.072974376079622516e+01,2.831752611833769606e+01,2.878600687957236914e+01,2.903318171850401086e+01,2.889281424768893203e+01,2.903020011027876990e+01,2.908759927915639310e+01,2.976530381241434497e+01,2.988403316956970457e+01,2.921579189077152705e+01,3.031030789277014037e+01
2.860593700021843233e+01,2.871176201168754005e+01,2.881756789255121021e+01,2.825778429164461159e+01,2.851320537315194770e+01,2.793465526258137288e+01,2.866346907777938213e+01,2.898455437597431228e+01,2.940896073172467595e+01,2.869592224887719567e+01,2.891136498954568879e+01,2.837176143433276820e+01,2.994803477606160413e+01,2.847324192448911617e+01,2.894220454579846091e+01,2.958766485686265924e+01,3.069814115576605218e+01,2.863593175590756346e+01,3.067312024938354398e+01,2.997557467168689982e+01,2.939578812080418402e+01,3.013517052231651405e+01,2.906094036182935270e+01,2.879970145427910211e+01
2.692970189397527747e+01,2.917943211189623298e+01,2.901714730275955390e+01,2.788753514594725402e+01,2.893562882094408906e+01,2.926032745727076190e+01,2.898264436914172393e+01,3.058019117314523783e+01,2.866715886396002588e+01,2.989016486130361727e+01,2.792410365254619364e+01,3.008755235811116791e+01,2.910751887006239258e+01,2.903467889398609714e+01,2.930704739525782543e+01,2.853218320365675709e+01,3.020528325481598131e+01,2.845704067378750324e+01,2.961752805887130080e+01,2.953885128093759249e+01,2.895158718359505201e+01,2.887555795775762135e+01,2.945821555409213488e+01,2.924063619153508853e+01
2.797213104491731883e+01,2.826879501263317707e+01,2.929772480611762830e+01,2.872600807515436827e+01,2.845674483368412666e+01,2.890449045541652140e+01,2.852281042266116629e+01,2.978379136744570133e+01,2.960301091648778993e+01,2.892994366936432016e+01,2.860630433300912046e+01,2.918625334561295404e+01,2.896383477679762564e+01,2.776375057428180071e+01,2.899384848730829844e+01,2.903490692726228417e+01,2.933410451960156706e+01,2.959791783995507330e+01,2.947763238907310779e+01,2.994308835528983082e+01,2.905728878841904361e+01,3.005651408265646296e+01,2.885263427188220930e+01,2.900601311970143570e+01
2.958193631929367484e+01,2.878923119673999054e+01,2.890923668285864778e+01,2.859267360497403843e+01,2.905204711663083117e+01,2.990600259009431738e+01,2.864458166803484573e+01,2.912649582537227388e+01,2.895008220484311323e+01,2.901528564865691351e+01,2.829742116320329615e+01,2.924791885680133419e+01,2.938815201656456111e+01,2.892269839960624722e+01,2.960340735974892823e+01,3.034637883236814559e+01,2.865320515369779741e+01,2.925075204686487496e+01,2.935908580735355144e+01,2.940139018837413687e+01,2.874346149438599696e+01,2.959684145703107561e+01,2.975185211646731887e+01,3.010769661199719849e+01
2.925080208189649511e+01,2.890786814034845520e+01,3.018773783892197571e+01,2.923262084209949307e+01,2.796270785554997929e+01,2.850745786158034889e+01,2.924806988370409044e+01,2.970310193943919330e+01,2.897632458567102276e+01,2.833981772358379203e+01,2.871998481670283354e+01,2.912125648205784501e+01,2.868970165759697011e+01,2.841375901848709873e+01,2.961056812080897771e+01,2.914096289102661785e+01,2.959842889376625408e+01,3.017317996308361217e+01,3.010107341218781585e+01,2.982458457623243930e+01,2.950899845503818142e+01,2.942894666890231292e+01,3.036165106987300533e+01,2.973640628798074204e+01
2.892455842435106206e+01,2.905831875489826643e+01,2.854701441051844313e+01,2.834315552739155919e+01,2.852845789129821696e+01,2.918740028146294208e+01,2.916371311456754256e+01,2.926305657852901732e+01,2.855073708055448378e+01,2.969156636722402709e+01,2.881319870435527264e+01,2.958365373721443348e+01,2.903573156575123448e+01,2.895606881728872395e+01,2.951290668301015785e+01,2.875340282460973640e+01,2.969552604595833145e+01,2.911355091943477191e+01,2.899405626169271954e+01,2.892695609562900927e+01,2.978776931068080103e+01,2.936493793772734762e+01,2.910538617211977908e+01,2.907452780751930277e+01
2.959417381825466009e+01,2.904990103178300842e+01,2.933037503945183744e+01,2.788868220700595657e+01,2.915626121682987559e+01,2.847552682169424543e+01,2.924581504834145562e+01,2.928494370907873190e+01,2.824635623612516611e+01,2.832621387626932119e+01,2.983917658777272663e+01,2.918835882506544976e+01,2.907646645152681231e+01,2.993072287798054276e+01,2.939596734756378282e+01,2.913043051934596406e+01,2.854804879752941815e+01,2.878918107124042081e+01,2.918342301151022866e+01,2.853479907886804767e+01,2.946856992336608982e+01,2.932976260708016980e+01,2.955563921900295554e+01,2.851745401247586642e+01
2.861117923805244345e+01,2.869722439889642374e+01,2.878202700611399223e+01,2.927351712833836928e+01,2.839135205029521103e+01,2.915594262333752340e+01,2.963290901611873096e+01,2.887231819776900466e+01,2.913352828064444111e+01,2.886593059495504576e+01,2.903778124942516570e+01,2.975076127364462764e+01,2.906145003131223348e+01,2.944040937007360981e+01,2.958557341442286770e+01,2.897464224660109267e+01,2.954960147062070064e+01,2.908359515663522643e+01,2.937363083453328727e+01,2.805566979760800450e+01,2.963674825136547497e+01,2.969173364843203444e+01,3.011343656360696741e+01,2.988696254595697610e+01
2.846642798695154397e+01,2.895502282041513809e+01,2.880282387712622949e+01,2.857332025133553088e+01,2.915415562237768654e+01,2.905997460578873870e+01,2.889312222180262779e+01,2.862467908343757017e+01,2.983781066218568867e+01,2.822754565387742787e+01,2.921747809998294088e+01,2.880027815331123975e+01,2.860114211855329813e+01,2.933849011135708906e+01,2.910303859228076817e+01,2.915134146741820587e+01,2.927085918976530365e+01,2.914733419467478370e+01,2.987750823368156716e+01,2.944700924202703618e+01,2.936687961956255322e+01,2.945763888357231508e+01,2.924476918092125288e+01,2.921692641071678054e+01
2.878965277644124399e+01,2.872516824312674544e+01,2.855710796863348833e+01,2.848696303604685909e+01,2.902002510806244118e+01,2.897917815351303261e+01,2.882535785873278655e+01,2.911350614051156072e+01,2.887708392744934827e+01,2.913629424219254815e+01,2.824445567844020388e+01,2.883629047173241133e+01,2.855333660263318052e+01,2.861387684738389225e+01,2.852363412073628979e+01,2.941024479748028853e+01,2.899181467599157713e+01,2.971287669588753033e+01,3.008238302534408604e+01,2.885049508553191799e+01,2.918194390048620335e+01,2.961478326200784750e+01,2.930413357969035815e+01,2.928219947751347263e+01
2.840740894397225702e+01,2.941653227471260834e+01,2.754839205128769208e+01,2.921540207923828802e+01,2.961054693118092018e+01,2.911412263769614128e+01,2.898289927217092554e+01,2.922810253564091454e+01,2.892874403586301923e+01,2.961807383719440168e+01,2.842860031777928498e+01,2.898362693487428032e+01,2.871609119299625945e+01,2.814938371859079780e+01,2.916270955481616056e+01,2.939524317068139680e+01,2.915322104385148805e+01,2.869067943264866472e+01,2.849100008269874706e+01,2.935440344694433179e+01,2.922545861256094213e+01,2.959980216573524103e+01,2.950797217068367218e+01,2.905393992131530467e+01
2.893084830157209808e+01,2.938670495836510099e+01,2.871049745149537102e+01,2.880164187382445107e+01,2.889893117299129699e+01,2.913625205499420190e+01,2.963576659508009925e+01,2.971389660655779608e+01,2.938339023752098456e+01,2.847021205604306715e+01,2.831467004915322150e+01,2.835517449189808303e+01,2.896752765618185776e+01,2.917798273156057576e+01,2.898095840587637895e+01,2.820562075491523046e+01,2.976276351236413120e+01,2.918928184239769053e+01,2.873155754161621189e+01,2.894396934332178262e+01,2.937212725635890820e+01,2.995370750790408465e+01,2.839515345343636454e+01,2.851764670706262450e+01
2.837787615919836526e+01,2.845693731343385480e+01,2.822486920566626623e+01,2.882856058650696696e+01,2.874492865241944628e+01,2.931283801480611828e+01,2.850477222067416960e+01,2.876077043256839261e+01,2.895141729769585481e+01,2.784850125464487292e+01,2.913738861428913651e+01,2.921547988117526984e+01,2.935616854241436613e+01,2.858839121762474633e+01,2.936988728253112413e+01,2.944710630908764415e+01,2.913026626737160996e+01,2.872662856043353941e+01,2.963124592313801031e+01,2.818100374378138895e+01,2.922375148113445675e+01,2.948432956227605928e+01,3.034511743827295049e+01,3.030874258305067315e+01
2.864803610233906284e+01,2.932879092880256167e+01,2.858913535957196927e+01,2.815444697192447165e+01,2.897353805859273734e+01,2.801223280992479658e+01,2.838197578240777830e+01,2.844035374103884806e+01,2.958277674035161908e+01,2.868884560262529249e+01,2.862270788515996855e+01,2.903780169629851571e+01,2.805275225632180991e+01,2.832160031304357517e+01,2.839615148325088967e+01,2.863594504535944907e+01,2.713832909950230032e+01,2.872166649938208138e+01,2.895069674604866350e+01,2.920775173881935416e+01,2.958890687019294319e+01,2.914748188172296750e+01,2.933120606162020749e+01,2.965269106134093136e+01
2.812200591718146825e+01,2.967036142949126543e+01,2.840495051996822440e+01,2.825826367505220560e+01,2.826231877662098668e+01,2.829756497765481527e+01,2.873693879625307090e+01,2.817790704882065711e+01,2.900850556755119669e+01,2.840305371020343728e+01,2.899555847543996379e+01,2.888797791562211614e+01,2.824572266837873258e+01,2.862809834813657517e+01,2.859431108613421202e+01,2.830223454060114818e+01,2.837558519289660808e+01,2.937067396578004264e+01,2.912579650892308791e+01,2.968203807241371806e+01,2.925668319004398654e+01,2.928354104086787402e+01,2.897422255255366963e+01,2.907856804180795507e+01
2.836112253988096654e+01,2.958131231759790580e+01,2.944706982522058070e+01,2.895249891844872536e+01,2.852632028306749135e+01,2.913625205499420190e+01,2.916348571664713063e+01,2.938821623613637257e+01,2.887465016632864945e+01,2.793002589723693063e+01,2.788224005925496840e+01,2.894645816184123532e+01,2.932605644946943357e+01,2.839731753483221155e+01,2.752223308471911878e+01,2.823117185928714434e+01,2.892260963050921418e+01,2.912285040055525087e+01,2.978360546675412479e+01,2.946213518827744338e+01,2.917213581692004709e+01,2.994951418003643084e+01,2.895353907160318840e+01,2.994516909663633442e+01
2.834763805547100901e+01,2.789303273663409755e+01,2.843870362164818744e+01,2.886245931245616703e+01,2.903533507802904978e+01,2.946758689657343666e+01,2.968367928986862125e+01,2.908471320146418293e+01,2.860157520923831953e+01,2.831360389695572621e+01,2.919287357464725119e+01,2.876552193613849795e+01,2.895897401118236303e+01,2.833560788620366111e+01,2.851176469854686957e+01,2.891421019013120031e+01,2.993986623273644909e+01,2.951459248921264589e+01,2.924784017275567294e+01,2.932884457788605914e+01,3.057719194879803126e+01,3.015343622084475328e+01,3.050914809328520505e+01,2.939991530612661563e+01
2.816782512588548570e+01,2.926127565067292835e+01,2.858681464652448767e+01,2.904873220244763843e+01,2.817072413585873392e+01,2.880035217241544387e+01,2.808469937349292422e+01,2.903460671764025847e+01,2.907509589602898359e+01,2.817732177710138330e+01,2.859634732293676507e+01,2.816978669337430574e+01,2.897129141804765595e+01,2.873503440973792067e+01,2.914323310006238898e+01,2.938129494877284742e+01,2.862053923030464375e+01,3.019744892819403503e+01,2.860836171282386431e+01,3.001927799576515099e+01,3.208267438619043332e+01,3.164873806579106486e+01,3.174791975009787848e+01,3.168526034740142450e+01
2.837475864998179986e+01,2.824642133422941015e+01,2.785840802170264396e+01,2.755586091197511678e+01,2.837676543336442592e+01,2.862305238742487745e+01,2.834515874596144158e+01,2.837883864976902260e+01,2.956760711520644236e+01,2.807325890350347208e+01,2.894386006403664169e+01,2.867220500824987539e+01,2.829184717167129293e+01,2.931960259804600355e+01,2.914501059459189491e+01,2.982346671021639395e+01,2.817585520166983315e+01,2.886603749068950719e+01,2.977125332929097112e+01,3.260601681416761721e+01,3.243677785394453394e+01,3.280173446950652760e+01,3.245659874093962571e+01,3.223268454868207300e+01
2.839136091301890019e+01,2.932698727853596665e+01,2.842311342652834583e+01,2.795705458101178920e+01,2.897006127659926733e+01,2.938453117077102661e+01,2.920815523628488108e+01,2.873269753789452352e+01,2.875480832813485677e+01,2.914954901077851446e+01,2.846500318019309361e+01,2.954181237289333239e+01,2.886744144416644531e+01,2.925286480612635387e+01,2.785164016319117763e+01,2.844612563760000512e+01,2.812486794361325337e+01,2.872613411470268829e+01,3.102563043338960824e+01,3.281178949291154368e+01,3.257532702327227980e+01,3.353470994237608238e+01,3.313824092018319334e+01,3.310172451177402309e+01
2.839541514955811863e+01,2.808490887314201245e+01,2.899052676162904163e+01,2.756096553210926459e+01,2.838773095071400121e+01,2.847881802636260318e+01,3.031744649124186708e+01,2.805501385420268434e+01,2.849420396567910529e+01,2.870694013481192997e+01,2.850468283279940351e+01,2.838293444574605928e+01,2.950721609302786419e+01,2.908927989488262256e+01,2.991036285910712422e+01,2.877247073707968639e+01,2.986754121209963841e+01,2.921726511312226648e+01,3.259447991459342120e+01,3.232762909195747625e+01,3.330519577238089823e+01,3.339557835874148850e+01,3.318319958978275963e+01,3.420168303459553272e+01
2.938219627752073393e+01,2.869234537569724353e+01,2.915542123271910668e+01,2.865662046490581361e+01,2.858681464652448767e+01,2.832303287300226202e+01,2.847490358801991306e+01,2.853706126819241717e+01,2.960735198653554789e+01,2.878503706678867502e+01,2.877902263882072020e+01,2.900740877890353886e+01,2.884736362621316630e+01,2.944733188748875818e+01,2.868538809642069509e+01,2.908419314850283399e+01,2.886338778730890908e+01,2.879309806380859982e+01,3.207538802106910225e+01,3.023439095644863528e+01,3.209093222457528327e+01,3.220187240017872909e+01,3.298937795122458283e+01,3.369076010260471321e+01
2.936460465087742477e+01,2.899737745675673750e+01,2.857213797896264396e+01,2.921859814070683115e+01,2.856570120219282671e+01,2.900882730436444490e+01,2.889677746896711596e+01,2.909205681217639494e+01,2.852535767678409684e+01,2.841447773303400481e+01,2.916775770809715596e+01,2.970646513237119279e+01,2.894552835394841850e+01,2.969210015196387076e+01,2.885466368171620388e+01,2.887268496622664316e+01,2.833131136008836393e+01,2.800546050562974187e+01,3.158687238125747854e+01,3.073782644394725594e+01,3.140804822497420901e+01,3.161243217567749753e+01,3.282093017848978889e+01,3.366178043539719056e+01
2.852895517121277180e+01,2.928522070574024383e+01,2.937877804069557897e+01,3.046004913197140240e+01,2.913571091821967229e+01,2.862058971106051786e+01,2.827282888006698158e+01,2.984084495444795948e+01,2.889989120105894926e+01,2.913682060749408720e+01,2.954657538926574034e+01,2.850429018537977299e+01,2.921086790561776070e+01,2.889261935927930836e+01,2.925206688593237914e+01,2.840912789012321582e+01,2.902079381524094970e+01,2.905004853026747469e+01,3.132312711743981026e+01,3.067450345109818954e+01,3.060480548431559100e+01,3.027998579161430825e+01,3.171465319450976494e+01,3.211023013463784537e+01
2.980804901732176404e+01,2.902995853921612479e+01,2.893320393544161107e+01,2.985766261432678448e+01,2.896137735920666501e+01,2.863621103175154303e+01,2.944969277711913946e+01,2.949655613058297376e+01,2.878096496918158209e+01,2.863756958667573826e+01,2.937707298661996447e+01,2.874452084211719693e+01,2.975646887234847782e+01,2.857006988050574137e+01,2.921664285666798833e+01,2.947274982961369005e+01,2.938962001156897941e+01,2.892052402825686386e+01,3.191582463985758977e+01,3.200016895895458902e+01,3.115976403898673652e+01,3.009072626288406127e+01,3.312244396355373510e+01,3.367178496010239996e+01
3.019398401820080835e+01,2.985548229381561214e+01,2.902663020290401619e+01,2.978983807793872529e+01,2.902153616788490353e+01,2.890572665378590500e+01,2.930773457216406541e+01,2.938302770309508105e+01,2.904141658035234741e+01,2.834761401592800212e+01,3.001154045097331391e+01,2.954852528550077295e+01,2.914962360631807314e+01,2.902308841767904823e+01,2.979555486771914730e+01,2.855436220942874570e+01,2.933520286335237870e+01,2.920616032983224386e+01,3.303605114807862719e+01,3.253945513267609613e+01,3.211939860534653235e+01,3.180169725988639584e+01,3.231036934749607781e+01,3.186261527887808143e+01
2.959102935670875922e+01,2.799224714295183958e+01,2.924695796692867589e+01,2.889645930162720333e+01,2.936944199507189524e+01,2.945160177962054604e+01,2.913255740806658878e+01,2.940392076881408912e+01,2.981135045148249674e+01,2.911777064124225944e+01,2.892342010559758592e+01,2.893918139033019088e+01,2.915263769953600104e+01,2.936793552066524171e+01,2.799008123525629799e+01,2.857997367492549756e+01,2.891232354206118771e+01,2.949934611657880623e+01,3.156128622310757237e+01,3.158047274319733333e+01,3.234833121675643497e+01,3.197654685102406802e+01,3.258057994932568135e+01,3.326549798603235786e+01
2.843198267462281592e+01,2.881061693500373622e+01,2.967514042852263856e+01,2.998709705527352298e+01,2.935596316834289610e+01,2.903805731003137680e+01,2.906266632927059845e+01,2.960209338710853899e+01,2.938179341608105233e+01,2.924654947154141382e+01,2.822709706202522284e+01,2.851971842528098477e+01,2.829060599256104069e+01,2.976346480268523464e+01,2.967092126540927666e+01,2.952087196369529920e+01,3.005941538503469701e+01,2.991744004665929424e+01,3.251976355342173974e+01,3.114243169365704489e+01,3.191902897348091983e+01,3.284357093183757570e+01,3.279239739233906903e+01,3.318017782656829695e+01
2.983322949961853965e+01,3.065614477786920133e+01,3.043628915511146715e+01,2.889210022485070795e+01,3.012323066037106400e+01,2.837465850751038943e+01,2.999372192488021938e+01,2.960944215441134020e+01,2.964439856098454129e+01,2.952528593376041499e+01,2.967941476025896463e+01,2.991819152259563452e+01,2.933550406554269330e+01,2.961867725747117674e+01,2.908060832140802177e+01,2.958882416454702025e+01,2.928078601727224850e+01,3.061788058379755739e+01,3.325761481028285971e+01,3.204061897098216605e+01,3.173247764304261409e+01,3.227209019230019749e+01,3.315724657279690746e+01,3.349461659045221040e+01
