2.366068320552506066e+01,2.458695825904777621e+01,2.485551559797505661e+01,2.357996166168715035e+01,2.392468112494162824e+01,2.418923766341242754e+01,2.478660704606920717e+01,2.541786278222753026e+01,2.551088007529256174e+01,2.430880638870451094e+01,2.444164483872987148e+01,2.392701847060880027e+01,2.471262024220550302e+01,2.332013860161134744e+01,2.432227866985476794e+01,2.466581993775298542e+01,2.533295646047906757e+01,2.434849289543075201e+01,2.485718411156875618e+01,2.403349725019540983e+01,2.650696808237393043e+01,2.523580186180743112e+01,2.604254001213780612e+01,2.496922666503047594e+01
2.335598818841367574e+01,2.547526292353683175e+01,2.426995256490556585e+01,2.514627934880934390e+01,2.458587830775138627e+01,2.516546800941478068e+01,2.333849661102470918e+01,2.484023877053539309e+01,2.325133671838011651e+01,2.430147494283124843e+01,2.315485879296994653e+01,2.393982572336659587e+01,2.358912105374798784e+01,2.424662404282469197e+01,2.281524588434729139e+01,2.509602370739730759e+01,2.355796192725773608e+01,2.538835504373435015e+01,2.528807371673917714e+01,2.533155388406021302e+01,2.429809463798198976e+01,2.626422755204862369e+01,2.498961708116934233e+01,2.491544422343196175e+01
2.534489513169887687e+01,2.297175933632303213e+01,2.521036874214547652e+01,2.393377127880989974e+01,2.494574774868846134e+01,2.557693796240755546e+01,2.348536580251601436e+01,2.524254511143584523e+01,2.456717008829031101e+01,2.407572793253240206e+01,2.397595289671727414e+01,2.368578066898754741e+01,2.363821158181031024e+01,2.355007072000660173e+01,2.392018664669870986e+01,2.402334389440648010e+01,2.390537413275279732e+01,2.291910702105985820e+01,2.408231483441699083e+01,2.327287273936519796e+01,2.485870576946030042e+01,2.359223603273386516e+01,2.522068506945942090e+01,2.398707035279238653e+01
2.400211518521058451e+01,2.447141722008291254e+01,2.401517410309736533e+01,2.469413038031279939e+01,2.459295359548161741e+01,2.472380861848949962e+01,2.424491747333138392e+01,2.548753798122396574e+01,2.434771743973828961e+01,2.530533148900019569e+01,2.455013885136702356e+01,2.462124174920887754e+01,2.470764577406833951e+01,2.440607009247349879e+01,2.358260217441596751e+01,2.488267889380426823e+01,2.394427919108744618e+01,2.363859096407787774e+01,2.416744961970266559e+01,2.531345518077671386e+01,2.416505655993216806e+01,2.466808005219775168e+01,2.448511832433950985e+01,2.601671027358804622e+01
2.542124687155313723e+01,2.473378288039378958e+01,2.563752792141207237e+01,2.542710251340821515e+01,2.590058071877581369e+01,2.545960567431984600e+01,2.552250838788052079e+01,2.430036085379242650e+01,2.548469887696103342e+01,2.410827558009515315e+01,2.530000196630140863e+01,2.389997031126222282e+01,2.539524222045173474e+01,2.382304895499771646e+01,2.413144513176632699e+01,2.295666645447391829e+01,2.554024159565852869e+01,2.314110639414400339e+01,2.423090803132760129e+01,2.553210550628892861e+01,2.478751101660708400e+01,2.366275008978260530e+01,2.516117502895025382e+01,2.406818175708633589e+01
2.368196953684469008e+01,2.613296878275616564e+01,2.420474161952927261e+01,2.628882951427510761e+01,2.445474306161759159e+01,2.475573535910564260e+01,2.419258920036304517e+01,2.575413411610492176e+01,2.566295700931726742e+01,2.518119289676053540e+01,2.457910482771774241e+01,2.482058897746492221e+01,2.342091632653261968e+01,2.539997790940913092e+01,2.420385762412826125e+01,2.538084815890562140e+01,2.315702609626367803e+01,2.476345596208039979e+01,2.397808407982694234e+01,2.542171579583151697e+01,2.403178226083122127e+01,2.522511389953950811e+01,2.369160413095983131e+01,2.489580608595940703e+01
2.520716758585382422e+01,2.538809325490370838e+01,2.563300152329128423e+01,2.496923733957908098e+01,2.612303822638506290e+01,2.486929837363305751e+01,2.526009192485679478e+01,2.523918873122465811e+01,2.621742433019136342e+01,2.520291942865532064e+01,2.578526297653439769e+01,2.550361224364093005e+01,2.433947081380779309e+01,2.573838375255616029e+01,2.571011345002818871e+01,2.521686674608787371e+01,2.538860339684555356e+01,2.565045554736246913e+01,2.552055108040093501e+01,2.460922652754209139e+01,2.537062823723749716e+01,2.585876278446733068e+01,2.541354548107545952e+01,2.474133070096758047e+01
2.566300195021898389e+01,2.537812439870884873e+01,2.571818940059165470e+01,2.542908973883328372e+01,2.588908355949371298e+01,2.607078023796009347e+01,2.591613258612903792e+01,2.584344627990304843e+01,2.517628549774877911e+01,2.619638162385138003e+01,2.516701054574951968e+01,2.594991084175393325e+01,2.586650467005307519e+01,2.557987341039955709e+01,2.444236131647920729e+01,2.524753186988994003e+01,2.567997173784249298e+01,2.480392770254189827e+01,2.669359786341482277e+01,2.563384555568705991e+01,2.619174128870236018e+01,2.493487726785218683e+01,2.550191620732891806e+01,2.502901651255712068e+01
2.545038273494736814e+01,2.629087158113736677e+01,2.685430849862865443e+01,2.571924660193070622e+01,2.575803159014765242e+01,2.591468913385534734e+01,2.628756073579580743e+01,2.532887076106834456e+01,2.627303062605062678e+01,2.604883877501282541e+01,2.589463418211101953e+01,2.619267946057925656e+01,2.598252323431660216e+01,2.539918695902781565e+01,2.661325961022646425e+01,2.602579050948281747e+01,2.542023516539194361e+01,2.570399545810789732e+01,2.640364654801163624e+01,2.528382619876305171e+01,2.641236614360678914e+01,2.597610680848015363e+01,2.650141905770112771e+01,2.530849210920860060e+01
2.509780459692791510e+01,2.524931878353606862e+01,2.469868179948741727e+01,2.582620787280171726e+01,2.439459593217469546e+01,2.541097047223723848e+01,2.462998171177247286e+01,2.579263598445930938e+01,2.599571316251393682e+01,2.572873784947807962e+01,2.555632831926999415e+01,2.594532681173376432e+01,2.590418136427729223e+01,2.661594530249175250e+01,2.535750333365723463e+01,2.644958888447058598e+01,2.601831942990213520e+01,2.539709196488820453e+01,2.572382115839769767e+01,2.628846241553088703e+01,2.538415025716062701e+01,2.649499571056446712e+01,2.549756937321382111e+01,2.574324290332253895e+01
2.459435642048839554e+01,2.456600931277483824e+01,2.613759061682753781e+01,2.496287310465942255e+01,2.564484339335655250e+01,2.536423280470449981e+01,2.514635579455580228e+01,2.458885135397770227e+01,2.552511433087238402e+01,2.457403032087017891e+01,2.581742029657374360e+01,2.589307528978685013e+01,2.654744624206182380e+01,2.627682760263246564e+01,2.523001578373941811e+01,2.564612588206381361e+01,2.564103994818060528e+01,2.464337472784160354e+01,2.613485672143531247e+01,2.531454400521124626e+01,2.611513563342089128e+01,2.582164505081556172e+01,2.611531356316561414e+01,2.587477124093942393e+01
2.448644834622353983e+01,2.507228288608183675e+01,2.502797919506463131e+01,2.503470390382665300e+01,2.572566134727759390e+01,2.675151889084901313e+01,2.627549361760713964e+01,2.583176632659501593e+01,2.592379345376360789e+01,2.532653133900930698e+01,2.604036823169928994e+01,2.595980889462572350e+01,2.493725396277807249e+01,2.553593243722167472e+01,2.473387360375687649e+01,2.649388445121320501e+01,2.677999007898858963e+01,2.579048378656005980e+01,2.541423400642298702e+01,2.670470138680093442e+01,2.609986215833919232e+01,2.581906077181326964e+01,2.526902000414855820e+01,2.578553921902403090e+01
2.575416120618814375e+01,2.400861950232592790e+01,2.600896629358732071e+01,2.561207104046070526e+01,2.547052731022472472e+01,2.584308425319807156e+01,2.593511904245303867e+01,2.557994564532765480e+01,2.566900472966847246e+01,2.630899499306292455e+01,2.606885000895880466e+01,2.552048299079376648e+01,2.612097701369754077e+01,2.506373151492448415e+01,2.607051406152726258e+01,2.450952086994044521e+01,2.517521152669212370e+01,2.578019079358796262e+01,2.589410639812791715e+01,2.566140902027854054e+01,2.642995062571014842e+01,2.545383855277083285e+01,2.595998349484233358e+01,2.485533809188603982e+01
2.494255674889370766e+01,2.446218751778928890e+01,2.594516898924467796e+01,2.527159000752652673e+01,2.629124324324908457e+01,2.562290997687739491e+01,2.519053018202697558e+01,2.547462002330570385e+01,2.491783578532863430e+01,2.532135012866274337e+01,2.491369031598071615e+01,2.599406795254589042e+01,2.531496642941169739e+01,2.523064106386124195e+01,2.440209180159007474e+01,2.549024951824446816e+01,2.517137735497874473e+01,2.570001987266442711e+01,2.566418842915862797e+01,2.653982233018695069e+01,2.615038445211166618e+01,2.511418850909649336e+01,2.563880270167186382e+01,2.424035003063551130e+01
2.466176471890815947e+01,2.443559931857765832e+01,2.522815502224653983e+01,2.500558149519650897e+01,2.536512099387789476e+01,2.477087115675169571e+01,2.534195397725420662e+01,2.581785040092586314e+01,2.588074893899425888e+01,2.565156925567208646e+01,2.516474473332095840e+01,2.556346292257268260e+01,2.550075720583362227e+01,2.507732152853805019e+01,2.484952378702774922e+01,2.541124608463826462e+01,2.627788218042667268e+01,2.484969376763535820e+01,2.636987744562048874e+01,2.556711544422211091e+01,2.608375657507940559e+01,2.563161243866744599e+01,2.480788578699832669e+01,2.438307518616829839e+01
2.550224417243163089e+01,2.522933393618757236e+01,2.530841954944554573e+01,2.632088497398598292e+01,2.524263680325742598e+01,2.585412405691283766e+01,2.561560690179084077e+01,2.606516170326284509e+01,2.579399526428943545e+01,2.484454992073352741e+01,2.486641264393449546e+01,2.612407926419643900e+01,2.462256083073953050e+01,2.515976674885291686e+01,2.482053726808499050e+01,2.539822724906480289e+01,2.432782903202200941e+01,2.542850647297660771e+01,2.547065873671215286e+01,2.498527174089025493e+01,2.580796147010539698e+01,2.571215776527992602e+01,2.481412970608960222e+01,2.549893439858357169e+01
2.484950168068826315e+01,2.409564781878191297e+01,2.586274269931635672e+01,2.583318743812986895e+01,2.587843424788343327e+01,2.510645696121093806e+01,2.550955707815285223e+01,2.509011878429873832e+01,2.543489130696389111e+01,2.454903731281831369e+01,2.581538253890647638e+01,2.527472545619673383e+01,2.527520285650439291e+01,2.493066956844427295e+01,2.547251965183880884e+01,2.474887923259109357e+01,2.546147199451860388e+01,2.420257099396388867e+01,2.578619445591436943e+01,2.521470007673360669e+01,2.636672315738979933e+01,2.452081558250796434e+01,2.603116375127603987e+01,2.512932052093776747e+01
2.511193067948079261e+01,2.579657762133655297e+01,2.566722683045611575e+01,2.590568729911899482e+01,2.530012398801727613e+01,2.552940261756913287e+01,2.471399363378264979e+01,2.534685303335709250e+01,2.505017535635329295e+01,2.594781057539131552e+01,2.556079367912400357e+01,2.528397025258351505e+01,2.467123529446990915e+01,2.490207756624442936e+01,2.469228278311265967e+01,2.537786196056578092e+01,2.524505538134866356e+01,2.491127415744637119e+01,2.496046071739516492e+01,2.467479374908583623e+01,2.516004312115575203e+01,2.603850783058049956e+01,2.493839016576885115e+01,2.539017837156620772e+01
2.548149580180199791e+01,2.484628563580008631e+01,2.443555396380196498e+01,2.399703042867815839e+01,2.571116716882625042e+01,2.495038813720179860e+01,2.468203188442015517e+01,2.427444818680839944e+01,2.479662251333803624e+01,2.558690412349795906e+01,2.516976322843964908e+01,2.510335409955092700e+01,2.590109280544555759e+01,2.529924628101059625e+01,2.486723338572789999e+01,2.411152957819467701e+01,2.453305417197685756e+01,2.440432196035533252e+01,2.489392195392946405e+01,2.491464535052847395e+01,2.428335881259800999e+01,2.527067748588797258e+01,2.538162895500420291e+01,2.606096670865042597e+01
2.463710830933365514e+01,2.442150212690341959e+01,2.456618784020969315e+01,2.542384972317279335e+01,2.510675827860148956e+01,2.504026188150533017e+01,2.489687475589846599e+01,2.552082553555328559e+01,2.541219596962810101e+01,2.495462468993235916e+01,2.494537121315886452e+01,2.503171739070637614e+01,2.460862358591464272e+01,2.447784262052317672e+01,2.520822488265230277e+01,2.494115343579926503e+01,2.542467270943484436e+01,2.548299245473299379e+01,2.464461637377621628e+01,2.541228215639904420e+01,2.455440020713945160e+01,2.620728065283566366e+01,2.511585094532472340e+01,2.617762797206160030e+01
2.546419522625421905e+01,2.448442295686248826e+01,2.490870144094907346e+01,2.450656547899109228e+01,2.514723563216745106e+01,2.512102544533377113e+01,2.476364574817762332e+01,2.524897414942370233e+01,2.521335452870857807e+01,2.501221822458444421e+01,2.540195073520874303e+01,2.431602775664214278e+01,2.500044849267652580e+01,2.478851102127720196e+01,2.535363931544969773e+01,2.461142072693121463e+01,2.492053974917206460e+01,2.418327392216320959e+01,2.541766020518514324e+01,2.466549394543363860e+01,2.694944181787923299e+01,2.510046177428006331e+01,2.626036711204972107e+01,2.546369402448510755e+01
2.302358019230570108e+01,2.458920670000981090e+01,2.376459309868118908e+01,2.444918915966786699e+01,2.445361415369950464e+01,2.473357847684150101e+01,2.453066573537824979e+01,2.528619626992434632e+01,2.478063064493153433e+01,2.568970979317026604e+01,2.527576008331010371e+01,2.483301618608379613e+01,2.492527479753601938e+01,2.531191174425947565e+01,2.548210250121525178e+01,2.465068897693709005e+01,2.500686331497598758e+01,2.452434036980690735e+01,2.554280636328320497e+01,2.572626216891342210e+01,2.575767983056226740e+01,2.631332688082648019e+01,2.660475185226670192e+01,2.671575436149555571e+01
2.497053726831973108e+01,2.459390887117024249e+01,2.400934164418782757e+01,2.418350356890874764e+01,2.418766445996402581e+01,2.449722852155269948e+01,2.508526144887923692e+01,2.445751921819396557e+01,2.542306306622782586e+01,2.425460455550461347e+01,2.517420224578387433e+01,2.473981359400784186e+01,2.371405269517953229e+01,2.450309522720664290e+01,2.441059110989056080e+01,2.381843123003790197e+01,2.427723517506092321e+01,2.509235432510973851e+01,2.526485391661162794e+01,2.535944630816987910e+01,2.752264202523650738e+01,2.619134264466475770e+01,2.814964061241789750e+01,2.756402404624526525e+01
2.469721891809581393e+01,2.424139216913448536e+01,2.474970139836267435e+01,2.451028003093028929e+01,2.526327115879433904e+01,2.500153079551694191e+01,2.421583427411758294e+01,2.502459330639413793e+01,2.520139134467433450e+01,2.543079124069669206e+01,2.504696906514669763e+01,2.493359395335176032e+01,2.533479911611726720e+01,2.475681214816307829e+01,2.479129579401870842e+01,2.484507758717518300e+01,2.428598558359050230e+01,2.503790214949600568e+01,2.584647053068027844e+01,2.557645917529515600e+01,2.679815338181981588e+01,2.613375522866942902e+01,2.925744799387416606e+01,2.863232387545156143e+01
2.507809285216671924e+01,2.508802867078787813e+01,2.546021600371068416e+01,2.442237717574948874e+01,2.414932307701599257e+01,2.449611958319485439e+01,2.539436739292904122e+01,2.363667972238374659e+01,2.571886387588068601e+01,2.490291540783397295e+01,2.508723048075580664e+01,2.446100453031556299e+01,2.522041078655848878e+01,2.533882638027233725e+01,2.487676963570396538e+01,2.443485385310907532e+01,2.575992273243531372e+01,2.553489912870674061e+01,2.721634917833756617e+01,2.656206627199418335e+01,2.858911009905477840e+01,2.706822593012674361e+01,2.875370523559354297e+01,2.794724160869481011e+01
2.540175125892449159e+01,2.402635285252711128e+01,2.481623474740058555e+01,2.554495265219156863e+01,2.541233980071945098e+01,2.398845181307768826e+01,2.547818161576509510e+01,2.513540643787251838e+01,2.475430987104647329e+01,2.502306222886153364e+01,2.423156801603266786e+01,2.498311993224302796e+01,2.489194944831035627e+01,2.457778670419105538e+01,2.466406187350236223e+01,2.468033924349839481e+01,2.537106794218681216e+01,2.715649326178726142e+01,2.667016692219613105e+01,2.740470131417652055e+01,2.784155156018152866e+01,2.876398478749098331e+01,2.729909824049968847e+01,2.739992333037560002e+01
2.526494854679282298e+01,2.365439649495544927e+01,2.462515820906901354e+01,2.458069690450895450e+01,2.502987343007885102e+01,2.375958306632435324e+01,2.346344948852919288e+01,2.340742839011358001e+01,2.516502499239646795e+01,2.487537316166589108e+01,2.463162223848945587e+01,2.470534192369484572e+01,2.413414992072983978e+01,2.420181756646621807e+01,2.621174585293573500e+01,2.628673399088222595e+01,2.778898256585972604e+01,2.654504248854311754e+01,2.744958995686414482e+01,2.868649964712136580e+01,2.798586913254240471e+01,2.824018756252172579e+01,2.806168273553549852e+01,2.846025791371920377e+01
2.437489671898282495e+01,2.553626181743442203e+01,2.541363862906575832e+01,2.491129930045815399e+01,2.439868779887314076e+01,2.533880807455142303e+01,2.486503175797110998e+01,2.515333887186244510e+01,2.506591481448589320e+01,2.531455321738712883e+01,2.439856160960516718e+01,2.490642526377416743e+01,2.501443727242650539e+01,2.604064953415257833e+01,2.595782275327547950e+01,2.676894591370609078e+01,2.797982809486899214e+01,2.767531273296259542e+01,2.936715459519047045e+01,2.810885926859003803e+01,2.853208365891259746e+01,2.840145911198607109e+01,2.858558602414467487e+01,2.788205456854694830e+01
2.484452054659163878e+01,2.462667617855771596e+01,2.537306772531536581e+01,2.445757198458716175e+01,2.559603040628263670e+01,2.408662743720316257e+01,2.635810966354665652e+01,2.424725741702548021e+01,2.481089915662607837e+01,2.551859515802874512e+01,2.609947135788053174e+01,2.546352184472192448e+01,2.695622807413332112e+01,2.815535883045447463e+01,2.852388693879572656e+01,2.824200168720676629e+01,2.901227203152086531e+01,2.776892501266871705e+01,2.989551536244363206e+01,2.802840586738005868e+01,2.843614676370322059e+01,2.667675471098590378e+01,2.785240643507012237e+01,2.633368755426789676e+01
2.541964813480950625e+01,2.505711247615602133e+01,2.532449343222020843e+01,2.502357763395389156e+01,2.540705458887128998e+01,2.446441817262046925e+01,2.496951142418254221e+01,2.508914670353004794e+01,2.522120233386874588e+01,2.473269308996168547e+01,2.512485957439895401e+01,2.670300527793409628e+01,2.921729069859048877e+01,2.979002583951393035e+01,2.901121302401162438e+01,2.787828466621135703e+01,2.763808691353079894e+01,2.725316862371653315e+01,2.754804598793805326e+01,2.794728394074479638e+01,2.720142655533311427e+01,2.801211553270678678e+01,2.723349217768753761e+01,2.728749299647239468e+01
2.490847690415051829e+01,2.486770560648540140e+01,2.496116792829900533e+01,2.392137700700305913e+01,2.488219995956075081e+01,2.487594338896980162e+01,2.501661342413808597e+01,2.519927178899314413e+01,2.565577293702352790e+01,2.470713662787073872e+01,2.437116004122668755e+01,2.615843181825374586e+01,2.612422430775126259e+01,2.622271228602664905e+01,2.729194942482575925e+01,2.569082852973576792e+01,2.596521451603354080e+01,2.670069655890625882e+01,2.610562206376414451e+01,2.639227535800984015e+01,2.789873373761696485e+01,2.592683365529956063e+01,2.650696808237393043e+01,2.496857296277522664e+01
2.355289019615605639e+01,2.457411781961616271e+01,2.546230086058750430e+01,2.346743415829968171e+01,2.516807300671871417e+01,2.530253881531217530e+01,2.502818873286520329e+01,2.424830497507679183e+01,2.635526133521159409e+01,2.516792533618365724e+01,2.579542222485838465e+01,2.668857655334016954e+01,2.636244092391359573e+01,2.726094699403182631e+01,2.583539835025686671e+01,2.615150010658123847e+01,2.582053470033662279e+01,2.697884816521684570e+01,2.718258000848186384e+01,2.720970552916384122e+01,2.582925139945211868e+01,2.659505271574693097e+01,2.678550666812554937e+01,2.713090626478106060e+01
