2.766311708608498066e+01,2.722184914850805626e+01,2.775430806602537359e+01,2.654067273913148028e+01,2.610061106942634979e+01,2.617196121319659596e+01,2.723748424523176936e+01,2.742150346504269010e+01,2.797947565221073774e+01,2.683116261466000196e+01,2.716898970141693326e+01,2.713185361280028474e+01,2.607580780288662936e+01,2.653954212589411554e+01,2.728329940704679757e+01,2.786452754797380749e+01,2.691416414692793069e+01,2.687591500192183958e+01,2.665999869601552064e+01,2.771301560640233674e+01,2.681711492622378046e+01,2.773038615324912826e+01,2.697900524057598659e+01,2.819229054845794735e+01
2.543278380622041368e+01,2.593812352453608128e+01,2.591090750867499537e+01,2.679085342072664844e+01,2.750628897595152011e+01,2.710802060967296256e+01,2.652165952639063562e+01,2.570443713297447630e+01,2.758833466397607026e+01,2.724750414779049379e+01,2.699504264201488013e+01,2.624965165258248589e+01,2.635596329338898158e+01,2.739634285185644558e+01,2.710735743554107557e+01,2.567517871214624847e+01,2.741299124627209949e+01,2.591062949971922080e+01,2.735568000585732307e+01,2.649379057253440806e+01,2.748661062116985931e+01,2.828669950499170227e+01,2.696937255110191245e+01,2.544688761868519578e+01
2.614056743852631826e+01,2.561858671558934475e+01,2.761271190986150259e+01,2.659602587030417453e+01,2.808188106829800290e+01,2.690286580252603699e+01,2.686650247387035506e+01,2.623308138281561241e+01,2.770987037778729700e+01,2.617527088583801742e+01,2.714466848101068308e+01,2.706197953792116095e+01,2.619345104123914325e+01,2.631183685892574431e+01,2.544678194988938458e+01,2.678099770841970440e+01,2.728662067197240049e+01,2.757676196001250446e+01,2.746289596696294666e+01,2.666613836779271196e+01,2.713563003466788359e+01,2.791107499682857451e+01,2.675356797013665755e+01,2.789341750066034820e+01
2.562410615862154373e+01,2.712561168976299086e+01,2.669292069675725543e+01,2.831674802820020886e+01,2.683020436828672928e+01,2.697628383671514030e+01,2.761111706510541808e+01,2.757418705850915330e+01,2.624283138496861056e+01,2.804673409200341894e+01,2.750874930650991246e+01,2.656900357939036894e+01,2.766794844673717080e+01,2.796573696038291246e+01,2.797365475849017002e+01,2.744027285877177746e+01,2.629866861992945815e+01,2.765420058720764018e+01,2.754636866906804471e+01,2.786699374479866265e+01,2.776598512225081095e+01,2.633959077156856665e+01,2.742738160895402189e+01,2.762537088391093221e+01
2.665708354511099287e+01,2.604673348480753248e+01,2.678353822312374177e+01,2.686297278791653298e+01,2.713465104073986822e+01,2.737613094153334714e+01,2.649183630110513832e+01,2.590735471455025163e+01,2.727415425927290471e+01,2.709582151881767231e+01,2.633106081599339632e+01,2.804912862167935828e+01,2.721470915347310893e+01,2.721331145013181185e+01,2.633946751356438654e+01,2.786475239042420071e+01,2.696368281710840620e+01,2.616559863682863352e+01,2.641215826223640306e+01,2.635297691370209350e+01,2.631401818824434713e+01,2.770007004149186969e+01,2.641056698344510778e+01,2.792806054171984442e+01
2.825628650088356153e+01,2.697755503359064733e+01,2.693444969193939187e+01,2.577209960808500000e+01,2.617285686167963377e+01,2.565724193127999797e+01,2.634822494164524187e+01,2.632924477809120845e+01,2.687735246674543532e+01,2.737807642630639293e+01,2.605374790026451137e+01,2.572876419515489488e+01,2.603417335514438946e+01,2.650606778415755116e+01,2.794359760549946259e+01,2.647857942377794416e+01,2.824897690512261761e+01,2.661563360213114038e+01,2.697113465587057135e+01,2.801809746742736706e+01,2.721968255931295744e+01,2.619364890232600374e+01,2.752225675275877848e+01,2.617873457886327060e+01
2.674800559435885816e+01,2.582818936572107305e+01,2.641928393242659467e+01,2.726593509592174769e+01,2.702232509712479214e+01,2.640314378443741816e+01,2.646690091423374724e+01,2.648203545430351369e+01,2.767568779973407800e+01,2.648720020418591048e+01,2.746355513008802518e+01,2.645156146068632097e+01,2.713425259754131957e+01,2.651842482391867861e+01,2.723016646514179229e+01,2.691354954596550897e+01,2.742796277600785970e+01,2.768463325648690443e+01,2.736086098120875931e+01,2.682151005597097537e+01,2.659928709850504447e+01,2.728896357233429626e+01,2.714303035086646787e+01,2.772229407762392839e+01
2.591233908146000431e+01,2.722021722390206833e+01,2.631040457030042035e+01,2.690906660821678997e+01,2.603765585218332035e+01,2.611326794064950718e+01,2.656093953502852401e+01,2.691723572042815249e+01,2.608564993134046972e+01,2.622110334004770493e+01,2.867470972959989695e+01,2.747992312923486224e+01,2.736985212595408257e+01,2.764895112983953140e+01,2.669676783083383498e+01,2.696153240494237480e+01,2.700321774067953129e+01,2.814382556569893268e+01,2.687075425861058875e+01,2.768806893889035337e+01,2.724466933911133992e+01,2.735429647798036967e+01,2.785211823275596998e+01,2.640313435005629117e+01
2.581842519377761391e+01,2.591501671803109730e+01,2.701430286770801104e+01,2.656445163190670655e+01,2.624433158277514622e+01,2.627307288788944106e+01,2.647436620112614492e+01,2.685645435795424874e+01,2.690706078326786610e+01,2.797315856925661137e+01,2.659283771154042597e+01,2.693301897198745110e+01,2.653788569106205841e+01,2.685215851104300100e+01,2.714145960088666243e+01,2.675926164295395893e+01,2.700311463491317454e+01,2.696745817043932902e+01,2.672225091470994585e+01,2.828740833579416858e+01,2.663546296298380867e+01,2.677449224975407560e+01,2.694975092134632177e+01,2.714890759353608019e+01
2.655856034892929074e+01,2.694104415357645621e+01,2.665229123766096109e+01,2.662658224629024062e+01,2.681007558640703792e+01,2.652078531903964631e+01,2.615757255129307168e+01,2.642813717558067310e+01,2.701325901493453330e+01,2.641126141173066344e+01,2.730587306064649056e+01,2.611614916896576233e+01,2.666830143232039063e+01,2.703944069377837423e+01,2.645079212648943212e+01,2.652430219294888047e+01,2.640835095860950332e+01,2.631321482429069647e+01,2.694385595787599641e+01,2.661179370642241793e+01,2.782533790457011946e+01,2.691477628063682914e+01,2.677110627553304312e+01,2.661586271291571393e+01
2.608280696104003482e+01,2.648587164862857435e+01,2.731411307617509010e+01,2.618416415339135028e+01,2.634931428534571296e+01,2.626560393301957674e+01,2.635025935920242546e+01,2.652369462055133909e+01,2.726251002532563916e+01,2.615544281249776759e+01,2.689651942877685542e+01,2.576631566275125351e+01,2.713175170684979776e+01,2.669036451237542451e+01,2.650871290207538777e+01,2.641382594799881645e+01,2.688644940264396155e+01,2.796803046061012310e+01,2.702101671809458594e+01,2.671380225424360333e+01,2.745908838365738802e+01,2.697726738060435991e+01,2.701973485577275369e+01,2.754182603140458241e+01
2.722341314292293646e+01,2.701513994046894140e+01,2.640149365032578999e+01,2.762006624991971648e+01,2.625777411747787937e+01,2.770543401118652582e+01,2.743292774332422823e+01,2.720325330953937737e+01,2.696628716428375583e+01,2.744392491550689783e+01,2.643793280884608521e+01,2.656523778033403005e+01,2.723511710553179910e+01,2.633855080554803862e+01,2.721121985882126637e+01,2.710842596013804950e+01,2.754545753036364886e+01,2.825754689940094977e+01,2.821290727298486445e+01,2.741912848157198823e+01,2.783929706524673975e+01,2.775679547634877053e+01,2.638479717906784572e+01,2.674731165811215305e+01
2.633969780919591130e+01,2.699386061940259651e+01,2.708307699856936779e+01,2.618280834627637432e+01,2.624876612402243836e+01,2.669387154965778564e+01,2.681966645124668958e+01,2.686728835381796898e+01,2.675952504206139793e+01,2.811755339917880292e+01,2.615696830120941740e+01,2.717770673768342249e+01,2.648084694905605829e+01,2.675888556848593680e+01,2.673617279605281283e+01,2.736364474924675960e+01,2.733294472895124727e+01,2.761969700697090957e+01,2.750411864537176143e+01,2.764427012220983215e+01,2.746624373103230710e+01,2.757486489262379337e+01,2.622227349435354427e+01,2.733178207515658187e+01
2.730741603930459860e+01,2.682999084349319219e+01,2.798196460394456153e+01,2.694589184749941069e+01,2.674270104403183268e+01,2.697877696685185356e+01,2.658640147802356068e+01,2.671920092709046912e+01,2.671708029140705776e+01,2.627560560192529238e+01,2.688269259256685473e+01,2.610464197747234039e+01,2.764675783966850986e+01,2.675564556508635405e+01,2.706607852797338865e+01,2.830940725901967880e+01,2.949357847487851814e+01,2.834356078276385915e+01,2.747822218589521981e+01,2.665339263571752326e+01,2.721643629820266597e+01,2.669313076902233206e+01,2.664459620205906276e+01,2.705312455285297801e+01
2.701008131403790458e+01,2.776727904029388583e+01,2.722811966955674734e+01,2.739775738426891394e+01,2.743498978116321041e+01,2.738864101921041083e+01,2.637781406542029572e+01,2.791961098767001204e+01,2.646842200455779448e+01,2.710973963124069996e+01,2.714597728315317227e+01,2.687443533147671815e+01,2.697871221115195794e+01,2.722727969956980587e+01,2.996880145712452759e+01,3.066989420698871527e+01,3.056066459237217714e+01,3.001511976126897707e+01,2.983243662749146097e+01,2.767876981728988994e+01,2.747958977713386730e+01,2.667130636365078544e+01,2.687249688950890913e+01,2.665237531774545232e+01
2.724641626121916715e+01,2.758754087649310804e+01,2.581489792714802434e+01,2.705857295959674502e+01,2.748700994335052883e+01,2.669326561916409446e+01,2.649581038073472428e+01,2.698945869502841788e+01,2.708283797036233409e+01,2.699583104932474953e+01,2.700978950627052200e+01,2.762461698712269254e+01,2.810884698339702936e+01,2.749243947670362331e+01,3.055842321002467088e+01,3.064559051978795878e+01,3.108907617074964946e+01,3.004742329373124221e+01,3.027825325455887651e+01,2.797257447454995827e+01,2.791076566619165078e+01,2.766456414518546580e+01,2.779118732753386212e+01,2.777041045259937846e+01
2.683865586457739028e+01,2.594582560338568555e+01,2.733158669254578399e+01,2.698238426806494772e+01,2.604147211143612139e+01,2.687855920173655022e+01,2.608679444866533004e+01,2.706270612883662352e+01,2.723623174898557409e+01,2.722703478665431476e+01,2.745836329013229715e+01,2.712053944008533790e+01,2.694666122385922336e+01,2.631494019824890529e+01,3.210853990121779589e+01,3.253199894862319752e+01,3.269989728540991791e+01,3.186068540276977501e+01,2.908801674818971605e+01,2.771875038907779754e+01,2.779652520396740556e+01,2.684318062004842886e+01,2.704929179610542178e+01,2.636464959877713454e+01
2.729991956839120348e+01,2.646272489953139484e+01,2.655943965027194054e+01,2.680758851800055709e+01,2.649621199446164610e+01,2.566548216606844335e+01,2.700902524872446975e+01,2.682015355820419700e+01,2.688138306322446169e+01,2.578219734100662208e+01,2.705092373445853582e+01,2.678328042655965646e+01,2.668297772402820556e+01,2.675564556508635405e+01,3.233120914317493089e+01,3.264843809668064978e+01,3.356102786142673722e+01,3.197467844733216680e+01,2.828046056560958732e+01,2.716179894149462370e+01,2.746260098855680098e+01,2.779825773425983471e+01,2.738134297137867179e+01,2.639895776783811243e+01
2.703252580326886800e+01,2.720130441053618142e+01,2.833153143092846449e+01,2.658123857765446019e+01,2.705090617842597567e+01,2.756591531452795607e+01,2.661427773906922312e+01,2.674002036402879412e+01,2.743501759835368148e+01,2.736921422264418879e+01,2.712296973769781516e+01,2.807814639807816093e+01,2.788889460577638602e+01,2.843911128731349436e+01,3.046795941424778675e+01,3.213303422781336849e+01,3.201327992481537876e+01,3.222364573526346021e+01,2.856763962393455358e+01,2.823238155998888033e+01,2.797380646187821185e+01,2.808292297337857235e+01,2.745787622112771942e+01,2.741243712629682250e+01
2.697774356602775470e+01,2.856241433076098701e+01,2.847435525372947041e+01,2.709883361757431430e+01,2.660145268848208389e+01,2.765516030638258371e+01,2.681894440181366690e+01,2.677728934170573893e+01,2.685834118615849775e+01,2.726512699882982815e+01,2.773978901964011357e+01,2.869343077412486309e+01,3.092275303194537628e+01,3.143788051118377780e+01,3.129848713434051888e+01,3.265702799261754308e+01,3.189103876616587741e+01,3.163811551463902560e+01,2.866171372537911566e+01,2.703083700708162951e+01,2.719130693148974842e+01,2.832410714092628723e+01,2.845222750241100584e+01,2.825274251145907556e+01
2.781506756845271866e+01,2.649451282775629579e+01,2.674985533794762205e+01,2.731922830503788191e+01,2.648867254165867280e+01,2.686722678009084575e+01,2.721111162648014670e+01,2.684508530306197827e+01,2.785163174769661509e+01,2.700918361181061300e+01,2.972346252801895616e+01,3.130214330228045583e+01,3.011807767869743202e+01,2.976489549972012583e+01,3.077871423968292675e+01,3.057037326490075202e+01,3.123538494585943681e+01,3.169896579004563364e+01,3.137828569720801397e+01,3.002623650193487492e+01,2.710456702244994176e+01,2.722514664517058236e+01,2.668214082865989667e+01,2.718913624209920954e+01
2.641495248342357627e+01,2.635354316058823088e+01,2.618037840832647589e+01,2.629477112533572836e+01,2.797544308206641972e+01,2.753513980065287114e+01,2.700380916423227973e+01,2.757010883999430462e+01,2.760458335547315301e+01,2.780522216949952963e+01,2.991914801918579769e+01,2.931811090787914509e+01,3.026723206087376639e+01,2.979139670748463686e+01,2.963807767411060468e+01,2.964429445047926492e+01,2.966815655995827683e+01,3.017341237553694100e+01,3.172651261462203820e+01,3.022539155231646646e+01,2.856581302846035442e+01,2.734772773652355227e+01,2.737919294234922063e+01,2.675947572967896804e+01
2.623678173296349314e+01,2.693685780697217069e+01,2.735668593839386631e+01,2.715079266427540006e+01,2.809339574674879714e+01,2.801800400002696279e+01,3.073607715119771910e+01,2.993241357571372419e+01,3.031265086960399913e+01,3.003608074335420497e+01,3.004345003176246109e+01,3.045998693706246740e+01,3.063135959694585608e+01,3.053175207961595561e+01,3.029562286125940318e+01,2.973703947505987344e+01,2.901079072044393570e+01,2.929800384001310931e+01,2.911574177190721002e+01,2.904979709420155132e+01,2.795503278432630623e+01,2.826274507835989880e+01,2.738965984630237926e+01,2.755818849947013405e+01
2.785936914663483321e+01,2.699636851058659204e+01,2.690180357264000577e+01,2.767367207029036535e+01,2.688943268054759983e+01,2.741335176270729335e+01,2.973298144500415674e+01,3.153613006107917727e+01,3.060042264840672033e+01,3.063385142155908625e+01,2.992876044831263016e+01,3.099232629138145967e+01,3.125756954009381161e+01,3.085823972618044309e+01,3.050753542479048974e+01,3.071244681308661484e+01,2.885897078749661659e+01,2.976029554012524159e+01,2.916302864185473709e+01,2.979374441411567886e+01,2.811555635667019715e+01,2.838684878661831590e+01,2.714956267259441347e+01,2.728684370427464501e+01
2.696147437134192160e+01,2.702571964697921203e+01,2.802038448326504749e+01,2.760635846476787947e+01,2.731284601147478952e+01,2.896288489056337312e+01,2.963953414232867090e+01,3.009634901359049763e+01,3.115631266732998483e+01,3.209929037138959984e+01,2.859950666958059173e+01,2.956914332506693199e+01,3.077802763311387935e+01,3.006318210538427138e+01,3.078823379065119070e+01,2.985719325758412879e+01,3.079548544073378480e+01,2.872031667679948441e+01,2.946371521396076787e+01,3.042000409471910416e+01,2.847303860411477672e+01,2.842629179861313560e+01,2.803944651289799594e+01,2.665352189310220865e+01
2.681823290346045496e+01,2.739200043027284437e+01,2.718046718825593189e+01,2.670579544259322802e+01,2.837036019637577056e+01,2.810078646814065451e+01,2.863957696468935410e+01,2.973099625562133497e+01,3.148885021705615372e+01,3.136787029553886441e+01,2.970975109488182397e+01,2.936755660278737423e+01,3.103482591948608160e+01,3.107716920692723761e+01,3.148115789406040221e+01,3.027781616232408624e+01,3.062152911445025438e+01,3.027652337343471345e+01,3.069880248668675904e+01,2.981186316202479247e+01,2.896066355143557303e+01,2.838573628247002034e+01,2.640253758673213724e+01,2.708701605912625610e+01
2.773452282855657813e+01,2.704815476849779543e+01,2.629116204966959458e+01,2.835714142838531870e+01,2.717967605991862001e+01,2.811244866038248347e+01,2.915319571427710343e+01,2.944527900728400027e+01,3.148163842806110324e+01,3.007657076649468308e+01,2.888847459203179824e+01,3.021561135097203987e+01,3.001909495265306305e+01,3.114122182214862278e+01,3.167400646568478351e+01,3.103557167883826651e+01,3.125149587348823843e+01,3.021023073151826566e+01,3.093301881407609244e+01,3.104907016674320630e+01,2.821248222329211330e+01,2.746454295887366470e+01,2.778011606487820018e+01,2.821174725558404361e+01
2.752231334655931505e+01,2.755012330214771055e+01,2.703562941394909558e+01,2.785906759511800601e+01,2.837531065829494992e+01,2.868722887873639138e+01,2.899323740061686294e+01,2.964088836935337667e+01,2.990736869002637377e+01,2.939509689089669564e+01,2.905470227551302287e+01,3.045854152916189150e+01,3.091464907444571963e+01,3.190093184382277514e+01,3.073838769722038933e+01,3.207795797675908034e+01,3.090364487061975751e+01,3.007780851386058885e+01,3.076459301116381084e+01,3.179946923166954775e+01,2.870406073861033747e+01,2.758614200714561093e+01,2.819075110243244353e+01,2.812560790179827563e+01
2.605634603130755522e+01,2.711106109670737396e+01,2.718078142023836108e+01,2.676845947340865450e+01,2.914883406912872488e+01,2.889794959616563119e+01,2.909826302120023911e+01,2.983572894078434956e+01,2.817490206112205442e+01,2.849592802454810681e+01,2.866293306112174832e+01,2.901144048499338624e+01,3.008821188147516068e+01,3.018034745450324863e+01,3.123922102780710475e+01,3.080271452711491520e+01,2.988752419539747507e+01,2.865622203387761147e+01,2.936047454321976602e+01,2.903604139240866289e+01,2.813649932375204799e+01,2.800868689912084619e+01,2.758574817483241759e+01,2.674338032809970400e+01
2.762640017487620980e+01,2.630946676086466596e+01,2.688451830042055235e+01,2.773851669704043843e+01,2.983924537839419600e+01,3.015935290178589412e+01,2.953796711433426481e+01,2.864460362755420419e+01,2.876235542599476958e+01,2.711695430426340181e+01,2.868280430828014005e+01,2.810854123050074804e+01,2.952318358699102419e+01,2.897959723453823244e+01,2.871639744423754337e+01,2.890529052268948362e+01,2.884644498000210433e+01,2.786033400713660058e+01,2.711201517202897548e+01,2.829532365646696235e+01,2.850227949438863106e+01,2.824667514749103248e+01,2.759374773844575657e+01,2.849208649291358597e+01
2.726380165743978523e+01,2.697431677682726558e+01,2.787040960031214354e+01,2.805305424103096357e+01,2.826782282659291923e+01,2.984660167146427057e+01,2.925788642749955670e+01,2.879445703748740470e+01,2.944716843696153319e+01,2.830295495464235955e+01,2.815443666948738155e+01,2.807678167808217040e+01,2.866220222937647577e+01,2.815301948626262174e+01,2.836139717238938829e+01,2.864126525782722865e+01,2.827762752379675248e+01,2.796125563621819765e+01,2.754564413260357014e+01,2.825924114865074444e+01,2.770726455692516765e+01,2.841480814609809613e+01,2.729252413309620806e+01,2.815384151292835213e+01
2.756643364007697983e+01,2.534007033431402078e+01,2.734733993401880525e+01,2.738994255257250643e+01,2.879417822485510214e+01,2.914300904163144423e+01,2.885608416549433741e+01,2.917309358641756489e+01,2.799425911254371613e+01,2.771057838322525413e+01,2.894193195102633354e+01,2.857006451067792341e+01,2.847247525808035107e+01,2.836689976643708633e+01,2.898169241207403957e+01,2.848650981327989484e+01,2.791253668251880526e+01,2.825365610849655695e+01,2.881075067307409654e+01,2.752164642189575261e+01,2.829775552323161492e+01,2.725832523865500434e+01,2.852217972154818426e+01,2.864071476390103044e+01
