2.641073096552844390e+01,2.745667020537649705e+01,2.701106561345210366e+01,2.714942501642372008e+01,2.671894230225228739e+01,2.584856889145243031e+01,2.744048026087557446e+01,2.742143698204307611e+01,2.779146334769575333e+01,2.780479717164462272e+01,2.745141368255701764e+01,2.744205656671044835e+01,2.748895854349973433e+01,2.775342630252748677e+01,2.713588914526297913e+01,2.751587255709881674e+01,2.649984174435275008e+01,2.762955567706944748e+01,2.646100286026535287e+01,2.707135240371837881e+01,2.749991503908273671e+01,2.796337714449794021e+01,2.836632318879776449e+01,2.835644941776740779e+01
2.591785663076558421e+01,2.806454347434674901e+01,2.598483410089590961e+01,2.739533655261590184e+01,2.619232513162427267e+01,2.751980726453234638e+01,2.791588955387061333e+01,2.687751438450584374e+01,2.854000937999251164e+01,2.776406169257023748e+01,2.732462277943443496e+01,2.681527826914083334e+01,2.736667575871001645e+01,2.712020866443805289e+01,2.724151684317752142e+01,2.754841861635145506e+01,2.751955713664563064e+01,2.734333649102745767e+01,2.722431776611551868e+01,2.702934500243401317e+01,2.773376310707214998e+01,2.762046300268553978e+01,2.666920172255674970e+01,2.712243174397008261e+01
2.695259636837562311e+01,2.696490037988291988e+01,2.651302682770904084e+01,2.651240415534135764e+01,2.809571938664151958e+01,2.648681098623558228e+01,2.739621870905972401e+01,2.635675753657528730e+01,2.655917839357840649e+01,2.739709181032964125e+01,2.733710961420484864e+01,2.726868911100478954e+01,2.763887422819459516e+01,2.755747619289689965e+01,2.690231854083958751e+01,2.680442634228342058e+01,2.809313342312907480e+01,2.606675521289037079e+01,2.763144643191969863e+01,2.768131690657833133e+01,2.789351629293884116e+01,2.756482222364599011e+01,2.628805384161546499e+01,2.721723579906068835e+01
2.671791688928283293e+01,2.700154297240482038e+01,2.687387945777737741e+01,2.715832507476170576e+01,2.754044618825270163e+01,2.726099912252198010e+01,2.684488029172155166e+01,2.707515810495760888e+01,2.725409605784471978e+01,2.825450706944735657e+01,2.773029745115439937e+01,2.680227307704592477e+01,2.611438518090824346e+01,2.784833264188642943e+01,2.617384142734169927e+01,2.728342707524097932e+01,2.774788833149796119e+01,2.790159440727273932e+01,2.688775734877128798e+01,2.806913567575503521e+01,2.747024846588499258e+01,2.757489117269130929e+01,2.725259533784588939e+01,2.725417912567382928e+01
2.611637038036019476e+01,2.674998728462969666e+01,2.685479589446902082e+01,2.742378701123595874e+01,2.707115389779266934e+01,2.777723441446715924e+01,2.755057219965175364e+01,2.698705519006438180e+01,2.660646136130202422e+01,2.685416276613835862e+01,2.779545047808124991e+01,2.819539124831322852e+01,2.715837531215737499e+01,2.756773013457183197e+01,2.629513601838868908e+01,2.711064910257181282e+01,2.689026134236712551e+01,2.688711002006226636e+01,2.807294963859391146e+01,2.823427885351901523e+01,2.797264677890228768e+01,2.692139771315970620e+01,2.592919380104098082e+01,2.748939766191017497e+01
2.636769938587565321e+01,2.721795519014642650e+01,2.725249440280117597e+01,2.741083358260266323e+01,2.637027026042380839e+01,2.791670615580324011e+01,2.799645192624410583e+01,2.798688902974538451e+01,2.814212507692326426e+01,2.672921768123200081e+01,2.715627764912642306e+01,2.664725825646877411e+01,2.713521246960561939e+01,2.630291931711553843e+01,2.755140230550074421e+01,2.777490627700871073e+01,2.592483975931025952e+01,2.791628400617082661e+01,2.805598618131779176e+01,2.718026699814612357e+01,2.750226703860585076e+01,2.686524267576817238e+01,2.727399204263048205e+01,2.615174983368967787e+01
2.768013460881962828e+01,2.790082890368921653e+01,2.676458128712909001e+01,2.680438571396769021e+01,2.743820304242848351e+01,2.603407091622869984e+01,2.656485297382454291e+01,2.737964862799736920e+01,2.745659349443440078e+01,2.646695438837798520e+01,2.691613046480688354e+01,2.701767439278989968e+01,2.659389225390492584e+01,2.691073381427543154e+01,2.799115181564866361e+01,2.767548967987039532e+01,2.667632475457935470e+01,2.768526771873200687e+01,2.771381158179588056e+01,2.754613119573645008e+01,2.787939394092234124e+01,2.780750661621618747e+01,2.737218739178416627e+01,2.755765004344766567e+01
2.507023264283628805e+01,2.690054889224757062e+01,2.602353471417399078e+01,2.771618911804438312e+01,2.668237775502359455e+01,2.738681825249892654e+01,2.725155890912230916e+01,2.668258051373379658e+01,2.755899200232403246e+01,2.733917975447405979e+01,2.671498664523033995e+01,2.842777082407144462e+01,2.793844167420553504e+01,2.678521724446784447e+01,2.709164535075524327e+01,2.809366204219975316e+01,2.720396482413804051e+01,2.781160579443047709e+01,2.741800622882584548e+01,2.712535143463526310e+01,2.679972006004709328e+01,2.846188708719239457e+01,2.769784908458518657e+01,2.809137249446189344e+01
2.681415950047664865e+01,2.694267663138026592e+01,2.746346299280475023e+01,2.803964791039322790e+01,2.752242315977144926e+01,2.681798160366014372e+01,2.720885528870007875e+01,2.632533014933710547e+01,2.677021081781350631e+01,2.662175197019439565e+01,2.615092038568695898e+01,2.757462389719256635e+01,2.752038927591360107e+01,2.733375501000068653e+01,2.863483130296975787e+01,2.704954218975501590e+01,2.692999130338006353e+01,2.656116528373439678e+01,2.697711072541602562e+01,2.750850228174709855e+01,2.775776289880064951e+01,2.810028734245179294e+01,2.706366255487591843e+01,2.709260690679832351e+01
2.735050940299555577e+01,2.898641673917512662e+01,2.589909508231704649e+01,2.671280480643633837e+01,2.602921992035464882e+01,2.688582306940651279e+01,2.691886984553013917e+01,2.737774462827826483e+01,2.671828400566795381e+01,2.702669326239418979e+01,2.722056349463673541e+01,2.743868235089746577e+01,2.697619762460237780e+01,2.666845218667941708e+01,2.726760920592448656e+01,2.717943243578594092e+01,2.704671955353830981e+01,2.678936376836139743e+01,2.720461351259086769e+01,2.740758151838070944e+01,2.804837148256348200e+01,2.713000896384568250e+01,2.768473884433427656e+01,2.829613220460640832e+01
2.689362563914932025e+01,2.731344228665324181e+01,2.640102770746455008e+01,2.687711849700673383e+01,2.782199554067472036e+01,2.661570863119106889e+01,2.713452248324284710e+01,2.645020731526028612e+01,2.734952303572987375e+01,2.713251792858090994e+01,2.649127952714940193e+01,2.710362253623787865e+01,2.674654616780691185e+01,2.648098911581951143e+01,2.784624508209975602e+01,2.809481214003204741e+01,2.682518075307734762e+01,2.773923834075611694e+01,2.747595674238721131e+01,2.699072619450015509e+01,2.786556793840020418e+01,2.828924841801375578e+01,2.737621256445379458e+01,2.753517723524066696e+01
2.660200946943075451e+01,2.685815116220811660e+01,2.667624396835600464e+01,2.680216777965853225e+01,2.717011411425409051e+01,2.790554109198700417e+01,2.638250456603503835e+01,2.762666582517033476e+01,2.652815475528547040e+01,2.721782373439145886e+01,2.725032578278882056e+01,2.722627290510291687e+01,2.636352204234333385e+01,2.701473618292078527e+01,2.632182664627214308e+01,2.658096451271961769e+01,2.734469737748042917e+01,2.755584327823322610e+01,2.778513772468534171e+01,2.840511606120026045e+01,2.721856847779145028e+01,2.785946621369816967e+01,2.768683154145730896e+01,2.733295618872068644e+01
2.700440387600178838e+01,2.595021329036569568e+01,2.760906168487571222e+01,2.729789915052418792e+01,2.681637442479677702e+01,2.730067054713555308e+01,2.622119140630377387e+01,2.683470710502490419e+01,2.601650432892444087e+01,2.691341263828900310e+01,2.595089442810512992e+01,2.734891253328913763e+01,2.701252343888728547e+01,2.763217571997364530e+01,2.658882464517864719e+01,2.724056235535704218e+01,2.750720303071472017e+01,2.797911756610000111e+01,2.729868612077387979e+01,2.763063410636306116e+01,2.755426184033893833e+01,2.785134796460909001e+01,2.717639340896772637e+01,2.776948532140579573e+01
2.697326662172946499e+01,2.770043216578193324e+01,2.686100716004727929e+01,2.658363317021286321e+01,2.641984023507342272e+01,2.703474568048994797e+01,2.613605627987175239e+01,2.717917185020735360e+01,2.686325263198926905e+01,2.626246491402770289e+01,2.634437559529811779e+01,2.677248367236103377e+01,2.653302043761436835e+01,2.680899234231964101e+01,2.708347999069155776e+01,2.703126112698771522e+01,2.715918528761545758e+01,2.767684543035028355e+01,2.865385564335690560e+01,2.715599537064986180e+01,2.837153132081562035e+01,2.732252832001501019e+01,2.742359014299415776e+01,2.765534109803587626e+01
2.785664966814260879e+01,2.647728390737927384e+01,2.699370156413147015e+01,2.645044503988134466e+01,2.711755482714994514e+01,2.673931694584229035e+01,2.804163668662710052e+01,2.698767953313637236e+01,2.694545910317236803e+01,2.692571833267385273e+01,2.781971477042543484e+01,2.671285027653419775e+01,2.731718032689167330e+01,2.673692072552421450e+01,2.684154340059774313e+01,2.656185361784071119e+01,2.720670846921728980e+01,2.767660827068920071e+01,2.706353528615727555e+01,2.780682411101128082e+01,2.721325469547372222e+01,2.836080261981226158e+01,2.763461123410712617e+01,2.743095170072450628e+01
2.709581259506069273e+01,2.728402439224538512e+01,2.634227426253505655e+01,2.667820736870078235e+01,2.699834349891762031e+01,2.694082342912963668e+01,2.746855719538871199e+01,2.746612813280916043e+01,2.655046017638528610e+01,2.682656107568124071e+01,2.617210715048190650e+01,2.682732530943314941e+01,2.631530463638654282e+01,2.670390315452272034e+01,2.702540571617333853e+01,2.681992607843687892e+01,2.780910211474292737e+01,2.826888867891648260e+01,2.843745929622042468e+01,2.813346323974332108e+01,2.801632634875602434e+01,2.743639421785212562e+01,2.708803849513725481e+01,2.782678753668898253e+01
2.555505683629996838e+01,2.647055893701292462e+01,2.674409693012137268e+01,2.643936646342797303e+01,2.647947081782905343e+01,2.663760521636197609e+01,2.655852216181989434e+01,2.635426519502595966e+01,2.637338708911727281e+01,2.673670024250606048e+01,2.729276497523909484e+01,2.614288805621538359e+01,2.581439712824089838e+01,2.621100646327539607e+01,2.669606292461361363e+01,2.667879162651013303e+01,2.709602230395717015e+01,2.842993317478675408e+01,2.773937330955226344e+01,2.755626806735500622e+01,2.757407341966722925e+01,2.767026155326652770e+01,2.818916304901603098e+01,2.806898756834186770e+01
2.603564803617314283e+01,2.639985685630995249e+01,2.727770729604907274e+01,2.697064353220883959e+01,2.655921733804046880e+01,2.680774662092500193e+01,2.646129686051358476e+01,2.647664560451624993e+01,2.756377753118658802e+01,2.697493168675231345e+01,2.656167109675118354e+01,2.664080881034061576e+01,2.639159473293852898e+01,2.730148521479833335e+01,2.659557430058322325e+01,2.694530934689544210e+01,2.776567973657097355e+01,2.708096086747428899e+01,2.742747943757927942e+01,2.783436168856763970e+01,2.723373333819949949e+01,2.773972612703727236e+01,2.690347212063466031e+01,2.826793451271089452e+01
2.728585626277146048e+01,2.610608715445795269e+01,2.695841574582010480e+01,2.635635186200659064e+01,2.690831887232258168e+01,2.655960213676547710e+01,2.670811416149268780e+01,2.632866682960940352e+01,2.686960932328156559e+01,2.613345333310519436e+01,2.656355547581341625e+01,2.635231003323633558e+01,2.675123272149937748e+01,2.547671708401526303e+01,2.686583017975783605e+01,2.712744663263237044e+01,2.749239714348288999e+01,2.753118671488874725e+01,2.803789427779321386e+01,2.751697634556978755e+01,2.770715738568497954e+01,2.729069159252890131e+01,2.804532199578522977e+01,2.709841259920165157e+01
2.599262966249813189e+01,2.747258402757995555e+01,2.694229302393210901e+01,2.691105411153881732e+01,2.642500378706023412e+01,2.643119276800081252e+01,2.656150270452314999e+01,2.707310510986332019e+01,2.716811972670080877e+01,2.673775839826083711e+01,2.628600674921875680e+01,2.677043323061332103e+01,2.638879306104092848e+01,2.644559109308011102e+01,2.584068332206862806e+01,2.696847942611793769e+01,2.701103837008650999e+01,2.795995780760551952e+01,2.705764678124648981e+01,2.803256343691191432e+01,2.728725415452123571e+01,2.878956850594096295e+01,2.754609486730601020e+01,2.811252980747656238e+01
2.686680230339089803e+01,2.737886936704188656e+01,2.652700590360296928e+01,2.620518288574595545e+01,2.651881584082605059e+01,2.603108500241000911e+01,2.621503332050627932e+01,2.676851657652883887e+01,2.628493186154861405e+01,2.701007130547475299e+01,2.734984602480460580e+01,2.766898903526401909e+01,2.664843580398940048e+01,2.666419659143815579e+01,2.667311176473907608e+01,2.665079631260147153e+01,2.636442004516624138e+01,2.756573764862514508e+01,2.718382810029248731e+01,2.733721798816225146e+01,2.736578011527080889e+01,2.838635312223095752e+01,2.707805343693075883e+01,2.760207928195785598e+01
2.665574896084177681e+01,2.622121688692806174e+01,2.765724618266290236e+01,2.608779547816703825e+01,2.692440740458175696e+01,2.705447585400850130e+01,2.674600759415591256e+01,2.697959914291976702e+01,2.649644398700195325e+01,2.706348251151791828e+01,2.671188819100211731e+01,2.697630021802541478e+01,2.670703361537357523e+01,2.760904886624456367e+01,2.728436296656155946e+01,2.627316153009439859e+01,2.800903783685822646e+01,2.735328205574018057e+01,2.728533818433783154e+01,2.797066331602712808e+01,2.830979585875047633e+01,2.743754775738466378e+01,2.739492713437283555e+01,2.734703194036472951e+01
2.662188216717112255e+01,2.675301041800400981e+01,2.685200011348814542e+01,2.668281061406321442e+01,2.657740873757614963e+01,2.578662208572058034e+01,2.734132754232769003e+01,2.507705174976587159e+01,2.666311334100322483e+01,2.694859468927973012e+01,2.700586068365078063e+01,2.694164872798324950e+01,2.769353854209253996e+01,2.674616319785758378e+01,2.768533907230681734e+01,2.713101320652702952e+01,2.787648985763127030e+01,2.747607605446552270e+01,2.776318591305624750e+01,2.770325215315892819e+01,2.689587702161793459e+01,2.740169829430033133e+01,2.699363660858284675e+01,2.793356783721361580e+01
2.694933936744820357e+01,2.698525471543615595e+01,2.635849425833822579e+01,2.620883620239845868e+01,2.683724279992293305e+01,2.683586171341295312e+01,2.648100245659628627e+01,2.713453810375722242e+01,2.631108133802365501e+01,2.622051811826287349e+01,2.563328861344899678e+01,2.715024327032182327e+01,2.660057117340886634e+01,2.751581645934749076e+01,2.719336242670829051e+01,2.830385070198798303e+01,2.735237824964815445e+01,2.863486666251191082e+01,2.780893477472693576e+01,2.865763805555627641e+01,2.740092067667274023e+01,2.915498545575229628e+01,2.767908945127481957e+01,2.802979533924076350e+01
2.690224809607383349e+01,2.681224677090688147e+01,2.706967873651353784e+01,2.710215560017866210e+01,2.747133953485513302e+01,2.731266760196785981e+01,2.689038896273331147e+01,2.666761097769528988e+01,2.693088625565764005e+01,2.615211877750277836e+01,2.652555695018565984e+01,2.575682626150569376e+01,2.813368750677699381e+01,2.725652583245800997e+01,2.744444169245628018e+01,2.826053004283784276e+01,2.744350105635004411e+01,2.798222609003369143e+01,2.755780891671463451e+01,2.745575764282892806e+01,2.703019712001207608e+01,2.791779403070751187e+01,2.853120119117363629e+01,2.755913993959103436e+01
2.736980555083113131e+01,2.690137580266468831e+01,2.720893353420177618e+01,2.656117092437034444e+01,2.716842589164497213e+01,2.674785238800433262e+01,2.606411508346349137e+01,2.628489427465655126e+01,2.701439482977724538e+01,2.785782389190319464e+01,2.676274109708094784e+01,2.660621902260555771e+01,2.738368328422683362e+01,2.744529212086092684e+01,2.703668552894004051e+01,2.650518312511587737e+01,2.773655358906074753e+01,2.755725935741122612e+01,2.806101127498584447e+01,2.696180577189130645e+01,2.709719357564449638e+01,2.762698493216430506e+01,2.670976221363031300e+01,2.682518676731291407e+01
2.776768092846089075e+01,2.621721343794860104e+01,2.772139238729010913e+01,2.707374228918627068e+01,2.742149302792603294e+01,2.698987207417235368e+01,2.692909700772929682e+01,2.766098652737497332e+01,2.729666983301615346e+01,2.816544112701171798e+01,2.741249555064621291e+01,2.693382376296938219e+01,2.749232926927447807e+01,2.663627312640682021e+01,2.700477145038644267e+01,2.672367469259364725e+01,2.723259788751994392e+01,2.800882726297925274e+01,2.841415731348075724e+01,2.796027101726798492e+01,2.850368463014774534e+01,2.794710156932364953e+01,2.596797826168926804e+01,2.662896809277702914e+01
2.749025343306391278e+01,2.803980031262767625e+01,2.561325022400802709e+01,2.673614770905703608e+01,2.738625724614774981e+01,2.715399861688962346e+01,2.732865462835951575e+01,2.726255485446262128e+01,2.625391214735515177e+01,2.730237538751936199e+01,2.696956685823778344e+01,2.827946893190596711e+01,2.740965852448641726e+01,2.718160251860035714e+01,2.703892584858363080e+01,2.771460300758621997e+01,2.717547417824323475e+01,2.803721323793246256e+01,2.819567410315647749e+01,2.792349732890676250e+01,2.716535031327987326e+01,2.765513003291613359e+01,2.731882271487410208e+01,2.619983477670581351e+01
2.645618871057070010e+01,2.613094780589000266e+01,2.656021765848322502e+01,2.642595842539213891e+01,2.704084534622148794e+01,2.685554856340093011e+01,2.624276894330910181e+01,2.687312667231958585e+01,2.588773294578470541e+01,2.546780662159494568e+01,2.647349994843511922e+01,2.745163620631257118e+01,2.760877970742177467e+01,2.754070742078550893e+01,2.749700190019899537e+01,2.726872954663519977e+01,2.698129508435874868e+01,2.688711002006226636e+01,2.689416241285368869e+01,2.814659592769487517e+01,2.815820486192961880e+01,2.657903268838430222e+01,2.599614821162043654e+01,2.648203663024651178e+01
2.631493932716000472e+01,2.626128960286655456e+01,2.714468996273234325e+01,2.668890646770927333e+01,2.539068116820419618e+01,2.735678557528308374e+01,2.608249987337609355e+01,2.626466296802266243e+01,2.587699427039490274e+01,2.563923540561762593e+01,2.743011258059766533e+01,2.606672414264119197e+01,2.755564530815252056e+01,2.779036704760181919e+01,2.610363607308977407e+01,2.650151623478069496e+01,2.777426534080740339e+01,2.676918599831736856e+01,2.716656572250650470e+01,2.713800427261998038e+01,2.766983548116348857e+01,2.568725505691207900e+01,2.641503937500561960e+01,2.732589412646234450e+01
2.643367861358848359e+01,2.593811705779859267e+01,2.750821187754178254e+01,2.700542594939543051e+01,2.803266446382644972e+01,2.671080548521712217e+01,2.692850024334217096e+01,2.629657025202294562e+01,2.788512796020410178e+01,2.761317432755078016e+01,2.646338707385268663e+01,2.661527981415810018e+01,2.659951232235823682e+01,2.630951045732120974e+01,2.643894528314501713e+01,2.715367859543107443e+01,2.758962074022281286e+01,2.855860001504612455e+01,2.703066032356946380e+01,2.775130143952429762e+01,2.777841435098315515e+01,2.688670873715500420e+01,2.606136498543577318e+01,2.547789184717441913e+01
2.559541329035539547e+01,2.696560872087661664e+01,2.669565775955135223e+01,2.682550169341340052e+01,2.641776854466348823e+01,2.756581787556484642e+01,2.668050323327014439e+01,2.685669152139450944e+01,2.615999137608241654e+01,2.722781118563148084e+01,2.718397366740367715e+01,2.747412445781071710e+01,2.573339840802310619e+01,2.733972983302294324e+01,2.724371804423702770e+01,2.720776366752795639e+01,2.743430258784621856e+01,2.780607005555543765e+01,2.670286148620016320e+01,2.962151888361296415e+01,2.856485490745416200e+01,2.684555482332632437e+01,2.751764893766960540e+01,2.643793634435411377e+01
