2.813128309437661301e+01,2.723312014256941893e+01,2.675076542982611727e+01,2.920894385407081018e+01,2.721232319753477213e+01,2.831632704403801881e+01,2.766024974153367566e+01,2.696710414117120536e+01,2.799391919987186839e+01,2.735803693795458003e+01,2.719891217292172314e+01,2.789325877946589571e+01,2.790877350273234470e+01,2.886021670805160966e+01,2.687721406068180841e+01,2.773983877119985664e+01,2.738910728796520289e+01,2.785833049980527676e+01,2.781667144050157958e+01,2.799802490044692149e+01,2.794791994762698550e+01,2.773173203359510808e+01,2.659126493517925383e+01,2.861863689254346355e+01
2.708518557919506975e+01,2.860381231028748061e+01,2.730289820671384859e+01,2.763828828329224052e+01,2.768823380562332659e+01,2.822305346742041365e+01,2.770110605966942785e+01,2.776247423935575398e+01,2.764641690121476358e+01,2.840329498352076598e+01,2.667157064608790051e+01,2.699296890484890810e+01,2.779125395702607193e+01,2.814131152110729772e+01,2.702537966994310636e+01,2.707353011857247793e+01,2.774304981158184091e+01,2.708207850988804921e+01,2.633411472927076602e+01,2.698777301946427087e+01,2.774657439846714624e+01,2.711496292123666763e+01,2.765837660006621945e+01,2.683861374210829354e+01
2.747962190699263374e+01,2.674289283448672450e+01,2.798404827048642574e+01,2.726094814967075308e+01,2.715671741303924591e+01,2.740209630895060400e+01,2.648445087424727262e+01,2.569696932269641820e+01,2.717048067607078110e+01,2.802685868119095858e+01,2.771151108005307151e+01,2.642556900427740629e+01,2.697637165956751915e+01,2.815517435083216924e+01,2.664942196382588691e+01,2.678721108769070725e+01,2.678755836564994297e+01,2.774700027771513078e+01,2.758782202453949139e+01,2.809393324322837771e+01,2.807671347966044095e+01,2.867274041172373700e+01,2.789463199357624035e+01,2.838648719417261646e+01
2.624023566597543322e+01,2.674428676368722790e+01,2.617429340602262755e+01,2.922191359881202288e+01,2.755218254680522705e+01,2.723313438665451258e+01,2.772075227971765798e+01,2.746738705957653792e+01,2.661917677310657382e+01,2.800451159825649938e+01,2.751548916935723810e+01,2.797256522464704176e+01,2.730927171358854366e+01,2.779359042693232595e+01,2.677595971623293281e+01,2.823897946989336560e+01,2.732754223527746262e+01,2.703122352324015765e+01,2.793051375438039940e+01,2.717695754424812549e+01,2.811434642163840181e+01,2.796136475362686724e+01,2.883887179894185238e+01,2.697695237933913859e+01
2.777818421858842157e+01,2.699822728725723664e+01,2.749466941433780676e+01,2.742438886709220469e+01,2.788495197924322611e+01,2.818553086786999984e+01,2.770035610033107787e+01,2.716373293037850090e+01,2.771494469150030682e+01,2.702138669184893160e+01,2.735831746022432753e+01,2.817153058136358368e+01,2.710206444211786447e+01,2.791868452993298888e+01,2.775009885316990221e+01,2.783247354481676439e+01,2.664002564391608985e+01,2.763212029819158033e+01,2.663681265220964178e+01,2.821009661502154131e+01,2.751318444378301820e+01,2.731393959036336128e+01,2.695479320123109801e+01,2.811030699101303298e+01
2.803064453058334493e+01,2.811365386282915324e+01,2.725729007318392405e+01,2.823307081567583054e+01,2.760721413666203716e+01,2.603060031650500150e+01,2.778475184733849801e+01,2.813428798599773017e+01,2.773732937106524332e+01,2.725248766559627711e+01,2.806667689229249163e+01,2.695900365962671685e+01,2.767428574627314219e+01,2.792598217703863384e+01,2.733825914259767842e+01,2.695929955107396836e+01,2.724279591854758564e+01,2.747125335154038339e+01,2.803522897827144789e+01,2.692074009440023019e+01,2.787906376607327275e+01,2.720451580430534477e+01,2.769177767606271345e+01,2.801651732870226397e+01
2.765965137299093612e+01,2.678635127012410067e+01,2.694655038962400795e+01,2.700883679472127596e+01,2.780471767354742951e+01,2.763079842937793273e+01,2.670877336371660249e+01,2.716388930293163639e+01,2.777671044030893199e+01,2.812228357619454755e+01,2.759545808902333874e+01,2.772109992672380940e+01,2.727080912610949781e+01,2.797218733110798894e+01,2.738282528184163311e+01,2.800353221409704929e+01,2.680120484300294947e+01,2.839276868811589338e+01,2.821392485836616970e+01,2.770392506308991187e+01,2.762681903838074504e+01,2.797086608826941756e+01,2.629036879853458686e+01,2.732679772449228039e+01
2.754847414389405458e+01,2.730144892503597021e+01,2.836473952878213822e+01,2.746772059683848966e+01,2.706737220366943575e+01,2.713736394438410571e+01,2.761552711813493488e+01,2.643228896188634280e+01,2.753280945684485914e+01,2.690562884217763440e+01,2.777911855755098713e+01,2.764090901246225940e+01,2.790848273298729509e+01,2.708209264476414546e+01,2.851281045335622366e+01,2.730183646044093848e+01,2.809020504035930799e+01,2.719321995228528976e+01,2.813518618121554482e+01,2.836767181613959110e+01,2.754435472963217535e+01,2.762945638662506553e+01,2.828472036103090659e+01,2.741902485749591278e+01
2.720789895722924712e+01,2.714539126885330234e+01,2.761647910525590532e+01,2.821316265178052163e+01,2.708825915600374401e+01,2.735886053981306532e+01,2.770872527015910691e+01,2.721957478689904519e+01,2.743105962429137890e+01,2.784061984785898858e+01,2.661550133403716245e+01,2.683622286818524572e+01,2.675427874316829957e+01,2.781045455901124797e+01,2.751920723355965492e+01,2.840684251720097109e+01,2.703506306774363566e+01,2.792048051969157996e+01,2.672699076571529986e+01,2.835164486979124376e+01,2.695500877600926515e+01,2.769609095204469895e+01,2.661354939046788104e+01,2.803467014413507741e+01
2.734856474952226790e+01,2.750205183849675450e+01,2.768643620820881779e+01,2.685639686616690369e+01,2.732442448285166847e+01,2.682372594240939634e+01,2.688862471004694044e+01,2.677124688532654773e+01,2.686507413412999767e+01,2.748795116387572079e+01,2.753730463772302528e+01,2.736722681265945312e+01,2.727924364798144552e+01,2.659083468918760218e+01,2.757247290074434432e+01,2.761670792901333016e+01,2.718133035073304882e+01,2.740356699887132663e+01,2.770155215164658102e+01,2.856958303465160043e+01,2.728742652563124693e+01,2.723979560439909164e+01,2.841664173266758553e+01,2.707637555398378026e+01
2.643708187351876404e+01,2.648523229401553181e+01,2.674898496789745650e+01,2.704913347090320030e+01,2.739030111911637277e+01,2.714957894024712459e+01,2.706841804106500149e+01,2.781022253960907165e+01,2.675428155358423510e+01,2.674204055272605274e+01,2.676936864582336284e+01,2.757928514892932981e+01,2.736434296795488308e+01,2.661016194964048509e+01,2.674705718066257987e+01,2.685751556851397481e+01,2.831536942421746517e+01,2.821647210756685809e+01,2.687773660734671921e+01,2.729948459642628222e+01,2.743507633038075255e+01,2.770817548948343756e+01,2.787382339756419469e+01,2.787503887493062393e+01
2.721226200744126800e+01,2.640572395881980583e+01,2.685452824591305898e+01,2.616659653654994599e+01,2.788928334536541342e+01,2.729106609373809533e+01,2.671521314798371804e+01,2.720153565394025463e+01,2.737116844217291600e+01,2.697073621878405447e+01,2.755405405895106696e+01,2.714977665473480783e+01,2.666271739900594184e+01,2.710406376186671196e+01,2.748272857113221335e+01,2.701505271851522139e+01,2.815689145344799726e+01,2.798899159473535292e+01,2.844771315303574966e+01,2.832847937269247041e+01,2.753501140298806149e+01,2.724737484017992983e+01,2.839583956118411834e+01,2.836561121870158786e+01
2.734939441126027759e+01,2.767333324328581057e+01,2.717739021742653449e+01,2.745582172971296586e+01,2.675636543991709004e+01,2.708751616720758193e+01,2.562341037867093974e+01,2.662049226481991582e+01,2.612032597933699662e+01,2.687116960109671027e+01,2.639617216962795965e+01,2.679650202380713608e+01,2.643688502816331720e+01,2.725576297600275666e+01,2.701216686511367016e+01,2.702563463586187709e+01,2.658603624732296566e+01,2.843140803848075393e+01,2.722373586872691931e+01,2.809821461221389427e+01,2.748221922029944153e+01,2.727648342406547499e+01,2.728714750145655898e+01,2.772675837376738173e+01
2.815029241390629977e+01,2.686433445514126106e+01,2.627165805835943502e+01,2.744243471599241957e+01,2.711558230430011918e+01,2.696766305779431150e+01,2.645716212636466480e+01,2.710667764210853647e+01,2.699315439008859130e+01,2.652479602457128749e+01,2.613172982286050683e+01,2.549444722558359899e+01,2.698313831653626949e+01,2.721727327881853853e+01,2.670426856027643225e+01,2.727981899928727216e+01,2.846329627388900008e+01,2.691862425340525533e+01,2.742939655316939707e+01,2.741281861701850175e+01,2.885518932619504540e+01,2.847281146318351830e+01,2.775018737651265610e+01,2.629832704914900887e+01
2.661233239330175593e+01,2.744188206521323536e+01,2.618051242119730659e+01,2.716986099169486124e+01,2.632706778810774040e+01,2.688357059402369487e+01,2.709966689993791533e+01,2.677336278642025036e+01,2.635919755949993259e+01,2.806646188257963104e+01,2.656831946100811592e+01,2.700291375247070391e+01,2.707438394283241223e+01,2.668984805544533856e+01,2.625869420153821920e+01,2.685123233087307426e+01,2.764222176837591860e+01,2.779911799173737563e+01,2.802563354340708202e+01,2.776251059955615119e+01,2.714091022665178343e+01,2.849455747776681847e+01,2.719855583673552246e+01,2.830405714617165813e+01
2.647774601248869430e+01,2.723126475964187421e+01,2.745084095585571049e+01,2.567866752634313343e+01,2.786300859671399621e+01,2.705010452334255433e+01,2.725646807427960994e+01,2.773590454200115119e+01,2.667904347253528385e+01,2.674855090843038852e+01,2.713694430080028042e+01,2.657882261979705163e+01,2.776569825623590759e+01,2.745024329801628937e+01,2.747393799963282390e+01,2.673430921575197772e+01,2.709269642273267209e+01,2.785371658321571431e+01,2.839349309429150026e+01,2.805215216502438125e+01,2.815100386985079695e+01,2.735556549310109631e+01,2.851606469845137326e+01,2.756300318566650276e+01
2.649145737289393310e+01,2.683269402555561101e+01,2.687684314724702972e+01,2.678329315100592112e+01,2.712118625140794848e+01,2.730000453276034023e+01,2.752264606765595545e+01,2.768119678445435738e+01,2.647182108303314862e+01,2.736562081403116053e+01,2.620754818863173341e+01,2.710328624860051150e+01,2.640430235798731928e+01,2.681972073878841911e+01,2.661744252268226774e+01,2.662888801396871941e+01,2.736170295778902073e+01,2.787960280473225794e+01,2.681409308197038399e+01,2.835403544766313644e+01,2.802059897143101352e+01,2.780048529150997183e+01,2.704953081058448561e+01,2.766968221458535027e+01
2.601557492662612958e+01,2.691676845428355591e+01,2.687459103202866117e+01,2.728478430086630624e+01,2.616490274240618419e+01,2.744647950425166982e+01,2.693519251510662116e+01,2.758353283554100699e+01,2.684717468462423540e+01,2.706064589136121867e+01,2.634887696456257800e+01,2.622393055556239005e+01,2.700578223689188917e+01,2.705320122748804579e+01,2.704396089610179388e+01,2.669511897691739932e+01,2.772025950026119290e+01,2.750208732950028434e+01,2.704437709096049502e+01,2.775178946565409888e+01,2.841026335842218487e+01,2.748442664940165514e+01,2.740784861573695252e+01,2.800744195750155541e+01
2.663955742570931307e+01,2.588930777768331382e+01,2.690424845007220256e+01,2.708457777403702949e+01,2.684601096373592100e+01,2.777643730117705445e+01,2.628680083698549197e+01,2.698725093057635149e+01,2.697288051094415096e+01,2.763792280049614192e+01,2.752711472216077482e+01,2.630890975482515159e+01,2.700782348625585882e+01,2.677026333689479998e+01,2.645204830124424689e+01,2.674441947483563808e+01,2.741861582223640426e+01,2.799929929606173573e+01,2.830378736483527291e+01,2.764351746893009931e+01,2.763607304860175873e+01,2.778173892896899133e+01,2.669414752796757284e+01,2.760534802281677003e+01
2.800382610431842068e+01,2.702308908534587317e+01,2.804862648374961509e+01,2.647380086712661296e+01,2.620979203471040364e+01,2.654650704438881803e+01,2.705105783923528406e+01,2.682476863688447111e+01,2.712616944768620897e+01,2.666008978237056226e+01,2.781362535690738014e+01,2.652100489555186869e+01,2.685933197175933174e+01,2.619499384078238791e+01,2.698226332137960526e+01,2.603883920546434183e+01,2.731178155715502953e+01,2.856051146140947594e+01,2.719062036026656415e+01,2.655974125843010825e+01,2.777559603367882346e+01,2.765767502270819023e+01,2.769878916462761254e+01,2.729548764621068813e+01
2.661886590703232969e+01,2.736060507929175856e+01,2.608983189324226259e+01,2.766963398289351517e+01,2.736890201935921141e+01,2.779777834321129149e+01,2.739884622603784692e+01,2.778873440840266085e+01,2.690084866751999471e+01,2.764316977438249978e+01,2.744924139845215905e+01,2.694749816454140046e+01,2.555353697022763981e+01,2.745378247839283858e+01,2.591970418447453994e+01,2.710748466869029016e+01,2.680503930707266136e+01,2.819723191902386361e+01,2.830003852546434473e+01,2.660531894297940880e+01,2.800537402408491516e+01,2.922299974057568761e+01,2.737821428109236876e+01,2.847876611651446410e+01
2.765290218438769898e+01,2.696379563044081351e+01,2.725373730265619088e+01,2.677569164389876732e+01,2.743961235523056530e+01,2.698515855016171372e+01,2.723976819091410562e+01,2.690606793857915591e+01,2.698442076244720056e+01,2.681409784167033195e+01,2.701162434996655293e+01,2.638623794933516820e+01,2.718029323286805266e+01,2.633445334456376941e+01,2.672906651558059821e+01,2.721707733236007698e+01,2.728868428193197815e+01,2.760877503831704871e+01,2.793683459623247245e+01,2.702208386603962254e+01,2.756418581481312913e+01,2.735841021444446142e+01,2.865346993065736569e+01,2.856140529645421111e+01
2.762811884922831496e+01,2.714905330572025832e+01,2.640714901056293229e+01,2.588008471099965391e+01,2.708454878835965474e+01,2.706655406303104883e+01,2.598796399974673932e+01,2.779624615476819827e+01,2.677857326931700754e+01,2.798059830145314208e+01,2.604969368913077687e+01,2.707828077460624172e+01,2.622941669117858510e+01,2.705102518582486937e+01,2.726693301271427572e+01,2.691357920499308420e+01,2.763139252485029829e+01,2.761208779365716737e+01,2.733615456402714017e+01,2.802225266739998233e+01,2.774206040228006032e+01,2.899803230461066050e+01,2.824311170006524208e+01,2.733146837344213509e+01
2.801165398358824632e+01,2.693939300749804033e+01,2.694234244775532261e+01,2.634955232770840894e+01,2.738316405993288072e+01,2.677293066293293577e+01,2.663456755594756942e+01,2.706682293190078781e+01,2.716572543253909089e+01,2.614623855596300928e+01,2.772909161102995768e+01,2.601585644536532982e+01,2.674389554365313870e+01,2.637788662231866965e+01,2.750194558508462706e+01,2.718886307434354421e+01,2.873156412220942002e+01,2.820828160045999766e+01,2.830897237344009909e+01,2.804839674521662118e+01,2.865252558227410873e+01,2.761454653057478481e+01,2.897384048520063970e+01,2.699934921482190475e+01
2.622268190833426615e+01,2.763808911131349078e+01,2.580497241778164152e+01,2.748141056711989449e+01,2.741510932561897107e+01,2.784250616254536226e+01,2.664438297516170451e+01,2.737761824993089022e+01,2.668622941091877010e+01,2.720855371431645153e+01,2.609788446628618885e+01,2.662182934384986766e+01,2.594631824294032185e+01,2.791621294229696559e+01,2.649107148293273895e+01,2.874147128507371463e+01,2.860013876177526981e+01,2.811516360158640282e+01,2.821167130128355893e+01,2.850269886730723101e+01,2.880106694780602083e+01,2.898367366271452283e+01,2.769585649186376486e+01,2.713761858314086339e+01
2.715070258020762139e+01,2.621414176627285997e+01,2.699060163072084606e+01,2.691038499351122937e+01,2.752879836944214276e+01,2.706513989629041816e+01,2.678176684385817907e+01,2.677407699550929010e+01,2.790250072615833687e+01,2.724326414738601443e+01,2.708803264569809244e+01,2.778754746375290097e+01,2.753028467049591654e+01,2.755320706772630501e+01,2.842001298189887848e+01,2.856066494939602762e+01,2.734281132808558823e+01,2.801460259270999131e+01,2.893341390970516613e+01,2.834917160605920117e+01,2.948817409908610898e+01,2.849350542537052888e+01,2.804445335238222015e+01,2.849819539268600010e+01
2.636493181010979470e+01,2.779279546872265882e+01,2.639826428719618434e+01,2.727670247158641814e+01,2.595275888671966413e+01,2.776845766340625232e+01,2.804928774260747559e+01,2.821520053746314716e+01,2.724232823280328830e+01,2.718950898639764091e+01,2.753779200252154169e+01,2.838262198326356156e+01,2.779873307653440406e+01,2.734349765685999500e+01,2.712531426070773932e+01,2.761211539163406314e+01,2.883919357097204283e+01,2.871867352359390679e+01,2.816515486310703409e+01,2.984727013337243307e+01,2.844737831780952320e+01,2.851646172191749429e+01,2.735170334358764421e+01,2.783860763893682133e+01
2.703192887560334157e+01,2.755114567727588337e+01,2.758303893945628715e+01,2.690791037065753244e+01,2.634381426503978219e+01,2.709954682963217465e+01,2.906953663724254966e+01,2.739782806395726311e+01,2.814666269458507486e+01,2.780811898213602262e+01,2.807403530541250802e+01,2.821175424344170324e+01,2.868701574597429271e+01,2.692546644887914908e+01,2.887742106982352652e+01,2.689524258268289714e+01,2.883784569563010791e+01,2.796767849363777714e+01,2.933301854655292118e+01,2.824795473154648562e+01,2.815032330364738300e+01,2.839780970511498026e+01,2.751962710249409838e+01,2.678096480621047704e+01
2.668861873042430943e+01,2.614856240505048390e+01,2.607622694072603053e+01,2.687443486651687863e+01,2.594079101504667051e+01,2.601225901171045507e+01,2.682132920322987957e+01,2.787564581858021029e+01,2.583491860218077818e+01,2.742232283897237721e+01,2.758161114675016279e+01,2.723464744543076677e+01,2.755048287218170344e+01,2.675120137284733346e+01,2.645847211370488594e+01,2.705058765487098071e+01,2.788495241902614907e+01,2.724675336998683406e+01,2.802871005742611032e+01,2.852049773574577785e+01,2.790229866263484837e+01,2.781057244252713190e+01,2.594996491482385181e+01,2.711936661034599183e+01
2.683091032294890965e+01,2.671936128364882279e+01,2.576397653343371985e+01,2.574295102038945515e+01,2.759378415921946726e+01,2.688167926916440820e+01,2.689917440946999250e+01,2.661859232211850212e+01,2.585777227269494460e+01,2.696281355751261799e+01,2.662038530255796331e+01,2.698962398765650050e+01,2.772459192564406294e+01,2.618049581488020294e+01,2.686855444481494715e+01,2.604340978710922627e+01,2.696213883151494883e+01,2.710350159246024759e+01,2.755333688252466118e+01,2.748368869903231371e+01,2.723879125032709680e+01,2.754515081892128592e+01,2.728856198798769128e+01,2.505285935815902576e+01
2.671448308575781994e+01,2.597795860878949270e+01,2.675438347887961754e+01,2.751405390283014185e+01,2.613605938442782417e+01,2.786810269350417002e+01,2.689851876421050747e+01,2.607396524325815790e+01,2.654890012646035302e+01,2.696397517751927353e+01,2.642107464391250460e+01,2.702301080084424711e+01,2.718063319140100020e+01,2.650390036157483564e+01,2.639574422014231914e+01,2.714284350464174622e+01,2.818835296875499807e+01,2.791413650356230391e+01,2.764325899978962298e+01,2.817789030961802155e+01,2.751747560916356861e+01,2.802835127487554701e+01,2.723383062197484605e+01,2.742368777165785332e+01
2.730144114248435017e+01,2.642149482204393962e+01,2.672079338514032543e+01,2.729119247400643644e+01,2.738153436697524512e+01,2.518873390621229191e+01,2.668193636595987073e+01,2.636691757513813172e+01,2.703289118282782511e+01,2.587266211062694765e+01,2.803292529254531473e+01,2.848462903535755686e+01,2.761866133652756616e+01,2.790946354660911766e+01,2.787381774772120480e+01,2.736541010508778982e+01,2.785220897284102648e+01,2.667990948294902864e+01,2.914062666899218357e+01,2.869552456507079796e+01,2.719010702781230293e+01,2.749710939466604032e+01,2.945500826427797847e+01,2.809794875206301867e+01
