2.746972978463804793e+01,2.805474343643987822e+01,2.896362575362451253e+01,2.866322021558420374e+01,2.830279512114094587e+01,2.824864122841285052e+01,2.914319853054752230e+01,2.966410992993360196e+01,2.872849024004290186e+01,2.838367346214317877e+01,2.948999156656594778e+01,2.933650440315125252e+01,2.751157507472157704e+01,2.853292482826572041e+01,2.938320931395128355e+01,2.830618281310665907e+01,2.880602477317933108e+01,2.977880253653262344e+01,2.788906323888812722e+01,2.837652438464601801e+01,2.875218103412731807e+01,3.003423150949566889e+01,2.896354011907084214e+01,2.909047424322398001e+01
2.846050488588474536e+01,2.953881574707634172e+01,2.852636190044700015e+01,2.873765099295923164e+01,2.930957343561038897e+01,2.901948399417682367e+01,2.806671521901012056e+01,2.849927618935009832e+01,2.776993328887795087e+01,2.933825666754125905e+01,2.829255798877971984e+01,2.810683343093654685e+01,2.871845656299609573e+01,2.817330856113733262e+01,2.926020975276094305e+01,2.903418830430285880e+01,2.915023183344032986e+01,2.822897746716819256e+01,2.844609756254209287e+01,2.904189686540632920e+01,2.858131262379180271e+01,2.882744186656856300e+01,2.807199816714529561e+01,2.984591706917626652e+01
2.864445498772926157e+01,2.798846761312881881e+01,2.807779822425277416e+01,2.864111508208122814e+01,2.836329318680168399e+01,2.910449925515069935e+01,2.892893040109407821e+01,2.967981210884789789e+01,2.952911540270281421e+01,2.937510115444956682e+01,2.834184484610653953e+01,2.856154349895030009e+01,2.842125279092550727e+01,2.923602694336540253e+01,2.909891863053792349e+01,2.767542242412741871e+01,2.869692975732777995e+01,2.867256486560194162e+01,2.908678721370944231e+01,2.777327644266887319e+01,3.052490485973527257e+01,2.924813329428008046e+01,2.844081759863911429e+01,2.902951685414620897e+01
2.874745435093785773e+01,2.832608481837058889e+01,2.848841685872008611e+01,2.836426529189930079e+01,2.836410231002730598e+01,2.794910560766300023e+01,2.954371955694745111e+01,3.003446075233301826e+01,2.877628800615195814e+01,2.903622714383766379e+01,2.838633221583938848e+01,2.837713876852996009e+01,2.894397909642896138e+01,2.993936472879568100e+01,2.845127038929081209e+01,2.884158337622426416e+01,2.860670456635949677e+01,2.866454919184855044e+01,2.904572602503100143e+01,2.887654875744158289e+01,2.821255053170148130e+01,2.887006409617686131e+01,2.874727627302775090e+01,2.864415217181846174e+01
2.809492441191770240e+01,2.876157914808419491e+01,2.775812667770259168e+01,2.902251803496267257e+01,2.853293084108338462e+01,2.968789865365636160e+01,2.848032832658628877e+01,2.836329079113482976e+01,2.865266995251784010e+01,2.968518586134263160e+01,2.905583011387676606e+01,2.818473760760031155e+01,2.878500338034820061e+01,2.830463751850379595e+01,2.828423259041261417e+01,2.821233151401401074e+01,2.873258844137785673e+01,2.841958873788445317e+01,2.702851383639591631e+01,2.825041172790338351e+01,2.874581608920613007e+01,2.941611695268443327e+01,2.889306034626099517e+01,2.884341067753240395e+01
2.933453765988002715e+01,2.771755192196422968e+01,3.017552103309179756e+01,2.911102629454899215e+01,2.848806889100876560e+01,2.868090281976492406e+01,2.903049429499441203e+01,2.930139055720223951e+01,2.929703187245434037e+01,2.933107774416896518e+01,2.862281487529060087e+01,2.822566736544075638e+01,2.823559020562635169e+01,2.918634020470989299e+01,2.938798640939614870e+01,2.768226262249208958e+01,2.876241783866532842e+01,2.820771707306050757e+01,2.805579562870184418e+01,2.922757844398557836e+01,2.791403341072901867e+01,2.899953780847766893e+01,2.777200313487531957e+01,2.848398511202861982e+01
2.952446802013139404e+01,2.892170380544689579e+01,2.867597840670879350e+01,2.834329622606639987e+01,2.800724633307868316e+01,2.926708919029641720e+01,2.918833976516339135e+01,2.907985262669916438e+01,2.941785701756515437e+01,2.868461733695261273e+01,2.865018256555788412e+01,2.917344288533377039e+01,2.850552991786804569e+01,2.940965768153785120e+01,2.878043827906122942e+01,2.961634098787652647e+01,2.917090101202228425e+01,2.877110457007421473e+01,2.948326902185272047e+01,2.996752738686808470e+01,2.952277586064525394e+01,2.935417758950524103e+01,2.835406535508320758e+01,2.863978117781903165e+01
2.876909562796640785e+01,2.905426621974305590e+01,2.865932293898958960e+01,2.933165399600494538e+01,2.829854542596189049e+01,2.962708829783485953e+01,2.878096431770114805e+01,2.848764815698245911e+01,2.900985732358350333e+01,2.888338211778636833e+01,2.812807194224404839e+01,2.920548829230403953e+01,2.880004662773382051e+01,2.883958845128091752e+01,2.957483019065256258e+01,2.905378728170484237e+01,2.935237046842235031e+01,2.861492711002983924e+01,2.869376216059691842e+01,2.815319505151575186e+01,2.756682748542533545e+01,2.913967670675896215e+01,2.913768884129484604e+01,2.924551696921241728e+01
2.954989046520313423e+01,2.927938910270734141e+01,2.859703234225543156e+01,2.900399252512443127e+01,2.932282459239962691e+01,2.885181311341102628e+01,2.895210466754457457e+01,2.866730675004674822e+01,2.862964507190952190e+01,2.957665905723735023e+01,2.899679873537354524e+01,2.922158384152356803e+01,2.876038284517107968e+01,2.811102141404552412e+01,2.850415176372877113e+01,2.906098711589675077e+01,2.853982560455352768e+01,2.857717763329105765e+01,2.844960436356524269e+01,2.920306403486682711e+01,2.911038352766621529e+01,2.915595216199017159e+01,2.834758879916881824e+01,2.807138046034128820e+01
2.890555727761557137e+01,2.834016779034755018e+01,2.831926147193468069e+01,2.801238301808382403e+01,2.769983450457846175e+01,2.844520916122610288e+01,2.867761850944395974e+01,2.868449597279084173e+01,2.949255533790500294e+01,2.813573795566617264e+01,2.837646197766514433e+01,2.852500357144072041e+01,2.842079432026446284e+01,2.856468837792965587e+01,2.838123960796258416e+01,2.942030826655627607e+01,2.885897490542271271e+01,2.786114015499254037e+01,2.960205493249020492e+01,2.834679002374861057e+01,2.854525679425182716e+01,2.866830770260338568e+01,2.767264048838899271e+01,2.803088744070004168e+01
2.851257406616628032e+01,2.837312072674359342e+01,2.849877575202060598e+01,2.918366318339172949e+01,2.847836810743314118e+01,2.936916556343561524e+01,2.962632852231189418e+01,2.829780769214283964e+01,2.826956721029137043e+01,2.862807111478440447e+01,2.928033113711200031e+01,2.873873626119046776e+01,2.882685970547692023e+01,2.879051416191344970e+01,2.905278679416971954e+01,2.935318458332784530e+01,2.842369900481207878e+01,2.904765369542303688e+01,2.873375215221437884e+01,2.936559235633387743e+01,2.901279154305535712e+01,2.950533730635424945e+01,2.970718682683434508e+01,2.902740582259593793e+01
2.870715291144142611e+01,2.919371645516957869e+01,2.825041667469133699e+01,2.937294638137007041e+01,2.844765426722881330e+01,2.907441078949977964e+01,2.885921876127900987e+01,2.962428192199558907e+01,2.751509893416306340e+01,2.880302800294901999e+01,2.921112929456080565e+01,2.894008283870687137e+01,2.880655904096602171e+01,2.920249719701428148e+01,2.929861690467515700e+01,2.897367619837189068e+01,2.828202283345586920e+01,2.877426257443340774e+01,2.945963147263756809e+01,2.914668222793420682e+01,2.874383338584971170e+01,2.931521069353829034e+01,2.895200965058978682e+01,3.017493365379192483e+01
2.889694284096577803e+01,2.845629786091149072e+01,2.845341238339057099e+01,2.910208908851944898e+01,2.869810153283145837e+01,2.830923390830679409e+01,2.834749465854815753e+01,2.863028846004942807e+01,2.913566589698774578e+01,2.919161166268241914e+01,2.936998598424520424e+01,2.775304249650457677e+01,2.783483491950960342e+01,2.848720473533109043e+01,2.874827388931782934e+01,2.844624350252979639e+01,2.852348480765061822e+01,2.919844839031736683e+01,2.835473541538260633e+01,2.822391546384312733e+01,2.848604859971356973e+01,2.849413166805021547e+01,2.886563265451030702e+01,2.862060301288175879e+01
2.799084402238958091e+01,2.879489884664849342e+01,2.850238633001254129e+01,2.904138564635070452e+01,2.853475013378255198e+01,2.798725951936393130e+01,2.748540042047670795e+01,2.860219336681598179e+01,2.880049340692539772e+01,2.880141157765467597e+01,2.812299398537874140e+01,2.831266392568124957e+01,2.822684247909108990e+01,2.811287455645589262e+01,2.928717608465137801e+01,2.933318855522844615e+01,2.840545773146322972e+01,2.836717134921462957e+01,2.905740327604564754e+01,2.936515520586590355e+01,2.847284172734754293e+01,2.911994785920200002e+01,2.827364838677527814e+01,2.845018337590573765e+01
2.859192778270545432e+01,2.864557860749704332e+01,2.859231223166221980e+01,2.865230792528683423e+01,2.933110347083749048e+01,2.951702152426742032e+01,2.895395955071870731e+01,2.864789400540797715e+01,2.933721647120825082e+01,2.835360589119324004e+01,2.866262603038939005e+01,2.861582387333743327e+01,2.932283303548837239e+01,2.863449948772284870e+01,2.918151470797636193e+01,2.863400668844496977e+01,2.958552036488367776e+01,2.960008596440627571e+01,2.983230881888738395e+01,2.893232022588341579e+01,2.920399510522167930e+01,2.953010370184256317e+01,2.862103989394995551e+01,2.867621199300805301e+01
2.752967694666745047e+01,2.858060812794843741e+01,2.987576312429501968e+01,2.769344983158123341e+01,2.855754796822304797e+01,2.928270681555210331e+01,2.739686352360939736e+01,2.936756889185141972e+01,2.899804149992746716e+01,2.868564848214600715e+01,2.890635900913730438e+01,2.881219769420215471e+01,2.868925696255382718e+01,2.884430240067518980e+01,2.823167254299136175e+01,2.975155469576975520e+01,2.937356794214349520e+01,2.861152498775288677e+01,2.851571730877441269e+01,2.950119598511935237e+01,2.933404685903724385e+01,2.904534599517512561e+01,2.833097034829569338e+01,2.935214425696096896e+01
2.822346267253169572e+01,2.874316390718547609e+01,2.870092505817279971e+01,2.879134627363180243e+01,2.863055796974265377e+01,2.829800173773003280e+01,2.779092290076613381e+01,2.830514136278537762e+01,2.875148034860887947e+01,2.863518194279305362e+01,2.797270785838611573e+01,2.885512820510410847e+01,2.862077600798130561e+01,2.917822643087771439e+01,2.930530041104424299e+01,2.786893970686895727e+01,2.846143533032318373e+01,2.899421573121531992e+01,2.927054354509363066e+01,2.863743464267827221e+01,2.933391707057484155e+01,2.880272990359020469e+01,2.860015907690723225e+01,2.853800026195676764e+01
2.818654828175624516e+01,2.879067244744265963e+01,2.838928661467269876e+01,2.892155025903286969e+01,2.810653458177318953e+01,2.861886339038017013e+01,2.858400869087228102e+01,2.868112865083668339e+01,2.829186703301076022e+01,2.912535659760573026e+01,2.845316017236109474e+01,2.945141464568501988e+01,2.824623156710487137e+01,2.827504657791871523e+01,2.828543473736908709e+01,2.858013356155777274e+01,2.914949879992747128e+01,2.876268519040780802e+01,2.834678849468258477e+01,2.903179977471239681e+01,2.923218817309350470e+01,2.917165608818726241e+01,2.881606032063689327e+01,2.975082521564701210e+01
2.920178069718576808e+01,2.866199213744761209e+01,2.782224746372804702e+01,2.858548798959822079e+01,2.787550815324374298e+01,2.916697578362897048e+01,2.884373690721088224e+01,2.833417758335559711e+01,2.912719592809344249e+01,2.861265101728560012e+01,2.915438173300890412e+01,2.847751023571652240e+01,2.923363656106766939e+01,2.836699037914075916e+01,2.870635011664319336e+01,2.835143321240838077e+01,2.988233796070352355e+01,2.880909890793191153e+01,2.891376091884166044e+01,2.863463853959910921e+01,2.951224291322341742e+01,2.934994169565447919e+01,3.063123052063536988e+01,2.942058431282060837e+01
2.745580636307539635e+01,2.955780426514593273e+01,2.899325175669002874e+01,2.939067288194229377e+01,2.858768349784952534e+01,2.920024400756960858e+01,2.858627217820179567e+01,2.831443743620053510e+01,2.844653697890908006e+01,2.845560634629953256e+01,2.863639523801742826e+01,2.920011886521029965e+01,2.799976011461745884e+01,2.899617019214366564e+01,2.860114934566831835e+01,2.914378685103207545e+01,2.896892921667262044e+01,2.900089854188877325e+01,2.888208851220650786e+01,2.926802750350447013e+01,2.931788560316022085e+01,2.866081351503754604e+01,2.862185528867661333e+01,2.965178012993965240e+01
2.840971816371370551e+01,2.855585217069670989e+01,2.924178438168803496e+01,2.894915701574296918e+01,2.839839913389755566e+01,2.847988089633162190e+01,2.909433825474235391e+01,2.827416117976468968e+01,2.936737142088719565e+01,2.859091355011400992e+01,2.805144042945363481e+01,2.824156745017421599e+01,2.833615691917350432e+01,2.937006694496744785e+01,2.852174055088244131e+01,2.903556084152131689e+01,2.910088591499180666e+01,2.931547876341545589e+01,2.924124967730006119e+01,2.927293800233093179e+01,2.883343952931392096e+01,2.954506502827558734e+01,2.970148345313901928e+01,2.992496992091338370e+01
2.810387900912883197e+01,2.892186678905329700e+01,2.932799392165452446e+01,2.841444911529197270e+01,2.778878885630263085e+01,2.765679338457931635e+01,2.843333288788772961e+01,2.841469616826725542e+01,2.868103292908620006e+01,2.899399150773086831e+01,2.814825274448583059e+01,2.767113737284665831e+01,2.916590149176767000e+01,2.830720192477593855e+01,2.921105850763706258e+01,2.765826464568152687e+01,2.874872602726685500e+01,2.888263198347380012e+01,2.909572715512376817e+01,2.955203059630105145e+01,2.894698742225347132e+01,2.925367851810278808e+01,2.956080991239707600e+01,2.981884608468055831e+01
2.867496673831414000e+01,2.922781138598350026e+01,2.854268079270946146e+01,2.880353908447983713e+01,2.982685528176801881e+01,2.909117988474184813e+01,2.941261301482222734e+01,2.850767261388256202e+01,2.833231320123343266e+01,2.848861713687176689e+01,2.828301466656114371e+01,2.861808468049747489e+01,2.858922167986412433e+01,2.941320598811569198e+01,2.926931356161162512e+01,2.826264071904989805e+01,2.932521809110113509e+01,2.968586612658071999e+01,2.942123336403483336e+01,2.854492899002718787e+01,2.932752539247854884e+01,2.863654331913670603e+01,3.134468153341617835e+01,3.142380229624262711e+01
2.852534661989568576e+01,2.778621610406668196e+01,2.857510733666919123e+01,2.944415371099563572e+01,2.834498266632260766e+01,2.897662878688458932e+01,2.936856584746004728e+01,2.865060153531612741e+01,2.855305365485571656e+01,2.889962810238091606e+01,2.787781987632246228e+01,2.858777184901418877e+01,2.850224788221805738e+01,2.930383374401867513e+01,2.919718691004749189e+01,2.833958685315013781e+01,2.853338729771650151e+01,3.008168712472507877e+01,2.988659544016201153e+01,2.924211366950305546e+01,2.955966205751616371e+01,2.977650155824250078e+01,3.250161084072885842e+01,3.204633738423819977e+01
2.773652467498385477e+01,2.831987815715967827e+01,2.901315079916918194e+01,2.926950401305765581e+01,2.868625550446182615e+01,2.857408596509105791e+01,2.734607915894133612e+01,2.809861472086851109e+01,2.862129345973579575e+01,2.843997989069845289e+01,2.854886155605709064e+01,2.836923185503979994e+01,2.869763353992351540e+01,2.839661483047154888e+01,2.853639672260874249e+01,2.887569505811740100e+01,2.836554038482938722e+01,2.842541036660412601e+01,2.959034079930825101e+01,2.920184223589069461e+01,2.984874096522821674e+01,3.006694093092175990e+01,3.170855573001017547e+01,3.066486588565817328e+01
2.812806425576570746e+01,2.774468916183167266e+01,2.745827771058657163e+01,2.751224376126316429e+01,2.869148826583943901e+01,2.798568168618987784e+01,2.844144305612968537e+01,2.857282085293803675e+01,2.752992413664424021e+01,2.829069613394267435e+01,2.778391355020141873e+01,2.827320915790164690e+01,2.823066302574051178e+01,2.911256695250824578e+01,2.944528725746675946e+01,2.868769113188528763e+01,2.873639266160824945e+01,2.885421268257186966e+01,2.819922638346685062e+01,3.029167704835077757e+01,2.912346419655716545e+01,2.903471391824382408e+01,2.998351086940243704e+01,3.097659738754776981e+01
2.848313336945523133e+01,2.880176299221358249e+01,2.792104738821672072e+01,2.819459135606297195e+01,2.797490722554175591e+01,2.741750608072305795e+01,2.822383009770578610e+01,2.747324575679147074e+01,2.949574907141516178e+01,2.778056431515415170e+01,2.988862677840597826e+01,2.838527557586854755e+01,2.775834950519350741e+01,2.916922771009018334e+01,2.891813687955351497e+01,2.906984744895765971e+01,2.935620009480425097e+01,2.928192821248262590e+01,2.967442049827423034e+01,2.892572696598068660e+01,3.019024880206728767e+01,2.915774569806768568e+01,2.938974567319183961e+01,2.993812918354609565e+01
2.837977380358233859e+01,2.876021105903527086e+01,2.747563024978194335e+01,2.885057236317294382e+01,2.925916650436715827e+01,2.790384156359476719e+01,2.852382361991885773e+01,2.738594471799518715e+01,2.778744725098465551e+01,2.740646519658696434e+01,2.771224756749251128e+01,2.855090210426152453e+01,2.869575652223528550e+01,2.838242314029048430e+01,2.795799022505968878e+01,3.001823440536594489e+01,2.866549196442309722e+01,2.980766489165017674e+01,2.975092345881358824e+01,2.959221902371359647e+01,2.959317253885865284e+01,2.920648086373836350e+01,2.949206978057691231e+01,2.998530993484155260e+01
2.824354122640897913e+01,2.844691745699327612e+01,2.726437775276855291e+01,2.808588143163234463e+01,2.889598595458147656e+01,2.753044427342837253e+01,2.724039562211589782e+01,2.772215194557873019e+01,2.820031054091492706e+01,2.803428633023457905e+01,2.736839642701545472e+01,2.858569887145409893e+01,2.922567305498580481e+01,2.940538738640071870e+01,2.860066458782659993e+01,2.805604562316568718e+01,2.824900778275389257e+01,2.861005743583245930e+01,2.822077195097318736e+01,2.836533427889429504e+01,2.853196688339914999e+01,2.951970268653383300e+01,2.985841434068413491e+01,2.872546430591347644e+01
2.897786100049711422e+01,2.729615489394757333e+01,2.775496829442238322e+01,2.828290287292617222e+01,2.856707960695888460e+01,2.820356184589377335e+01,2.778765980470785735e+01,2.844832735375013044e+01,2.769250030093473924e+01,2.676158984361171633e+01,2.783253234970874246e+01,2.795912080718517245e+01,2.794151239655406016e+01,2.923501512279034387e+01,2.864994419116197832e+01,2.857351417872774846e+01,2.837883092975437194e+01,2.828783357680299559e+01,2.800912974135655986e+01,2.870753608641570054e+01,2.835926204972327014e+01,2.842319322196124176e+01,2.912854340201755576e+01,2.842829571572144687e+01
2.794455527653690297e+01,2.702834848539538370e+01,2.858526394490132816e+01,2.866438132937787486e+01,2.831313062185631679e+01,2.914038069700575306e+01,2.892642040247591240e+01,2.815765334137114451e+01,2.852019965647571098e+01,2.833736901434605215e+01,2.769490047375313679e+01,2.855131478820999291e+01,2.924786487882352048e+01,2.822614930243236131e+01,2.873244641256962950e+01,2.869716424061778071e+01,2.885093745896034534e+01,2.926927669115133313e+01,2.918665846065289315e+01,2.828777815200339774e+01,2.937142235335875284e+01,2.862530254470112823e+01,2.945510126634019343e+01,2.928113348580853881e+01
2.787127099379046058e+01,2.765612833842874352e+01,2.745287071318028893e+01,2.885664097115972027e+01,2.826260028651114453e+01,2.807430255412435827e+01,2.973126564846899100e+01,2.842101561563009682e+01,2.779914928002023089e+01,2.808055655165884446e+01,2.961412655470087429e+01,2.873227739702008421e+01,2.791280937537482032e+01,2.876457805667467937e+01,2.860754354948767286e+01,2.845586688189604274e+01,2.858939060547191957e+01,2.906128508067342864e+01,2.991705552696799941e+01,2.985203305934896889e+01,2.849375904752838551e+01,2.963992939575047103e+01,3.082242395357758369e+01,2.918105578967026759e+01
