2.804247556438161837e+01,2.829151590506825187e+01,2.913641181104742373e+01,2.882948585887493209e+01,2.877063834878998705e+01,2.895283494654449896e+01,2.892488772463377700e+01,3.039583519105462983e+01,3.035636203366038899e+01,2.984397883102110427e+01,2.908037216517624302e+01,3.028848219305348266e+01,2.886913859337084887e+01,2.968473694199195734e+01,3.001344368225244352e+01,2.926578548091833909e+01,3.018650412015284701e+01,2.901839285194085960e+01,2.911029274439067649e+01,3.013626790996738691e+01,2.876264616484894532e+01,2.987752025117379162e+01,2.914656751062557305e+01,2.984980549792544480e+01
2.954038200858087748e+01,2.775332279677826364e+01,2.897987423449075095e+01,2.924286171555883129e+01,2.933148326783987159e+01,2.957580906045427582e+01,2.946580958906093883e+01,2.793611681987977136e+01,2.908846081919722337e+01,2.977944499490513408e+01,3.002174578711043296e+01,2.944932922199251379e+01,2.865508006948061848e+01,2.883870946286157277e+01,2.986325824182625865e+01,2.844650557336740349e+01,3.025597748669872544e+01,2.922752002991364861e+01,2.897177524143580740e+01,2.921797193265024362e+01,3.019652122780922809e+01,2.939530475244265517e+01,2.968060127426815598e+01,2.961136536276887909e+01
2.782332619242583860e+01,2.847869393883320299e+01,2.876245694229197625e+01,2.771349472203132791e+01,2.918700781057083304e+01,2.798384946013231911e+01,2.930842957114316505e+01,3.008169762073453057e+01,2.896102560011536298e+01,3.052319076135023579e+01,2.928328260205074685e+01,3.037641275977745181e+01,3.010531005426287265e+01,2.862117010870832701e+01,2.894812402021528897e+01,2.924711360688121431e+01,2.947875829634421052e+01,2.916910743411824569e+01,2.988843995961741484e+01,2.916322943089505770e+01,2.959989950639715062e+01,2.953700212886030840e+01,2.859768915672009371e+01,2.859360136135154562e+01
2.921420051238271753e+01,2.878922566882658884e+01,2.891575695361069620e+01,2.900116935481764813e+01,2.771262365596930977e+01,2.820891945671007761e+01,2.895255439200934688e+01,2.965080643480990830e+01,2.947565903290166034e+01,2.893410212069022691e+01,2.996039217612309358e+01,2.840592253383573507e+01,2.981174262653843243e+01,3.003674265354942463e+01,2.998281927604494967e+01,2.922867982920809027e+01,2.958095134554179140e+01,2.945961624888974484e+01,2.912444986643492939e+01,2.981062434531844474e+01,3.009415617947610144e+01,3.121847741388614850e+01,2.914772495693563314e+01,3.017230715267407959e+01
2.863406289502836444e+01,2.836695922776340240e+01,2.733627915669438835e+01,2.901966326441515776e+01,2.835898918551566794e+01,2.952656388277841870e+01,2.881765704573149378e+01,2.779190528490886436e+01,2.831486017915443654e+01,2.901626032544623968e+01,2.907571538745202133e+01,3.050085993264104900e+01,2.894257106302097782e+01,3.017809804781603589e+01,2.914287662405536139e+01,2.876213560911327249e+01,2.892526309227088177e+01,2.981372650018573722e+01,2.964237889035325679e+01,2.902079888055516221e+01,2.938019998793822651e+01,2.913996059507627479e+01,2.867497703513691931e+01,2.993210289985944428e+01
2.920603177585064714e+01,2.833049095722515176e+01,2.958569341840075140e+01,2.814380549322135039e+01,2.932249939461161148e+01,2.794813210583311047e+01,2.858330970516766456e+01,2.865793449355970779e+01,2.890189489980190274e+01,3.006789521130207277e+01,2.883364679908282824e+01,2.884306191331029368e+01,2.955280258960971196e+01,2.887591137854991530e+01,2.958364128405423799e+01,2.850646885913960205e+01,2.956369261738024079e+01,2.998341465529171046e+01,2.990087483092463572e+01,2.940356480306411413e+01,2.987614813161695793e+01,2.931528230116248324e+01,2.953760679056387062e+01,2.925335327613282743e+01
2.963838342019641914e+01,2.930813570789734968e+01,2.770043914199243318e+01,2.866344859796873834e+01,2.868984810604081304e+01,2.919224812850700346e+01,2.810297653264831297e+01,2.843533699963205663e+01,2.951463678142056324e+01,2.869931834295107365e+01,2.920803510055094421e+01,2.804152717810984541e+01,2.904558249394580116e+01,2.931850889005795580e+01,2.961378675894133039e+01,2.915947263040658299e+01,2.884977426161810854e+01,3.001369577954955048e+01,2.991919810043958705e+01,3.054148946630078854e+01,2.932688644407159018e+01,3.002497046077252207e+01,2.978343791226069470e+01,2.858381087120886832e+01
2.890153015472947118e+01,2.832321911872065812e+01,2.882224719176144845e+01,2.886828527341373274e+01,2.841051143673348633e+01,2.891189226616376118e+01,2.892645315916064419e+01,2.990459483892624348e+01,2.847930388028413518e+01,2.889390214670834212e+01,2.964113792321904839e+01,2.930778389070320600e+01,2.926059329789842423e+01,2.948149646916181155e+01,2.841495280368133081e+01,2.985066964053601168e+01,2.892935013797477950e+01,2.912615594929962981e+01,2.942511722411330766e+01,2.893450768134135842e+01,3.029553674530927765e+01,2.926400745768063416e+01,2.925426981669141924e+01,3.034951597343564345e+01
2.834582922699178198e+01,2.851732868905963869e+01,2.760322319932055279e+01,2.801618676585871981e+01,2.891928414425564142e+01,2.831872146581702054e+01,2.953722233435308908e+01,2.947992994434491720e+01,2.838592825261150665e+01,2.834086582147904210e+01,2.881887720383610940e+01,2.877035146631664020e+01,2.970859185291698168e+01,2.982144268451850166e+01,2.917848105019299965e+01,2.912598427562636516e+01,2.953071377701422762e+01,2.914585609508827702e+01,2.848372391369684919e+01,2.964966834465150214e+01,2.891262598231094216e+01,2.940760029114778717e+01,2.912804208666210570e+01,2.988086605400513918e+01
3.007121949833646113e+01,2.928875909474464834e+01,2.861622002728842062e+01,2.810790450347070646e+01,2.847407224758285338e+01,2.777060020756914582e+01,2.910866896236262846e+01,2.860079693300178860e+01,2.793545064739868167e+01,2.850730708117822587e+01,2.953198316570257020e+01,2.817571160040176892e+01,2.810755219323749543e+01,2.861488090839338838e+01,2.925857614194552525e+01,2.880017907371700403e+01,2.925086084059751101e+01,2.862538920810266063e+01,2.938954427307572814e+01,2.991798030287418442e+01,2.950753891559497788e+01,2.969664438233417059e+01,2.905078773040418127e+01,3.020322619689471821e+01
2.804320069911238988e+01,2.935092590056012796e+01,2.804291134504819638e+01,2.895145992694534698e+01,2.877679134853457299e+01,2.920138596321822888e+01,2.810045834202770720e+01,2.805755493740542761e+01,2.845803311960202109e+01,2.890023962859550011e+01,2.870502687965472433e+01,2.878180061698753889e+01,2.889667265803046803e+01,2.930500755741002195e+01,2.876000240286691678e+01,2.916995766272987112e+01,2.921688665071917512e+01,2.878057775431847176e+01,2.870048822289237478e+01,2.877805631370534911e+01,2.964655849541532007e+01,2.867942552160428704e+01,2.885903636635316616e+01,2.920710410173830951e+01
2.873224725137259838e+01,2.801191677811164027e+01,2.885804517053225027e+01,2.859538932971901204e+01,2.883795301242713549e+01,2.943042333188935800e+01,2.840636667716398733e+01,2.950015122250863442e+01,2.885538394143998175e+01,2.890756108141800951e+01,2.908137429884260428e+01,2.847082389703177796e+01,2.863022036080786847e+01,2.901180842871332288e+01,2.863474348986261475e+01,2.915216328765438902e+01,2.896863506474272754e+01,2.914945284383702528e+01,2.940143998874196996e+01,2.945274346713887326e+01,2.940253163308585727e+01,2.946431107851412889e+01,2.964871303749595199e+01,3.066145293743892353e+01
2.900707342926096999e+01,2.858878720018009290e+01,2.802588838471808685e+01,2.889049535562162419e+01,2.779287859339405031e+01,2.849317149679933436e+01,2.866124455418372463e+01,2.930823149480710299e+01,2.871235335486750273e+01,2.916336190047104537e+01,2.857774149643182682e+01,2.869837965133223179e+01,2.870855971721368860e+01,2.895368776083813600e+01,2.900422347319255323e+01,2.943247357938253117e+01,2.947773869415186709e+01,3.005871474861714887e+01,2.842304581530430596e+01,2.937886602935566316e+01,2.850156235212222100e+01,2.999227171133048842e+01,2.878819968350978797e+01,2.879629955421722798e+01
2.885204184785277448e+01,2.754160014896410758e+01,2.868539607955102611e+01,2.725922580661858774e+01,2.824712603884535156e+01,2.877782717306820359e+01,2.935727143549638640e+01,2.804833524818241131e+01,2.912091950602103907e+01,2.847640831308052611e+01,2.944545607556750610e+01,2.865543463002808267e+01,2.857905511375690821e+01,2.862342711958075370e+01,2.886416252712712094e+01,2.971027750965680525e+01,2.868770752232995846e+01,2.967187882406221888e+01,2.950491228691146262e+01,2.902645223813948405e+01,2.908836622440401243e+01,2.841105888430178084e+01,2.919635376456460563e+01,2.889012896811686915e+01
2.818456458069613291e+01,2.811175149361486092e+01,2.836394831957613860e+01,2.794354446276742010e+01,2.785354293915980861e+01,2.917319804728833788e+01,2.930230080599727671e+01,2.907335403024887910e+01,2.822678819306514697e+01,2.866447828208703186e+01,2.782193553186732515e+01,2.951842915720737892e+01,2.798601900439342671e+01,2.855625094839905387e+01,2.914049749346730778e+01,2.856056366312265027e+01,2.861081534351643541e+01,2.921821779718374046e+01,2.906937930574741813e+01,3.047631212149707380e+01,2.989135258108137805e+01,2.999005290364755183e+01,2.982433655284984297e+01,2.892135877654152409e+01
2.785371854911556966e+01,2.810304681702530161e+01,2.716840466234407359e+01,2.830502257902963947e+01,2.826022805017851169e+01,2.759522475299837652e+01,2.819978831942069064e+01,2.809407652753253615e+01,2.765440806900733151e+01,2.817868889198291527e+01,2.818954587587467131e+01,2.840782502598875681e+01,2.793012875553421281e+01,2.938525667901495808e+01,2.746355258407305655e+01,2.896411769338396880e+01,2.817805385496632198e+01,2.888792049398534800e+01,2.850528377406618574e+01,2.884647922817640620e+01,2.959653861869497860e+01,2.982692413231023920e+01,2.915072497212622693e+01,2.979170111201625559e+01
2.733920942927704800e+01,2.770361422504714710e+01,2.769239744368167067e+01,2.783654287206513800e+01,2.674145885315255100e+01,2.770488489626370665e+01,2.754512830072530960e+01,2.797071016030025703e+01,2.694397789606631477e+01,2.789659106591039972e+01,2.796716071146067861e+01,2.906062133774884160e+01,2.707849417500739264e+01,2.770527082901185167e+01,2.726602542739800583e+01,2.689239977948324167e+01,2.780510048010614810e+01,2.825394998294990501e+01,2.845596451665255699e+01,2.956228456604372923e+01,2.959107316298349133e+01,2.884212817673454765e+01,2.882051156578910422e+01,2.882731843988455012e+01
2.836636579811710135e+01,2.690424088811386127e+01,2.771513243224950429e+01,2.772968487551122507e+01,2.812621828495014142e+01,2.744276862313779475e+01,2.843522125248398424e+01,2.817883658674844582e+01,2.789081749555799661e+01,2.758927605487417622e+01,2.837230718878248581e+01,2.693541503192466280e+01,2.842931194447066900e+01,2.702172180308571114e+01,2.651866274865113837e+01,2.781731399382294967e+01,2.725492315859963810e+01,2.806600131587657643e+01,2.866009359017539282e+01,2.902645223813948405e+01,2.996028490088684748e+01,2.826900767611385845e+01,2.935977841929576471e+01,2.908901906837081697e+01
2.858439923218247714e+01,2.735498907705505189e+01,2.836244732421516801e+01,2.772257837248633905e+01,2.818639241018843222e+01,2.708340206215933677e+01,2.780448689551462849e+01,2.841130291888214288e+01,2.837454777697524833e+01,2.779521742081300317e+01,2.788554794594239183e+01,2.764809157503430015e+01,2.721627695191983776e+01,2.728846816779099527e+01,2.752143537361416747e+01,2.793426106969940292e+01,2.842519452273239722e+01,2.748438869008373331e+01,2.845416755764540540e+01,2.849424716131090918e+01,2.900713285387644191e+01,2.878306886693104616e+01,2.967168668388177366e+01,2.892935891141161164e+01
2.722612281045019245e+01,2.772917339106891177e+01,2.830381499982308924e+01,2.797486135003555319e+01,2.818714509072094643e+01,2.789590704718057168e+01,2.733585734339482087e+01,2.790972291932928329e+01,2.746057509398673346e+01,2.781735816347361379e+01,2.787580239727748221e+01,2.860174148405985761e+01,2.766227754388415860e+01,2.817179401791253213e+01,2.788394110037097562e+01,2.858656708055428908e+01,2.814347970250287290e+01,2.885240952097410627e+01,2.860664398614483162e+01,2.916406759291345452e+01,2.925539193012366468e+01,2.947887297237747362e+01,2.966234770217886307e+01,2.941342384887445860e+01
2.662370630972293384e+01,2.797899720670608303e+01,2.731734192169420794e+01,2.855040801871962231e+01,2.818307679700325252e+01,2.743745529357215673e+01,2.757241131883461094e+01,2.889646564392063510e+01,2.707493191422736345e+01,2.737750195703955569e+01,2.759684005702337117e+01,2.819773188363080862e+01,2.716692749554056263e+01,2.729335456240590929e+01,2.734465212978483351e+01,2.778096515771278519e+01,2.778969401951218288e+01,2.825010567459031563e+01,2.827710700503189400e+01,2.889362529198808716e+01,2.885154446680309093e+01,2.930218770746745349e+01,3.000647633415530890e+01,2.908221324473936420e+01
2.784591248691657484e+01,2.789046427362166014e+01,2.753783159057252306e+01,2.775815216967919241e+01,2.735107907271247996e+01,2.775651495260802903e+01,2.769143077826373656e+01,2.821502775649895511e+01,2.756287238152299324e+01,2.739926453224063607e+01,2.781308817914930387e+01,2.735114090837925005e+01,2.815498172651120967e+01,2.749891300110022030e+01,2.818133297969029627e+01,2.784776580586498085e+01,2.654023054306873064e+01,2.837343022345862664e+01,2.879575285068153789e+01,2.913039013191342974e+01,2.976388050352557002e+01,2.925625681254791743e+01,2.985297836467725574e+01,2.923283035250568673e+01
2.863312023534803075e+01,2.780618624117533955e+01,2.806782476226550216e+01,2.801190823629121951e+01,2.789270310756700155e+01,2.798864242461758067e+01,2.725372176124642465e+01,2.717498911938508854e+01,2.789100706018808751e+01,2.814872163013973250e+01,2.847184088924979051e+01,2.821672526570552009e+01,2.700519497665976587e+01,2.811061217075575769e+01,2.734545801533755593e+01,2.712175088167350623e+01,2.795988864100644378e+01,2.807405168043482036e+01,2.861525555152445577e+01,2.942535517655130661e+01,2.928049794283174379e+01,2.976342833980623936e+01,3.084371647884859158e+01,3.190464266610820232e+01
2.700523783965257962e+01,2.852973491148168250e+01,2.749836330692272668e+01,2.758889642491919858e+01,2.843872515814211965e+01,2.794928708297828734e+01,2.714738682897785793e+01,2.842351308933575638e+01,2.749198043198936148e+01,2.802871293742612124e+01,2.767914710913532872e+01,2.787679975937760446e+01,2.728511308131874102e+01,2.772217947688767481e+01,2.740005301669276605e+01,2.877712675907071116e+01,2.783115398299975141e+01,2.836320308210054009e+01,2.954855351634768112e+01,2.943141542370557318e+01,2.913762909759617514e+01,2.955070767232217577e+01,3.143298845548923737e+01,3.153382829974538026e+01
2.651249829587391105e+01,2.774367389543346007e+01,2.761673328378435599e+01,2.794135296173845973e+01,2.713215269358914838e+01,2.818591014021131969e+01,2.685168178481387713e+01,2.857870009624593877e+01,2.909139457532364759e+01,2.776806553102420594e+01,2.756362232074195617e+01,2.886957441042852679e+01,2.730635665668916090e+01,2.863007764348600404e+01,2.817702197448738843e+01,2.689115525070104695e+01,2.818292894048425978e+01,2.779977539126701913e+01,3.001504741259202547e+01,2.869673293045497076e+01,2.981682352292983751e+01,3.012626248762308023e+01,3.004223345468432171e+01,3.133792911882943599e+01
2.752819881297085658e+01,2.758722420836056699e+01,2.803782434923436995e+01,2.827643239262522457e+01,2.898954063471938980e+01,2.792287207419013839e+01,2.858036595098610633e+01,2.749130415977015218e+01,2.803140165785424642e+01,2.789474194503100080e+01,2.833346275484427679e+01,2.780580615327005489e+01,2.845927577439493916e+01,2.742727135842778807e+01,2.837191807790202347e+01,2.731953285979500379e+01,2.802119485387089526e+01,2.766679392951954242e+01,2.917299563650283289e+01,2.987317458815010696e+01,3.001692843327350602e+01,2.964825484315070980e+01,3.122026757077105685e+01,3.112207059479248983e+01
2.791681554585801450e+01,2.762806077915075775e+01,2.796751181836043543e+01,2.747553676171060033e+01,2.779189288218219644e+01,2.751470302580366933e+01,2.886815330047653561e+01,2.745264996960798953e+01,2.817465854168051465e+01,2.732843356129018275e+01,2.702131626043944834e+01,2.782740740108698674e+01,2.778828105122948955e+01,2.768102891618718786e+01,2.800959288926895852e+01,2.773504014939163653e+01,2.812981591958578065e+01,2.945857709976883143e+01,3.060520812896959342e+01,3.016825384687825817e+01,3.212946873637372391e+01,3.128653715513200950e+01,3.154944191233857964e+01,3.080722319542280729e+01
2.830263505136969115e+01,2.864278051602826736e+01,2.837838181333279408e+01,2.782751397277735350e+01,2.763068853519462209e+01,2.768800174223036947e+01,2.720123323787385061e+01,2.762965620440667180e+01,2.714845229822958572e+01,2.884252437528613200e+01,2.814131859205923547e+01,2.766726819235572066e+01,2.743058071938565945e+01,2.840520896558501818e+01,2.798666014415209702e+01,2.803418503616035196e+01,2.741443697030365456e+01,2.857201835250066324e+01,3.029071510355112196e+01,3.090745057437248988e+01,3.102458178271893985e+01,3.336679562913076325e+01,3.278869024385465991e+01,3.291208365823308668e+01
2.885324479165171851e+01,2.880092293494953992e+01,2.820391480124521877e+01,2.750221950301852303e+01,2.783326081940248287e+01,2.816734191127500253e+01,2.773791795426291173e+01,2.845823154168351721e+01,2.752635798333921002e+01,2.821139099281401741e+01,2.702596180134628412e+01,2.829522064467880682e+01,2.805463989679032011e+01,2.833203359588412695e+01,2.849088586003318824e+01,2.803651316740609900e+01,2.823331921167294922e+01,2.907028302468245329e+01,3.099842567051183551e+01,3.127236434484694882e+01,3.117162875271100120e+01,3.225175648819896423e+01,3.295462850047016445e+01,3.274215587063923749e+01
2.850543354513735039e+01,2.782834909163068460e+01,2.732332950029888252e+01,2.763615812888082246e+01,2.838758167646886932e+01,2.719386019837014601e+01,2.779752405577806940e+01,2.786057794402972831e+01,2.736522220440502906e+01,2.742574246442671893e+01,2.840649625267610645e+01,2.686294007353973257e+01,2.674440289129574921e+01,2.751809730628696116e+01,2.766410118299040732e+01,2.707955940094791458e+01,2.742705671197717265e+01,2.818496070154770905e+01,3.065557084423517153e+01,3.122463810656944361e+01,3.102260471909505668e+01,3.280478287125043835e+01,3.427439800282360238e+01,3.391664846574383319e+01
2.905192305365051197e+01,2.816787892573694307e+01,2.854975567483768373e+01,2.868040837164090817e+01,2.851039623035865134e+01,2.845848078787935265e+01,2.803380513803028862e+01,2.755001634569447333e+01,2.816532990987587937e+01,2.848885556495218907e+01,2.641617467772414329e+01,2.777514724370900012e+01,2.873068103043578958e+01,2.701319909825241439e+01,2.765817571990379520e+01,2.856936029436178615e+01,2.968734707877456458e+01,2.957844794648940479e+01,3.194444248771890216e+01,3.121533619020186734e+01,3.132393734136900321e+01,3.185072990552879446e+01,3.395929399537732252e+01,3.327191053322451353e+01
2.837471600379564052e+01,2.869192324889507972e+01,2.958201138263711982e+01,2.777492524194184398e+01,2.792489127240219204e+01,2.798426025188155108e+01,2.855129744542989556e+01,2.837035306335593532e+01,2.803151649654125777e+01,2.789226884341974255e+01,2.787914928223909783e+01,2.684606012875269698e+01,2.757088041870900952e+01,2.884712264954436023e+01,2.853384068115110495e+01,2.880812096441985659e+01,2.831704684594888022e+01,2.942692552288917796e+01,3.186640034942826105e+01,3.271408428234735766e+01,3.268507222257903777e+01,3.210692563030960400e+01,3.392648024882856816e+01,3.332920972216112432e+01
