2.468014064533707597e+01,2.600868147443753742e+01,2.503314216363486366e+01,2.491149630689227479e+01,2.552074601760887163e+01,2.635576550026360110e+01,2.479438849888038021e+01,2.406879947095848138e+01,2.589041133473614309e+01,2.497583698987568823e+01,2.577105784858713378e+01,2.484860476686156971e+01,2.513515564048611850e+01,2.607441244739214881e+01,2.545333833553627301e+01,2.583215144454635492e+01,2.665340405578729133e+01,2.525377242092855568e+01,2.476436101322138938e+01,2.584139912685270701e+01,2.772670629504739281e+01,2.650617856250994464e+01,2.591304182610633688e+01,2.563014409536361882e+01
2.558262919272101499e+01,2.500957145383864599e+01,2.633486213949078092e+01,2.545152439229048014e+01,2.523390903529440266e+01,2.510923478497721817e+01,2.554574755247864459e+01,2.612465991459515635e+01,2.595598523756831355e+01,2.609302388229656344e+01,2.499589857444715335e+01,2.558136809025927505e+01,2.613069783099712140e+01,2.481365851538600964e+01,2.491047128133027400e+01,2.610178034192864516e+01,2.517748893169726898e+01,2.611696901151657357e+01,2.577084160746267116e+01,2.444331576713136656e+01,2.791092114137006774e+01,2.545342568545430595e+01,2.397411614350261289e+01,2.516452851332013552e+01
2.284065126759156783e+01,2.501671072219545522e+01,2.330412097155971196e+01,2.507584177607543552e+01,2.456839514747554176e+01,2.596546363492478804e+01,2.394571005379486905e+01,2.512856855641376796e+01,2.489607453366591017e+01,2.531249794677904674e+01,2.398496103923980627e+01,2.520076258027177118e+01,2.494435677484517555e+01,2.487313435751434554e+01,2.399188634149737709e+01,2.556767086475082351e+01,2.516703488379840792e+01,2.504595057527029667e+01,2.490043052685666680e+01,2.495141509523489276e+01,2.555900069680791376e+01,2.543704170364935635e+01,2.459690968266141908e+01,2.432922904761784366e+01
2.475976546205481554e+01,2.455380507402423973e+01,2.494986668168087363e+01,2.499833301516633810e+01,2.425451503000556386e+01,2.422760656699443871e+01,2.451597045055387980e+01,2.475154596045706512e+01,2.581678428009735171e+01,2.387316428763341492e+01,2.546299483887412407e+01,2.431349698582766905e+01,2.465867714215931983e+01,2.600463442176709350e+01,2.595611018320596486e+01,2.501439824534122636e+01,2.527332545614194714e+01,2.521156484835819356e+01,2.543943165727108635e+01,2.555588952043655127e+01,2.515095414795689521e+01,2.434622168178225365e+01,2.511697620002888698e+01,2.393510082590108823e+01
2.539623159913634254e+01,2.386936459711353109e+01,2.653161730761155468e+01,2.465511546269499377e+01,2.541498867640984827e+01,2.527936071194164924e+01,2.550383142835414674e+01,2.513815041474026657e+01,2.457048968110365195e+01,2.520753563248115370e+01,2.557395210251212347e+01,2.558808019787960575e+01,2.609681324665774582e+01,2.534593665759911119e+01,2.503932912760529916e+01,2.527038349529044581e+01,2.504930978994667612e+01,2.620496833156670391e+01,2.544177333487090209e+01,2.578782966594047821e+01,2.487840623193187639e+01,2.524913857883905166e+01,2.403651184861831780e+01,2.450887970155969242e+01
2.586619390121325068e+01,2.554454403097645354e+01,2.580741315569673588e+01,2.488022161543386801e+01,2.554652567078676384e+01,2.566032503786948382e+01,2.471580680157478582e+01,2.594337810192990901e+01,2.493607932901647928e+01,2.488313230249752905e+01,2.533043576054109280e+01,2.463168616000990596e+01,2.435087570274458812e+01,2.484513628098443405e+01,2.514988624368851333e+01,2.461789081492827336e+01,2.504275239666588959e+01,2.453257201308645108e+01,2.543663376031571488e+01,2.552395392780334760e+01,2.605183592679168214e+01,2.520976691623991428e+01,2.517584079141477105e+01,2.511441046109035824e+01
2.555189341739617248e+01,2.465880724667601953e+01,2.400871451851372740e+01,2.600423641427596522e+01,2.434037934303773909e+01,2.601408887563843564e+01,2.472397813618050577e+01,2.477634382374156985e+01,2.524850111261366692e+01,2.539866973894686453e+01,2.471576376679701070e+01,2.520161441785097622e+01,2.420341830100812786e+01,2.509586615280659316e+01,2.471114483099449899e+01,2.513251892377780905e+01,2.465627228697144346e+01,2.530818808452670510e+01,2.397637942796006882e+01,2.534283462980931745e+01,2.408536238696535747e+01,2.538026010727259063e+01,2.489066434216397283e+01,2.527567902370969932e+01
2.429958796739617810e+01,2.567622391238506907e+01,2.479226094721065010e+01,2.564927728354007286e+01,2.524698315789885328e+01,2.455299389234312457e+01,2.561909247024550496e+01,2.522814561500979380e+01,2.480254928700145456e+01,2.476699266051650739e+01,2.489396946218113271e+01,2.423986614432737952e+01,2.521795035488179337e+01,2.422133852674278387e+01,2.453261974236966125e+01,2.518976066048600160e+01,2.501256454203047497e+01,2.562745589714086236e+01,2.540702731442490858e+01,2.452038247314419550e+01,2.535051718380537977e+01,2.546510164092501327e+01,2.605336456128867439e+01,2.541168516348375306e+01
2.537084643503072812e+01,2.570215189751291973e+01,2.501538818699356170e+01,2.580592330412008550e+01,2.530674592993415217e+01,2.478452098885009036e+01,2.424938907176255043e+01,2.410945849407397645e+01,2.253882988872925353e+01,2.258465838152841343e+01,2.252215285968037506e+01,2.218268208601330116e+01,2.252230898567239592e+01,2.322368589073238354e+01,2.382102005253858579e+01,2.380246761750095175e+01,2.476942910120038732e+01,2.492017879503515587e+01,2.480597222036578842e+01,2.479130330910260227e+01,2.538831538335125515e+01,2.515858738369934144e+01,2.462985695465306435e+01,2.483792428969849198e+01
2.569138655381391345e+01,2.484466281450562519e+01,2.505749885850894998e+01,2.566245150810158293e+01,2.533591991654901676e+01,2.506510674874715505e+01,2.454672690730006934e+01,2.374498485498145328e+01,2.269989681818663030e+01,2.248529034891384981e+01,2.361930130736232059e+01,2.223039599656203791e+01,2.254071161610829677e+01,2.223873998855503942e+01,2.246690738567292556e+01,2.380256433361006430e+01,2.471947588951479702e+01,2.445587899591021142e+01,2.521163440540817646e+01,2.560043926402028092e+01,2.456910420916153726e+01,2.549403217193554383e+01,2.546540749269229309e+01,2.472791814756783424e+01
2.481932424209816190e+01,2.443544901674079028e+01,2.535309639509756607e+01,2.425050215983134194e+01,2.466122172273452406e+01,2.517614090047140962e+01,2.261848566079106604e+01,2.175461880589051589e+01,1.914539150343551910e+01,1.874821268906669047e+01,1.850286772879275077e+01,1.900294007341176439e+01,1.864454042345971629e+01,2.021580440501611520e+01,2.274145826820540606e+01,2.265860071086535754e+01,2.448980882203710507e+01,2.435822760247219776e+01,2.371520005469551506e+01,2.429573869871069292e+01,2.402900044151931525e+01,2.539296724548199791e+01,2.478640325990841120e+01,2.589632721396378656e+01
2.536778558595852928e+01,2.439289646910953024e+01,2.504279541573862389e+01,2.417951036353679228e+01,2.440254574331351023e+01,2.459672502800253824e+01,2.289180934047419669e+01,2.251856404486420615e+01,2.090275510496337574e+01,2.074495430891403203e+01,2.102070021049013349e+01,2.192077018285561962e+01,2.140802706070496697e+01,2.227415449910591860e+01,2.346369478169111744e+01,2.320707997463097172e+01,2.433128463500531780e+01,2.454386028260250896e+01,2.437694359148690637e+01,2.499745381378437514e+01,2.577322011476803709e+01,2.568961707650612425e+01,2.511580210720899231e+01,2.473978166576506510e+01
2.456192961735905556e+01,2.369758382490852000e+01,2.406730239294370222e+01,2.396093251599296536e+01,2.369845986992010012e+01,2.457154863407686207e+01,2.477088530939306565e+01,2.449934956408230846e+01,2.473420073246779793e+01,2.441177809995059533e+01,2.414323624226807397e+01,2.365254377379943662e+01,2.388439087303669339e+01,2.435893224436722448e+01,2.479785028864461083e+01,2.392512738338461986e+01,2.537572096632067087e+01,2.534456541153537046e+01,2.498198643123191687e+01,2.425753732550384711e+01,2.521541926536571054e+01,2.495733907139043595e+01,2.406959239509336612e+01,2.558161949454921569e+01
2.532373563659120919e+01,2.447952876155409285e+01,2.408233417244832708e+01,2.382038365794699075e+01,2.441324845176541203e+01,2.431604859989647593e+01,2.450014624447902634e+01,2.484518592147895788e+01,2.506877114264335660e+01,2.412249217733034357e+01,2.436931165229884755e+01,2.393485905222314614e+01,2.356344257673174525e+01,2.418744716134733608e+01,2.496046520732625140e+01,2.423116794962834319e+01,2.467560400624512340e+01,2.520561663674351394e+01,2.429741305150866992e+01,2.553405976150548895e+01,2.479701918921068682e+01,2.498027984001129198e+01,2.450063841076109838e+01,2.529265104221650518e+01
2.439981582060642040e+01,2.423684817889341048e+01,2.421487865482248480e+01,2.444049360351760924e+01,2.401192178136847133e+01,2.346536700174129919e+01,2.339061329162672109e+01,2.430142683563508399e+01,2.323375844530818313e+01,2.392453201902799265e+01,2.433566200793251255e+01,2.492573191233719854e+01,2.433566200793251255e+01,2.392458224786827259e+01,2.402417426807198808e+01,2.408758383774988943e+01,2.420163369641250029e+01,2.467950297086582623e+01,2.473757058500473249e+01,2.426226104197451150e+01,2.485783025699311111e+01,2.476204729730415011e+01,2.452151725197415999e+01,2.411203428553739059e+01
2.443673586175043511e+01,2.404831733105015701e+01,2.431943915870044748e+01,2.390559698217873574e+01,2.335263862768493937e+01,2.313435443840887729e+01,2.408253484525204158e+01,2.391631690459536230e+01,2.370574186631370139e+01,2.434366331170832609e+01,2.455284715825234798e+01,2.419040357073532732e+01,2.452268800444215913e+01,2.406905193960898259e+01,2.473827862196310434e+01,2.468930109438304044e+01,2.484440446037120864e+01,2.394188111289099652e+01,2.493973624755858509e+01,2.497087348695890796e+01,2.515947832806108408e+01,2.365273688902652793e+01,2.433432289914361490e+01,2.432542504550775675e+01
2.349141242322747303e+01,2.403100118282503672e+01,2.452938995940672839e+01,2.422276225284383600e+01,2.394617678040560804e+01,2.482888319624146334e+01,2.440458555004710206e+01,2.420059805802026176e+01,2.474612279817114313e+01,2.442227938292211320e+01,2.431040507376019377e+01,2.535608749612237034e+01,2.469165320615059045e+01,2.374158478583808574e+01,2.474264885669634850e+01,2.471734225047953259e+01,2.460890355373146576e+01,2.406051726392314549e+01,2.474983102832686654e+01,2.472537339746872931e+01,2.488884437443141451e+01,2.480195677610731764e+01,2.440237873657196133e+01,2.462985814652540739e+01
2.418079603900247321e+01,2.533860051335000207e+01,2.545016612371011888e+01,2.476645961214870795e+01,2.401273439144432587e+01,2.446215655431188907e+01,2.449342413831749354e+01,2.502035904611267370e+01,2.458276678082830813e+01,2.382706192786139354e+01,2.442917925998762030e+01,2.501704701296682742e+01,2.426680608100730296e+01,2.468965723517044353e+01,2.480262174011176057e+01,2.449011553434098687e+01,2.444998850528452294e+01,2.494897168471021587e+01,2.495142249182572414e+01,2.449778599950093394e+01,2.560463708766872060e+01,2.469706083752913628e+01,2.545515877711676467e+01,2.537723255615884455e+01
2.340788336901056255e+01,2.426255542941157728e+01,2.416095845813038068e+01,2.414790894416591982e+01,2.454663961779777992e+01,2.492998553171952381e+01,2.418362287814238698e+01,2.416889770728226949e+01,2.418860528104505647e+01,2.503032103334345493e+01,2.370447321165596577e+01,2.420556326594294205e+01,2.377156329583704064e+01,2.384822546098189378e+01,2.319044977395475371e+01,2.449964340236238058e+01,2.430969174206848038e+01,2.487655509570589629e+01,2.503040177166849389e+01,2.379969815534434474e+01,2.500861145585901113e+01,2.457447387166757835e+01,2.362211511709256229e+01,2.490341924843801280e+01
2.433768278801034057e+01,2.462160997590922307e+01,2.395101207434731805e+01,2.451335521639128956e+01,2.460541665168642567e+01,2.423464333562372985e+01,2.529480712801404252e+01,2.491910902512336179e+01,2.502643853704034882e+01,2.424306153066925162e+01,2.501545326552411552e+01,2.443833413503119800e+01,2.476215173872907371e+01,2.377533438507811070e+01,2.455429013753570189e+01,2.431262244497384017e+01,2.486692595540881712e+01,2.389695887089237658e+01,2.365736787990192624e+01,2.446895550798132035e+01,2.476855548450174638e+01,2.521236803194278764e+01,2.554198469759836598e+01,2.535465120362596281e+01
2.439651123051771719e+01,2.432765417687306808e+01,2.411277190118295266e+01,2.436045514620468566e+01,2.395226888342540406e+01,2.474804970796014914e+01,2.403270569818664626e+01,2.459253220735473633e+01,2.430604388460142218e+01,2.503809166428698063e+01,2.416115499602267391e+01,2.397791578795226997e+01,2.451235149223538201e+01,2.383890968905546970e+01,2.453878160796119801e+01,2.416589974352888248e+01,2.368200140888143324e+01,2.489938424791972693e+01,2.382146622490353138e+01,2.396776864163433629e+01,2.446608093837943443e+01,2.496600627263899241e+01,2.431355866637579766e+01,2.389612058399740135e+01
2.334389281971408536e+01,2.456957104701905337e+01,2.448584544236871352e+01,2.387316611261258004e+01,2.455051268822688826e+01,2.450501892688123462e+01,2.546829305172570912e+01,2.392200904069221679e+01,2.396646796948726887e+01,2.455398811670949044e+01,2.404559224935189832e+01,2.362430779380559898e+01,2.472753192125475152e+01,2.547568774315215023e+01,2.531607386233025636e+01,2.498799433432878914e+01,2.485039593679584868e+01,2.487613402302133636e+01,2.406632741616152771e+01,2.441408203869292493e+01,2.416513530466437487e+01,2.454634782322909814e+01,2.538059499970177058e+01,2.551191167074927080e+01
2.453947734389493007e+01,2.489330555376369603e+01,2.441125448292052624e+01,2.385360644183793966e+01,2.436028191589662129e+01,2.414157222369038891e+01,2.496582412376392313e+01,2.417647120093596413e+01,2.411337543086131063e+01,2.441591744267122976e+01,2.430007285139521400e+01,2.388715825226950074e+01,2.395779030027438239e+01,2.459627799063770226e+01,2.430146208123642282e+01,2.497646660582500999e+01,2.391741543440730311e+01,2.513259504089813845e+01,2.394833680540267551e+01,2.516581548227156873e+01,2.320254640859457140e+01,2.483950298817586599e+01,2.439630440223839969e+01,2.380517432810404443e+01
2.550166877581290237e+01,2.404857241167877646e+01,2.511632468435095689e+01,2.455073479163570482e+01,2.462333226204236780e+01,2.442863938565284343e+01,2.484151465111875723e+01,2.457505349413582962e+01,2.521830416129427022e+01,2.386101183793476821e+01,2.525507706831638188e+01,2.481040980889520142e+01,2.587290444607862128e+01,2.588295200362796322e+01,2.539421436180828096e+01,2.458391495743836686e+01,2.518649664382735409e+01,2.504923523020318044e+01,2.546058287371317874e+01,2.449735043985936045e+01,2.426784190276799791e+01,2.378714783538879374e+01,2.488635447677751245e+01,2.541998858738185163e+01
2.458742581413252992e+01,2.492889542689249538e+01,2.459190898796009606e+01,2.464079309357509828e+01,2.430567476350921652e+01,2.453369009529939149e+01,2.543451515578664157e+01,2.501984568809422171e+01,2.620851197223402096e+01,2.560383556550033290e+01,2.524859609639014479e+01,2.555807404613466360e+01,2.598128389802610627e+01,2.543952628174184838e+01,2.581578758643712490e+01,2.540132302073027404e+01,2.527875417541616798e+01,2.456858976018259000e+01,2.426766878605059219e+01,2.415431151375133823e+01,2.594794117356872221e+01,2.419956276989381649e+01,2.392285621182008981e+01,2.389860136594899132e+01
2.548384385233583771e+01,2.480854656489651688e+01,2.408743870497096395e+01,2.510573461961149633e+01,2.396130604307688827e+01,2.394001225587493309e+01,2.460038093421360372e+01,2.520176009693454944e+01,2.612407381217576585e+01,2.586320564535770927e+01,2.639439727661795132e+01,2.551405857774324204e+01,2.684617604785324829e+01,2.526932249882906945e+01,2.576241987977834924e+01,2.522989442636622925e+01,2.484219870132915275e+01,2.411471258806159312e+01,2.401464140143832537e+01,2.382870813277708066e+01,2.564251858196001876e+01,2.387870779792052645e+01,2.506249620342754270e+01,2.438142163115458061e+01
2.493654237932810247e+01,2.453904407384828801e+01,2.388901072112315660e+01,2.391687480597585136e+01,2.412964706737818688e+01,2.473733245454496910e+01,2.388437107979297025e+01,2.602911052036068895e+01,2.526756966324501263e+01,2.499965767702639141e+01,2.652928030601140108e+01,2.586504109478187274e+01,2.492602809387966545e+01,2.630713165309623491e+01,2.592260138516132884e+01,2.601513682212350886e+01,2.502971794569367603e+01,2.449189868124801706e+01,2.343802071367002782e+01,2.335376047591933002e+01,2.445887629207072678e+01,2.488948974540193149e+01,2.430251680174058038e+01,2.515977639464898630e+01
2.605830711047343584e+01,2.520364728502738672e+01,2.483025848570190419e+01,2.484760347628537147e+01,2.364662260726623799e+01,2.406711720767498264e+01,2.568513203901119368e+01,2.502457809147455237e+01,2.577198799958711106e+01,2.546947481151067905e+01,2.742039733644924127e+01,2.532331240044658216e+01,2.558651163099580117e+01,2.609935682977538818e+01,2.521104731728360093e+01,2.626029291721516756e+01,2.418987187947845996e+01,2.486576359896713484e+01,2.377604622115700295e+01,2.428547541163015921e+01,2.387177129822060806e+01,2.435112790730352117e+01,2.415129220904287877e+01,2.472827069557064306e+01
2.500375084484687704e+01,2.562901530793612892e+01,2.556566832178361892e+01,2.541067308966847804e+01,2.452451804834367977e+01,2.623784221465518840e+01,2.582622793462019217e+01,2.561891794742120965e+01,2.602791001673057281e+01,2.499596958333000885e+01,2.502028908640068039e+01,2.443668786082378119e+01,2.577330024248186646e+01,2.550988768400071649e+01,2.525876919255682651e+01,2.620699010392701211e+01,2.474163809298721617e+01,2.325341759684812359e+01,2.503415867467879252e+01,2.427050971454184491e+01,2.398819427736276566e+01,2.426515262125917616e+01,2.498036120593371834e+01,2.412972891692618305e+01
2.781770939712248492e+01,2.745907417303357079e+01,2.523349507774724998e+01,2.569030248080582624e+01,2.593239034053578962e+01,2.590846209267778022e+01,2.567183803214817317e+01,2.644739448404482118e+01,2.602917129146118214e+01,2.517501943437224554e+01,2.558161272568929689e+01,2.658444269619729994e+01,2.532175726255331938e+01,2.692431345793687569e+01,2.423945952930864678e+01,2.464825555854184813e+01,2.512633542893985350e+01,2.349578032327411847e+01,2.280955103141275231e+01,2.340923684027086438e+01,2.344117839031832773e+01,2.379054040174196416e+01,2.360811717250032871e+01,2.409344172347238100e+01
2.902120143492834359e+01,2.870906030910163054e+01,2.804591007403132608e+01,2.823893863717455588e+01,2.776033787828987442e+01,2.869893382954637673e+01,2.792533518397874559e+01,2.770456309388924865e+01,2.687105928189885162e+01,2.809219021813601103e+01,2.732569520541147767e+01,2.621491492060738437e+01,2.598090536714056498e+01,2.569035119405054957e+01,2.540704572177219234e+01,2.506050476318131359e+01,2.505472180085553191e+01,2.409912124549543933e+01,2.290041424774119605e+01,2.319111672662944557e+01,2.379400138632053086e+01,2.309202542344331732e+01,2.509231618313225454e+01,2.499336344628602546e+01
2.909556269412212259e+01,2.871273932360338677e+01,2.853096790612346467e+01,2.878954411807279712e+01,2.922783955636515429e+01,2.888848888545402360e+01,3.016825385745727317e+01,2.850938660737142527e+01,2.949499744753103414e+01,2.814051401475563807e+01,2.894880915775911490e+01,2.836566166308381298e+01,2.807390541674033102e+01,2.734761992521168850e+01,2.493161450359906439e+01,2.510168365642141453e+01,2.599139225717914314e+01,2.374123191145611145e+01,2.364373981096122179e+01,2.459479282377293430e+01,2.409499782041586968e+01,2.348577070238803799e+01,2.383444943778232528e+01,2.446983608668119814e+01
