2.425574829323647918e+01,2.576371775194871816e+01,2.465450143299051433e+01,2.468387538665433567e+01,2.491646773058027975e+01,2.441005626141503626e+01,2.470654716286179564e+01,2.410204802792810597e+01,2.627274071345715356e+01,2.638315248600940777e+01,2.523610134816789241e+01,2.510967560223099326e+01,2.437190780004112867e+01,2.610619729835343605e+01,2.469345465740275358e+01,2.495468215819931856e+01,2.496153898755017053e+01,2.574611660684848857e+01,2.444864834866916681e+01,2.703463074149800605e+01,2.787764509053761230e+01,2.653676793861234273e+01,2.530666880010500108e+01,2.540529405423177423e+01
2.533530060286648222e+01,2.570682786300733369e+01,2.585359870893665857e+01,2.433171310657678532e+01,2.526640693346826083e+01,2.526287414043866875e+01,2.369284979015202453e+01,2.442852107632904790e+01,2.460133613839269628e+01,2.510943221565588601e+01,2.436131011252706458e+01,2.463605291595763447e+01,2.594747438458290389e+01,2.409608329435531004e+01,2.625750418175067580e+01,2.625532682460226397e+01,2.543377872138222529e+01,2.560400495759967043e+01,2.490031600069795559e+01,2.482717789878677195e+01,2.701564971335557175e+01,2.748762021716123627e+01,2.499598426386700112e+01,2.458032054473022754e+01
2.487169134647331248e+01,2.633528026543979195e+01,2.472070871815390092e+01,2.535250609048682691e+01,2.472157737200581096e+01,2.622438600418973920e+01,2.499764054707287642e+01,2.538040693171387829e+01,2.461196218265388325e+01,2.641790265910157132e+01,2.520154915205665702e+01,2.586038689717599937e+01,2.404481552030858893e+01,2.635806880492924620e+01,2.435628925367342390e+01,2.559927179886028625e+01,2.532032292400373308e+01,2.656669886869173069e+01,2.483825832782247289e+01,2.584759247061936094e+01,2.593642877774829003e+01,2.704715090298799396e+01,2.475176121469212376e+01,2.555766871885629143e+01
2.633809070494038451e+01,2.496024356413175838e+01,2.642853116785028078e+01,2.515286877876496874e+01,2.498524186919490830e+01,2.506667319696504137e+01,2.565719204586497426e+01,2.534288065265184287e+01,2.584883342552870999e+01,2.424136112068691773e+01,2.590926651454475405e+01,2.488353896681036304e+01,2.591180882776399130e+01,2.495163680194986000e+01,2.598815509599552342e+01,2.578372255520520184e+01,2.530584027083511955e+01,2.639747242286273377e+01,2.568435101005906063e+01,2.592407680228484423e+01,2.605907156513023892e+01,2.539173910911569010e+01,2.743350664593293686e+01,2.502537392780868686e+01
2.627031136750349560e+01,2.509219420708791404e+01,2.511418193399731535e+01,2.578957311427154764e+01,2.599558794374235049e+01,2.594520271745147966e+01,2.444175575046693893e+01,2.477226829222195192e+01,2.432844718383330473e+01,2.426575919386709757e+01,2.494194176349895997e+01,2.581480661701948520e+01,2.528291287696663403e+01,2.479960383912612087e+01,2.461541343617932398e+01,2.453649800144432902e+01,2.500641263457288233e+01,2.565337122254578617e+01,2.599308640013163085e+01,2.521797798301287230e+01,2.461512048642435957e+01,2.569786193525203544e+01,2.506047015594361937e+01,2.541119486008159356e+01
2.518576508288066407e+01,2.546442847086672145e+01,2.583965960656536254e+01,2.547107977920842359e+01,2.494994201735698880e+01,2.457131311436683063e+01,2.557114803422626892e+01,2.549310620043826248e+01,2.457251665433386734e+01,2.562419960216845993e+01,2.574276482332038540e+01,2.421440026941843371e+01,2.457655318499314490e+01,2.518963178062716679e+01,2.499167583783116697e+01,2.496402498507671908e+01,2.642185705395019113e+01,2.585001920049285218e+01,2.586201576561444426e+01,2.488922623679360413e+01,2.467793453345461785e+01,2.576948840475819225e+01,2.434315409770027827e+01,2.570365665569073599e+01
2.500696434375095123e+01,2.628135987115950911e+01,2.568980922353318874e+01,2.582436729436199130e+01,2.407529844099411775e+01,2.624755070058682804e+01,2.624908871098824648e+01,2.577886219569046489e+01,2.635307651926706285e+01,2.618642056619552250e+01,2.505692230161935186e+01,2.523411165807561929e+01,2.435736640883897053e+01,2.531383601718607679e+01,2.449325808012338257e+01,2.571902015518645612e+01,2.442960962356039545e+01,2.609304596345259597e+01,2.566462477976864420e+01,2.633094166258314317e+01,2.600786033191167235e+01,2.541200236421428826e+01,2.546019002238881512e+01,2.530691537821377324e+01
2.614003119372057427e+01,2.538971462508482091e+01,2.547337781655170375e+01,2.516927913566848929e+01,2.628234499308007344e+01,2.569783339117947207e+01,2.545667777314776004e+01,2.595781665431763940e+01,2.426488853417566816e+01,2.473303986581368008e+01,2.455530337195773427e+01,2.457997961772650797e+01,2.506548840236627029e+01,2.381760724349072689e+01,2.530825800117486324e+01,2.515979291681549057e+01,2.616147052356302538e+01,2.466330726431243647e+01,2.505991486836103377e+01,2.638803477505643968e+01,2.596529581993121383e+01,2.600908751155321852e+01,2.608503399723372240e+01,2.556814064675927511e+01
2.552281728189984733e+01,2.573458261484995546e+01,2.577405664213478076e+01,2.603520513028252026e+01,2.642100951146704801e+01,2.596294740007192559e+01,2.553777454060985974e+01,2.470756774593667160e+01,2.362828131071194093e+01,2.336157131122894270e+01,2.231231164352192309e+01,2.276357741161137938e+01,2.339756870539650890e+01,2.217856393394589531e+01,2.306962259114243352e+01,2.419648144777130483e+01,2.580960004644316541e+01,2.583995366598639976e+01,2.495941823635899937e+01,2.500536266952258302e+01,2.516828713681843510e+01,2.481547739747946935e+01,2.537602994768843701e+01,2.566197736415335839e+01
2.464348946629132797e+01,2.541996842189428207e+01,2.448164402306218790e+01,2.561724840564903616e+01,2.441447844899983011e+01,2.521814048187223989e+01,2.439471299233429136e+01,2.389970988403803176e+01,2.273494991625182138e+01,2.245818801112864094e+01,2.256032143839996706e+01,2.311407623831354385e+01,2.293142306753105686e+01,2.275031956070671413e+01,2.285999602773199513e+01,2.413458381257584051e+01,2.492930366724226587e+01,2.443420038703976616e+01,2.596425127631056284e+01,2.575413806675646811e+01,2.534612632337365312e+01,2.564818237842422377e+01,2.588358345071583244e+01,2.488386804982451395e+01
2.433770164972293060e+01,2.550233322240336520e+01,2.610118882718927580e+01,2.526895193897888703e+01,2.442928605268957654e+01,2.539756790833064315e+01,2.404842213094877934e+01,2.197280293029234599e+01,1.911683101226083181e+01,2.065523112038067666e+01,1.940949285382555445e+01,1.977991207822350361e+01,1.917563087762084706e+01,2.079786324265893427e+01,2.360374561848288977e+01,2.392612828491257915e+01,2.464345826290690411e+01,2.545554153927491825e+01,2.440818590525077525e+01,2.575759214604170211e+01,2.529442606229383728e+01,2.487033156518572241e+01,2.570408690252611450e+01,2.630901586563282990e+01
2.519144292551214903e+01,2.556603909183633050e+01,2.467808095121318956e+01,2.452998719768805813e+01,2.538592017310918436e+01,2.418598402621825016e+01,2.385968207715575318e+01,2.267560199044078217e+01,2.112394118955029398e+01,2.145319787193329830e+01,2.123796603404002781e+01,2.207865885673476214e+01,2.268392294997022418e+01,2.260705775894064118e+01,2.455202294942978369e+01,2.388933339134581502e+01,2.471518467884129677e+01,2.504801259709205397e+01,2.673059441572121386e+01,2.533212082643285612e+01,2.598445026714171036e+01,2.494306911367863222e+01,2.533734014890194430e+01,2.584090258605181134e+01
2.370647639063128054e+01,2.353299551247852150e+01,2.383426800899252385e+01,2.475383159472761463e+01,2.515384561656117057e+01,2.460527888946984376e+01,2.527685089681443742e+01,2.418074696007067814e+01,2.453595410896610929e+01,2.427082978655431589e+01,2.499301754383157004e+01,2.472700735078166190e+01,2.471249038321519720e+01,2.455995586524278451e+01,2.444216408638766325e+01,2.446922398518211139e+01,2.484416276462002315e+01,2.486584468952946736e+01,2.496030907808079746e+01,2.429112149436588197e+01,2.608423935635431690e+01,2.462702484651902068e+01,2.569924125346602750e+01,2.524568626430703944e+01
2.515441896390632337e+01,2.302531254633248636e+01,2.430696022980851012e+01,2.378607564646051742e+01,2.351863432161809442e+01,2.428690553192859625e+01,2.453377909387700129e+01,2.446601688211211467e+01,2.475560038188109502e+01,2.410394689456097694e+01,2.370470185832300558e+01,2.547217538844984119e+01,2.410566073877862436e+01,2.550909132368224164e+01,2.499375055504975762e+01,2.455543110834639720e+01,2.556843213811146143e+01,2.484369591566297686e+01,2.485140199446294673e+01,2.517149741147994746e+01,2.465083068106457631e+01,2.602730202015999339e+01,2.490358001354394446e+01,2.526350418091391248e+01
2.434891982983486969e+01,2.447041791111189468e+01,2.532647322067327877e+01,2.390218585855711808e+01,2.453606920818856452e+01,2.496291696265086557e+01,2.444670691336125401e+01,2.539971141364117102e+01,2.461351031992438720e+01,2.395825549596651172e+01,2.414558590001524863e+01,2.461716319333157799e+01,2.517331780132838048e+01,2.464295281536959692e+01,2.469217222951323265e+01,2.514692259394956864e+01,2.539535054037446571e+01,2.523190053148567813e+01,2.453827659716813514e+01,2.517838914476908485e+01,2.537311200883840456e+01,2.515724108669974157e+01,2.486230899048297260e+01,2.582818183574954674e+01
2.508132062998839729e+01,2.440342190190239080e+01,2.473731191632970194e+01,2.425027917353241946e+01,2.486080636479010764e+01,2.456620890206158947e+01,2.411616794792712426e+01,2.424798545830839203e+01,2.373984639165422550e+01,2.484209922544943083e+01,2.475676027150183245e+01,2.451493477621534112e+01,2.438654731164746181e+01,2.456227834096688412e+01,2.443404997667840917e+01,2.517941560883309648e+01,2.487739492367217053e+01,2.580239872577800497e+01,2.479906609463381528e+01,2.512524091218500644e+01,2.572598235292355184e+01,2.560200633383777813e+01,2.604404204042907622e+01,2.578774895939210410e+01
2.444698448450844808e+01,2.386875259057029552e+01,2.525497752760099957e+01,2.575934613180191946e+01,2.517822027690812092e+01,2.343311512804632457e+01,2.473339620569839781e+01,2.388467831314335399e+01,2.489903721253563162e+01,2.394018174267432641e+01,2.446383534582093944e+01,2.454190149239900620e+01,2.383158868193606850e+01,2.394393476464227888e+01,2.489569829388210565e+01,2.424799454066533144e+01,2.424305189272087091e+01,2.513278177138857927e+01,2.507586199653650283e+01,2.406393850812878554e+01,2.574929905949022668e+01,2.447868052853334575e+01,2.419098158256610986e+01,2.502652441042886267e+01
2.461238965424257685e+01,2.491040050013970131e+01,2.509923161690227289e+01,2.472935876349401951e+01,2.386322774062568897e+01,2.407325928752771915e+01,2.452687801836066228e+01,2.379358708686112323e+01,2.392890015487574829e+01,2.483260075185404503e+01,2.429214429303857514e+01,2.517082192659660222e+01,2.497157019367631392e+01,2.450983753026008571e+01,2.433170835559343459e+01,2.497972222601316616e+01,2.431234065613443818e+01,2.459019759619724255e+01,2.359350434564225907e+01,2.447935762559205841e+01,2.439415711770072903e+01,2.359470068438650969e+01,2.457405752087049677e+01,2.461682870150093549e+01
2.417625773383667820e+01,2.449561023409773952e+01,2.450856319252324056e+01,2.475606132021658823e+01,2.358940293332233296e+01,2.496291696265086557e+01,2.415782457167495068e+01,2.526432830178038103e+01,2.557140466228202058e+01,2.418966796033492983e+01,2.526301837589244315e+01,2.476173202337827206e+01,2.358380750873317311e+01,2.490027536631060912e+01,2.437697278287396330e+01,2.453274751839109058e+01,2.481290674881660152e+01,2.508372967742479887e+01,2.413188963440978796e+01,2.576323044870940748e+01,2.498136704619281545e+01,2.551306020605130698e+01,2.564563167989149406e+01,2.567835554554750388e+01
2.498854021389371383e+01,2.437248376922508442e+01,2.417859306067674652e+01,2.523537280258420878e+01,2.482560464649668575e+01,2.475960499728392961e+01,2.407819410470455068e+01,2.542466148009054905e+01,2.435976745230476581e+01,2.491881023828750585e+01,2.434019473918340282e+01,2.512015934205180656e+01,2.548681192691736896e+01,2.514295859633602959e+01,2.561310352095370035e+01,2.481103775790063537e+01,2.489996598312865217e+01,2.492986253592084722e+01,2.440510749555983239e+01,2.480234713471105579e+01,2.498106420637145675e+01,2.482877724701370425e+01,2.557415234693291950e+01,2.588472449641182038e+01
2.577202199114378800e+01,2.355470534769330015e+01,2.368679115050747441e+01,2.439429249994492466e+01,2.429242611786992256e+01,2.441553810714623296e+01,2.454983363858156054e+01,2.444645007864141917e+01,2.480839789023571029e+01,2.438144720900208995e+01,2.431545149142124274e+01,2.470583235821061407e+01,2.380594432014339645e+01,2.472738709876733765e+01,2.469217222951323265e+01,2.385662519589260455e+01,2.471014470577398470e+01,2.527864110051245916e+01,2.571627748469262542e+01,2.504878001828609513e+01,2.516503416976723884e+01,2.427290102456868226e+01,2.521782089286489281e+01,2.468403339208066427e+01
2.400146154397748433e+01,2.452174239576248738e+01,2.432537560344599115e+01,2.478991493133281665e+01,2.458389460379953562e+01,2.484325836660946152e+01,2.478443413923469052e+01,2.461453784709698311e+01,2.453698678381351783e+01,2.453132383606339317e+01,2.546705180001458757e+01,2.499145485442636527e+01,2.458638576399300746e+01,2.476515477556461065e+01,2.500348073388420289e+01,2.531449324665157974e+01,2.522835620641524201e+01,2.434021279823247141e+01,2.463293238499875315e+01,2.474682317845258694e+01,2.474413004468004829e+01,2.379084784822998699e+01,2.427982154656189095e+01,2.510267692738193546e+01
2.511746703031849393e+01,2.616328776105746101e+01,2.575850183570196350e+01,2.487595842233588428e+01,2.393785681007221910e+01,2.436494102181546850e+01,2.511869107438099036e+01,2.513805241665517087e+01,2.481687690907961041e+01,2.517551018301696786e+01,2.463396020633871331e+01,2.535227611449153073e+01,2.535096317735821003e+01,2.533281825377423502e+01,2.516418902309419536e+01,2.500929502256184378e+01,2.515668399785209886e+01,2.570350872879771487e+01,2.502048098150220312e+01,2.464839465125896822e+01,2.467117079138188274e+01,2.561525758954854837e+01,2.455064089005941241e+01,2.499572587941861457e+01
2.596570816055998421e+01,2.526567191078703445e+01,2.575367312039156786e+01,2.550025766280509743e+01,2.562091418987000679e+01,2.496564959464268441e+01,2.580670994391914519e+01,2.435791526486940484e+01,2.614784079587150245e+01,2.616359679660365600e+01,2.635838173011512708e+01,2.620645266174682320e+01,2.662329873152066284e+01,2.496508328282857292e+01,2.648311508145326343e+01,2.562001715724699125e+01,2.521915089683130873e+01,2.502283683701000427e+01,2.383947470482917197e+01,2.465352181127235554e+01,2.561632128909138828e+01,2.564212944059175925e+01,2.452980473564946351e+01,2.538257950869734714e+01
2.667641044218015622e+01,2.517370863040929407e+01,2.515600355297073065e+01,2.487590143790595221e+01,2.522665141504938902e+01,2.607842469547028941e+01,2.689573105242806150e+01,2.617145321062230323e+01,2.708744548292349918e+01,2.690655044663668605e+01,2.738257115490659999e+01,2.702380473105728242e+01,2.719158183170799248e+01,2.740846182232792216e+01,2.772881636292470375e+01,2.649479055944698302e+01,2.649918041622078135e+01,2.442266789585607967e+01,2.423698986829731439e+01,2.306570031337253113e+01,2.479120118035808673e+01,2.517887741283806236e+01,2.487890425431243102e+01,2.453670123742875830e+01
2.551593375738303848e+01,2.474531246951721641e+01,2.433072092488981752e+01,2.586866880841768079e+01,2.497617071326124005e+01,2.467734178711145887e+01,2.576346936070314086e+01,2.702437522116741775e+01,2.670993028636877398e+01,2.693117943484645593e+01,2.732467940770965242e+01,2.781729378025522692e+01,2.741757505249148608e+01,2.741199388348394450e+01,2.686926147170265722e+01,2.734914822356989816e+01,2.560033234442454386e+01,2.518106444900371343e+01,2.461055185122449984e+01,2.360832144339462957e+01,2.491256935341442613e+01,2.461466855999930203e+01,2.450135242511061051e+01,2.413975204787578832e+01
2.670790306795430524e+01,2.638441496743837433e+01,2.513541422148136917e+01,2.545085509353293673e+01,2.490231443689879143e+01,2.497284337839010959e+01,2.642017775220909925e+01,2.664355943234596680e+01,2.734891546759070025e+01,2.809248203737388394e+01,2.797854729467047719e+01,2.793577130047327728e+01,2.767590561287511264e+01,2.762706028030822836e+01,2.810228380596032594e+01,2.697125916742788831e+01,2.687569491560282131e+01,2.547594419691216672e+01,2.419077632804584255e+01,2.478168225034102079e+01,2.542021374164835379e+01,2.512462162854933467e+01,2.487416594026603889e+01,2.498242713575973539e+01
2.727410165961794064e+01,2.605670449025018343e+01,2.640265386163753192e+01,2.629975219877366044e+01,2.535345218114383670e+01,2.463390000482462483e+01,2.651162024655087635e+01,2.733169983752293319e+01,2.619026321790619249e+01,2.733853419345672364e+01,2.726297770911611451e+01,2.754247948487284248e+01,2.768898259666451622e+01,2.792964688310797783e+01,2.788059365584177840e+01,2.753773555167390441e+01,2.671264375492830823e+01,2.502176882152355120e+01,2.580594422768751883e+01,2.504187236811389994e+01,2.472952840539142016e+01,2.471501077464756690e+01,2.440081145029392928e+01,2.553428120993953598e+01
2.638925674482214845e+01,2.614119634163273531e+01,2.662619104568938155e+01,2.678110781543716712e+01,2.616931814889500174e+01,2.606175974127705786e+01,2.783402318282344368e+01,2.748584529897198081e+01,2.776061826199145344e+01,2.778335112979812038e+01,2.865128138761906484e+01,2.775678772018636664e+01,2.783761693943284854e+01,2.688274281085125494e+01,2.640219467654276286e+01,2.741493829575597374e+01,2.703533580149593263e+01,2.487049499644649586e+01,2.458165812396987349e+01,2.450785146300370343e+01,2.371948027497438716e+01,2.451059370331830678e+01,2.491486525432588905e+01,2.371874169975114910e+01
2.833416121913865027e+01,2.761140738746246370e+01,2.642459718552964887e+01,2.652352424318002022e+01,2.618434311277394499e+01,2.627849083294825050e+01,2.714936357559611224e+01,2.821468306122159220e+01,2.725218349879440893e+01,2.690769253949662243e+01,2.719149256848817231e+01,2.771135448928191636e+01,2.594203488545343816e+01,2.746008053160238660e+01,2.586261292863497374e+01,2.638231414074897430e+01,2.615845239904211894e+01,2.567040285558107371e+01,2.347191866770180013e+01,2.460695221949873712e+01,2.369095732421135381e+01,2.416458228484054871e+01,2.296367408875084948e+01,2.447555597640661063e+01
2.995952466624646604e+01,2.976787423848958269e+01,2.892852694592295393e+01,2.993645748491223912e+01,2.906321894982073673e+01,2.917918469379344515e+01,2.894985003604244866e+01,2.967491867450297605e+01,2.873856562817837812e+01,2.980440613080776302e+01,2.912757372420611546e+01,2.853061514521340314e+01,2.881828052884480940e+01,2.779088072440276846e+01,2.662432378849103998e+01,2.616078698701443273e+01,2.607612707159557885e+01,2.500330825253683997e+01,2.440146029914774317e+01,2.523552128534981875e+01,2.487793596233024118e+01,2.523263279738858955e+01,2.378427531337405298e+01,2.526878267807302336e+01
3.125653446745258179e+01,2.990878811329872633e+01,3.052431468276000714e+01,2.989640278964293429e+01,3.018084572803866195e+01,2.949337402383690687e+01,2.997677663905358258e+01,3.017872096693457706e+01,3.058290020196284331e+01,2.935354849091686447e+01,2.897788722851845478e+01,2.977010317611728851e+01,2.913526386893670406e+01,2.812321054902372452e+01,2.690423957437542413e+01,2.781285479142809436e+01,2.558976351447137176e+01,2.607524901828179509e+01,2.504687053060979451e+01,2.565905681463107157e+01,2.412732699131987602e+01,2.435864558723574191e+01,2.584870064126181433e+01,2.561812452430262965e+01
