2.714578222332227142e+01,2.620740922241611770e+01,2.760667116972638269e+01,2.539189232924343287e+01,2.599114029021893657e+01,2.658651146840344381e+01,2.765196041846587605e+01,2.691694401790437041e+01,2.704770979940838060e+01,2.637170418605995792e+01,2.647170886941444223e+01,2.691222585533841993e+01,2.628823403923877322e+01,2.677517363667340078e+01,2.615361213279180674e+01,2.563044950033156510e+01,2.871071903346853560e+01,2.755899045938690506e+01,2.756239168139723006e+01,2.724975947248009334e+01,2.959874530193957298e+01,2.794126360485336136e+01,2.863464417715471200e+01,2.763157373696105878e+01
2.521807869523024692e+01,2.789807891436385034e+01,2.680582789757960427e+01,2.667477754467518025e+01,2.595440308175733435e+01,2.678983796570605591e+01,2.555116030366303903e+01,2.727516686910070121e+01,2.711531299591950983e+01,2.723798430146166538e+01,2.569111531887807587e+01,2.670532746780060052e+01,2.660401186984415745e+01,2.657570089607457930e+01,2.538725300809522878e+01,2.635414047661566883e+01,2.632132180601087157e+01,2.812410276136967013e+01,2.646986642399383527e+01,2.672177573680471596e+01,2.791946932768786382e+01,2.780294009719125370e+01,2.666249237640266756e+01,2.710781132115465653e+01
2.728972308844424788e+01,2.600268253856938827e+01,2.528785097432364637e+01,2.456337980148850875e+01,2.550696271720067898e+01,2.574884565850254603e+01,2.598280305098984400e+01,2.560173956690232444e+01,2.623331597788597946e+01,2.706922674679248075e+01,2.677978628636861913e+01,2.650791433640819150e+01,2.541644714409136441e+01,2.555546953673211874e+01,2.509333908486809150e+01,2.562678681159746930e+01,2.796167058445109888e+01,2.700563395284979151e+01,2.813924409074894584e+01,2.650323782390643146e+01,2.736565065273634900e+01,2.523255179376081969e+01,2.554317898067739634e+01,2.529152253436990350e+01
2.677537548579283566e+01,2.677360723491511862e+01,2.542192115410324504e+01,2.688199459101133471e+01,2.634608261210451019e+01,2.606196889101528313e+01,2.653430266076867383e+01,2.674322771500868612e+01,2.565225552825512523e+01,2.665966448152380508e+01,2.572880037811899001e+01,2.561430900177538206e+01,2.410873963419749089e+01,2.547105124123999076e+01,2.436341870936126952e+01,2.548618603162964291e+01,2.759613020433852171e+01,2.954693418854765241e+01,2.696980730804915538e+01,2.666572152177741373e+01,2.584460406748019068e+01,2.637029052258714046e+01,2.673783499023738841e+01,2.534269095836691577e+01
2.658548546834998660e+01,2.482501377176072310e+01,2.632902697394928282e+01,2.796642594662705505e+01,2.609827834448242356e+01,2.638560438189165325e+01,2.757168232064913127e+01,2.660147842322834322e+01,2.699315967695537211e+01,2.587582598188686234e+01,2.662874122753936490e+01,2.645092460246553401e+01,2.598867809699237341e+01,2.639788426914708452e+01,2.740637473447338834e+01,2.819781121704494353e+01,3.011840304089554365e+01,3.029787494109194768e+01,2.769223155738154674e+01,2.863518231474358799e+01,2.862804108966491867e+01,2.820000647785133197e+01,2.730553808043902109e+01,2.607773997117277531e+01
2.680955398979762094e+01,2.716862370620430056e+01,2.650037807648249100e+01,2.665477127539986668e+01,2.560068589181622656e+01,2.633353664774148228e+01,2.539593794853016107e+01,2.601202040004130822e+01,2.600102843594157775e+01,2.671852225358748001e+01,2.637045232521342086e+01,2.716838877697034604e+01,2.578091741892427535e+01,2.831720238475793394e+01,2.919118955107694546e+01,2.995471758830092313e+01,3.042633177358828789e+01,3.032027759250149757e+01,2.900727753540581944e+01,2.928855174542349005e+01,2.985992465410998875e+01,2.965854487555515107e+01,2.693519049807230203e+01,2.773000816294040760e+01
2.555651146186067990e+01,2.581312546442006806e+01,2.622278873315593728e+01,2.668243893795073518e+01,2.646746239753679220e+01,2.607779936428829615e+01,2.656586951533876118e+01,2.563812106315174333e+01,2.723780875536112944e+01,2.587059420242604801e+01,2.556386778753420685e+01,2.473886484367920957e+01,2.764414932518729984e+01,2.849312404605160509e+01,3.112839550850372916e+01,3.153978521277184655e+01,2.903962963853427937e+01,2.596913256210962118e+01,2.972116498538161977e+01,3.105556832951623392e+01,3.164360460648515527e+01,3.029186878328766852e+01,2.803272639842128910e+01,2.699917156025077247e+01
2.612898011600412929e+01,2.636248085864201585e+01,2.504803193009672668e+01,2.695397331738394087e+01,2.571541725828438985e+01,2.699573473630647413e+01,2.550476664023238982e+01,2.608382297084756374e+01,2.508510842945133845e+01,2.598837980129832204e+01,2.518265092667877525e+01,2.508358989317400756e+01,2.513345386987788288e+01,2.635280097288722345e+01,3.009036598041024035e+01,2.997990839254833872e+01,2.660021115728693530e+01,2.701970559198730371e+01,2.756875212999619862e+01,3.077628914378612990e+01,3.131651625969476527e+01,3.106708784863832307e+01,2.753725267951591604e+01,2.771538170378346422e+01
2.540750433995719959e+01,2.638560438189165325e+01,2.689342207071246094e+01,2.686877089216955028e+01,2.616381711999275694e+01,2.602488527248198125e+01,2.679262433561933676e+01,2.552539821922181318e+01,2.450526323210425517e+01,2.380873457867460274e+01,2.390873142463965451e+01,2.500627576237303629e+01,2.549436175233699942e+01,2.600430363577464732e+01,2.784194446988271920e+01,2.834378112020198159e+01,2.612827520164017869e+01,2.592998302458795479e+01,2.813332399949371165e+01,3.056437728902193385e+01,3.270621192041386394e+01,3.093335239415273463e+01,2.783576632343846313e+01,2.708909103334190149e+01
2.594872716442881710e+01,2.698961358902460006e+01,2.633349909689559354e+01,2.672045943741898100e+01,2.637595534339698133e+01,2.572226860168842677e+01,2.539089196716730612e+01,2.531665667094409855e+01,2.317995137596329869e+01,2.369690178928203750e+01,2.355256901027951244e+01,2.433384266829727949e+01,2.425777264263552979e+01,2.689274450375341985e+01,2.732908332183041011e+01,2.825894366813793113e+01,2.642046630431639187e+01,2.667811079244870598e+01,2.782713375074615669e+01,2.942882554737462897e+01,3.137470850905094721e+01,3.191661656011154946e+01,2.935628830333888573e+01,2.789490926066838483e+01
2.465608682878354330e+01,2.593932999047052590e+01,2.621985618512252358e+01,2.570873316617337423e+01,2.589992985015516069e+01,2.545715491719386137e+01,2.490905515146192784e+01,2.241935917147651480e+01,2.056722571863082294e+01,1.942773352359802175e+01,2.010575061007233444e+01,1.930850757976611476e+01,2.365972544899096874e+01,2.637192348912986972e+01,2.857186690306735954e+01,2.831631822736102322e+01,2.810893511772889042e+01,2.729551628628684057e+01,2.685240304829858360e+01,2.812803722792187955e+01,3.204456186082256863e+01,3.089902202071834836e+01,2.753175903432133964e+01,2.694279064142557445e+01
2.583844703899592332e+01,2.588183226748634524e+01,2.570946827053518291e+01,2.543279478732546295e+01,2.525600801750164237e+01,2.600435610466581693e+01,2.448601798764093473e+01,2.410587235750313084e+01,2.175514217474574252e+01,2.232125659161368958e+01,2.204514642403347580e+01,2.204399797440828479e+01,2.452436140168350676e+01,2.755454218529246191e+01,2.859707320699845923e+01,2.882629061787866931e+01,2.808423283657140246e+01,2.879559625773305243e+01,2.978029907413394994e+01,2.917528581703368218e+01,3.097008329813024829e+01,3.038412142186945175e+01,2.764724609404737521e+01,2.634607877727336245e+01
2.523328753904974064e+01,2.417634267162986816e+01,2.530789850599865076e+01,2.538443161027328188e+01,2.547232581067373758e+01,2.595884028326423731e+01,2.594711811160931347e+01,2.567725596066384242e+01,2.590573396099216552e+01,2.575798812902922919e+01,2.548624099727874182e+01,2.568594474900561409e+01,2.620073518884947816e+01,2.731391062576227569e+01,2.909027541464399746e+01,2.857533324845201150e+01,2.787502424623681918e+01,2.883515296562273988e+01,2.888779725343692917e+01,2.904087206034205337e+01,3.145165148123766130e+01,2.829295772846353429e+01,2.656453906653712238e+01,2.606055299609209897e+01
2.619883446443810726e+01,2.594231380969256406e+01,2.493918198608997727e+01,2.579154932615477946e+01,2.470383461204255582e+01,2.460472779098859064e+01,2.569184857835762159e+01,2.619976437138058145e+01,2.467564402733086126e+01,2.528190624159356048e+01,2.519116819602589885e+01,2.527473496733063030e+01,2.638573730346712409e+01,2.698022996554766451e+01,2.744423276606704576e+01,2.885617444615678551e+01,2.904175243521484617e+01,2.838477545066911034e+01,2.869303757156541224e+01,3.103223866081032156e+01,3.187118209351086762e+01,2.722785486296209001e+01,2.771452094258154375e+01,2.740461834666655250e+01
2.568270302441737840e+01,2.510912416183026608e+01,2.545208688941977471e+01,2.453266538242144179e+01,2.504071448342449457e+01,2.522146617547184633e+01,2.422637710203264305e+01,2.495399209728810774e+01,2.527978119529859669e+01,2.440036855876746813e+01,2.480972475134905153e+01,2.522848060510273172e+01,2.515192983873208732e+01,2.576274683789080200e+01,2.804272932555164743e+01,2.958840495520882996e+01,3.125721510502677347e+01,3.105522694052848465e+01,3.399322345507897580e+01,3.258957025353430481e+01,3.250123039006302861e+01,2.898032135865747705e+01,2.573828910634614431e+01,2.590145121980538079e+01
2.552034405661669325e+01,2.670430286822863764e+01,2.536821634950149473e+01,2.588813820997609128e+01,2.493395875786586657e+01,2.560557381246877640e+01,2.509032039217476040e+01,2.596804510215611117e+01,2.539943503275890180e+01,2.533247454908797636e+01,2.485505777673620287e+01,2.483416771227041409e+01,2.533543029345798914e+01,2.471262946236777225e+01,2.605017675353064988e+01,3.135373033568947676e+01,3.242919992264961593e+01,3.283844784560710650e+01,3.358398960486061924e+01,3.312775788198473492e+01,3.186100353683923458e+01,3.010080037172639322e+01,2.611427818270351509e+01,2.684347786362286570e+01
2.536314398997933495e+01,2.548491418181390600e+01,2.519384301344979349e+01,2.601446444129317115e+01,2.514031300068944574e+01,2.583367405821445573e+01,2.644522666132513677e+01,2.571791748589657800e+01,2.624683128625684958e+01,2.626147073072309013e+01,2.648545371282102678e+01,2.667032890249032562e+01,2.633382529723093057e+01,2.588655343269573450e+01,2.915580917799286453e+01,3.135959515531681063e+01,3.339164864139752353e+01,3.337087208333753097e+01,3.240884869977975313e+01,3.255305502935175355e+01,3.255649285640618018e+01,3.232697109001014724e+01,2.846029245244488948e+01,2.727111549971010618e+01
2.465720898485926682e+01,2.561410349658268615e+01,2.534784729560334426e+01,2.542673843783177290e+01,2.612255344734319351e+01,2.529319518828702940e+01,2.565930196957469889e+01,2.549264974711820742e+01,2.692409932325671207e+01,2.864789284760109922e+01,2.792605812969003409e+01,2.913838847929770282e+01,2.772328626180558331e+01,2.892913390062284407e+01,2.938517674209225561e+01,3.209828494126810483e+01,3.299453320265700995e+01,3.283324015044530597e+01,3.211299765527985528e+01,3.281970555202320838e+01,3.224588647152052090e+01,3.241727520608367286e+01,2.914839185771245411e+01,2.801110613619442802e+01
2.449493999006006106e+01,2.513375990738541077e+01,2.579233623241640316e+01,2.462070749019630966e+01,2.611581456310221938e+01,2.540294259848917591e+01,2.643590157079023584e+01,2.710067239996612898e+01,2.949319760207646368e+01,2.992683986835561427e+01,3.135090948209807493e+01,2.995361324265769554e+01,2.924860317996018466e+01,3.060606395067844687e+01,2.987017910319252678e+01,2.864699176693130767e+01,2.906816932107034290e+01,2.911729613378309978e+01,3.027998656857982951e+01,2.843580485835906302e+01,3.075382545605100404e+01,2.932450087140114192e+01,2.996048900720319352e+01,2.849784702718056906e+01
2.542785867456393589e+01,2.589691958723329890e+01,2.520047773941394098e+01,2.460721009943603121e+01,2.545121726531630202e+01,2.617999101021581509e+01,2.699800041567743847e+01,2.851282134258900669e+01,2.858788144539141740e+01,3.014394481093182776e+01,3.030972031969326963e+01,3.189909196982972617e+01,3.047346647719331258e+01,2.967914819518671266e+01,3.021630866167413387e+01,2.932143979442844284e+01,2.860268231672034744e+01,2.885194967893448847e+01,2.885556763245716638e+01,2.980083495591804876e+01,2.981041415710279807e+01,2.972817294300301683e+01,2.969735303058268983e+01,3.076907658219482755e+01
2.466540053489910633e+01,2.639903701462884555e+01,2.535494192151185189e+01,2.578343722054381715e+01,2.736365466559897186e+01,2.649435472082444676e+01,2.982669029888802470e+01,2.929044087477825542e+01,3.005861523810830249e+01,2.889350444246815641e+01,3.008898607041345485e+01,3.053490956293171621e+01,2.967440788954394293e+01,3.047480066590424030e+01,3.018038076956759141e+01,2.998346583689306044e+01,3.078369489080716903e+01,3.011411644343269245e+01,3.042929598018298520e+01,2.957603097953659699e+01,3.043448381654559398e+01,3.055810510281423831e+01,3.046035880133393903e+01,2.918284402536295374e+01
2.506372950221111751e+01,2.443376895072987054e+01,2.573141658011286381e+01,2.623836468377015763e+01,2.740936420565287790e+01,2.858885457615099313e+01,2.910455566720952447e+01,2.913388288342173382e+01,2.985387965792864406e+01,2.885012668703961936e+01,2.962613272006973375e+01,3.067736585129148352e+01,3.047263358487083451e+01,3.065763990754254564e+01,3.017804563933418649e+01,2.985177733484329110e+01,2.988058716317044627e+01,3.005744765556039511e+01,3.008635904671541539e+01,2.974565106825178873e+01,2.944666333979125739e+01,3.015187453534093720e+01,2.972506168777363200e+01,3.058033352952514861e+01
2.564635571205747056e+01,2.557357168665089375e+01,2.607549960062493710e+01,2.629435174067509706e+01,2.841020002952177492e+01,2.852889568552808441e+01,2.946082176062566305e+01,2.902734827628427183e+01,2.855061723892202963e+01,2.776113351053845690e+01,2.884074410206380890e+01,2.876639514028704525e+01,2.913097728356478910e+01,2.802327673504362338e+01,2.844290744377849478e+01,2.909023278669263846e+01,2.970617625797314076e+01,2.844304080215465547e+01,2.963530496495570787e+01,2.923070094950924158e+01,2.954952678698185764e+01,2.951468967221768480e+01,2.901599737682579416e+01,2.827758413761364409e+01
2.575899924330917656e+01,2.684182376387940394e+01,2.699134364330438984e+01,2.951170652809724970e+01,2.908354772071112393e+01,2.884554300161227047e+01,2.989044514991468304e+01,2.940835737396560035e+01,2.870524386693199403e+01,2.910375214769993590e+01,3.011272929275622801e+01,2.930696976655718800e+01,2.970778023545631186e+01,2.950571505498999159e+01,2.882806089963713703e+01,2.802183314013217341e+01,2.903736457278438365e+01,2.907039687560245511e+01,2.916055939541485031e+01,2.927443785735226811e+01,2.972262633492613304e+01,3.035765276614733921e+01,2.879486385884626998e+01,2.856642067516543193e+01
2.826368859124636401e+01,2.750009566591307930e+01,3.182815576837663230e+01,3.023070234886046137e+01,3.040052564010466085e+01,3.074265990052072084e+01,3.032545799893159710e+01,2.989344591033966481e+01,2.866619805672098664e+01,2.859846924197330509e+01,2.946960243017707626e+01,2.939903761469861365e+01,2.890402030717109483e+01,2.888890712380833747e+01,2.891579540733039266e+01,2.884987539097147646e+01,2.891965494976659556e+01,2.874501237666720499e+01,2.980708133049245134e+01,2.918067355161781506e+01,2.935252627772445067e+01,2.968536574647674797e+01,2.911278021046439335e+01,2.853873301568165743e+01
3.071255847011644846e+01,3.056797014045321248e+01,3.067741071170036093e+01,3.189466178388317985e+01,3.093016820187165195e+01,3.045776457305680651e+01,2.933774072670109945e+01,2.952407647489820874e+01,2.878878240635879138e+01,2.941012703910786286e+01,3.006001466782140596e+01,2.989027724530984642e+01,2.963060357857500549e+01,2.932647518929974240e+01,2.942207162967935119e+01,2.854527462323341069e+01,2.853761167673678756e+01,2.941288419370118845e+01,2.908330259450889343e+01,2.943891216931501731e+01,2.910866988316803372e+01,2.908475133006709257e+01,2.787487947463262117e+01,2.894682215028979044e+01
3.173440893952624720e+01,3.186322329609089365e+01,3.157283034433368130e+01,3.288687031239823000e+01,3.062895750058561362e+01,3.073914651358654737e+01,3.040160296297835885e+01,2.937587083391673559e+01,2.974675803191257728e+01,2.983645733837329317e+01,2.993989756960496607e+01,2.818686130088974551e+01,2.908560468566827240e+01,2.842688903511282206e+01,2.878389069628133257e+01,2.923237124195895831e+01,2.904127674999318742e+01,2.963293790001148409e+01,2.916956346626483310e+01,2.910660628619979207e+01,2.948625385906410656e+01,2.895587602129535298e+01,2.927042400267544053e+01,2.831853016372542697e+01
3.299063238223266126e+01,3.113417278420530465e+01,3.257424998973397123e+01,3.206047619389761394e+01,3.085465884444192852e+01,3.093114285752551496e+01,2.987355064874913069e+01,2.975592763893251913e+01,3.022521578129345698e+01,3.155103719384749184e+01,3.048470457879665219e+01,3.079119312524062479e+01,3.015319800058216515e+01,2.953122058283167917e+01,2.868754751850229923e+01,2.878118122821240377e+01,2.902471766756514171e+01,2.948760217431004094e+01,2.839705277460666366e+01,2.849961258016890042e+01,2.800491181206422198e+01,2.947743848946481648e+01,2.949894285682330519e+01,2.986459296522173190e+01
3.196137892822770254e+01,3.307953226921608803e+01,3.244648126781282826e+01,3.198386105034734328e+01,3.022585586540418490e+01,2.856038217049484729e+01,2.855914829024419532e+01,2.972601927750616824e+01,2.924749477077807569e+01,2.995363833358010197e+01,3.085030283337130186e+01,3.008037696215149026e+01,3.021796361892813820e+01,2.995063992206445391e+01,3.097028742940830170e+01,2.959218961960186789e+01,2.907133825830476326e+01,2.859923900907580219e+01,2.848956694033330450e+01,2.855763498664782674e+01,2.943041588111861984e+01,2.911406576879574004e+01,2.974933610046497279e+01,2.915704045085851703e+01
3.234871670004383759e+01,3.189760339670965550e+01,3.247195399541988081e+01,3.103924362057870212e+01,3.093005541542959236e+01,3.103470360856141497e+01,2.961552248809408638e+01,2.972268002828405997e+01,2.906027723119541406e+01,3.030957738668803358e+01,3.033311130655266652e+01,3.070578670250341702e+01,2.946017513154271228e+01,2.985804092437007284e+01,2.979278152472403463e+01,3.016515459140828170e+01,2.876360441257168077e+01,2.952284558315704999e+01,2.840866012012565989e+01,2.878425032216085810e+01,2.877817465922657902e+01,2.955216088974111699e+01,2.999616225613704046e+01,2.960703513928729080e+01
3.286086499723410270e+01,3.247886460601006320e+01,3.188594725774913741e+01,3.130838130569583200e+01,3.186961310832873551e+01,3.117485290694571631e+01,2.948181153654900299e+01,2.989609584943133314e+01,3.178475076203898197e+01,3.127505996786584319e+01,3.025781380693098299e+01,3.059604375278979660e+01,3.055210438066677625e+01,2.944957622762825622e+01,2.965780305200513567e+01,2.994539928845568966e+01,2.979247163018686706e+01,2.822702885577848519e+01,2.865181182953017469e+01,2.677991185464532009e+01,2.837909627709410643e+01,2.954350824646661522e+01,3.075807461729289116e+01,2.954569189585748745e+01
3.221593119697996599e+01,3.253095179241847745e+01,3.288142458310272787e+01,3.209211710302298570e+01,3.130187641942961818e+01,3.204585376658479845e+01,3.084860765035386976e+01,3.113332392284564776e+01,3.143554518472581094e+01,3.050801617862668991e+01,3.025162229333756159e+01,3.254401313012704122e+01,2.957047275208140036e+01,3.007878419168014261e+01,3.029017462953714812e+01,2.958996180173943458e+01,2.796286719461153325e+01,2.915386494951968643e+01,2.927765443311250237e+01,2.864825660232185101e+01,2.942590758622202429e+01,2.931011994525567843e+01,3.038314895495398105e+01,3.097662460100258386e+01
